0.06452	0.04189	0.02703
0.38333	0.31777	0.27736
0.05797	0.02293	0.02273
0.28571	0.18648	0.16526
0.10526	0.05159	0.0498
0.10959	0.06674	0.0466
0.1978	0.1404	0.10157
0.0597	0.03515	0.02007
0.02857	0.01706	0.0
0.0495	0.02748	0.02515
0.0	0.0	0.0
0.16418	0.10016	0.08893
0.1125	0.07864	0.08738
0.2	0.121	0.09411
0.07339	0.04204	0.03226
0.12069	0.07343	0.0768
0.08065	0.04502	0.02703
0.07407	0.04093	0.03866
0.04274	0.02385	0.03343
0.0678	0.00986	0.00539
0.0	0.0	0.0
0.07447	0.05234	0.06069
0.18868	0.17742	0.11135
0.01351	0.00327	0.0
0.21429	0.14248	0.13757
0.02326	0.00948	0.0
0.07692	0.05583	0.05725
0.18644	0.11922	0.11197
0.2931	0.19691	0.13341
0.10989	0.04876	0.03646
0.43836	0.27179	0.32325
0.10112	0.05546	0.05228
0.0303	0.01882	0.0
0.25234	0.16779	0.17813
0.05263	0.03553	0.01266
0.43548	0.25215	0.2089
0.1791	0.14036	0.12862
0.14851	0.07587	0.04868
0.14103	0.09563	0.069
0.11667	0.0664	0.07429
0.01471	0.00285	0.0
0.10588	0.05239	0.05523
0.21519	0.18335	0.1585
0.26984	0.17748	0.12684
0.30345	0.24928	0.24683
0.21212	0.15347	0.16008
0.34483	0.24419	0.17046
0.15254	0.09105	0.07097
0.13483	0.08918	0.06943
0.38202	0.25069	0.19146
0.32877	0.30159	0.32056
0.07407	0.04302	0.04582
0.12727	0.05896	0.07868
0.36923	0.29334	0.25325
0.11667	0.0664	0.07429
0.328	0.26738	0.23486
0.16949	0.07466	0.07708
0.28319	0.19572	0.16178
0.51613	0.3554	0.30443
0.11765	0.09916	0.06532
0.13483	0.08156	0.10264
0.24051	0.21948	0.24688
0.0	0.0	0.0
0.04839	0.03539	0.02703
0.07895	0.05604	0.06348
0.17647	0.11065	0.09648
0.26866	0.18972	0.19728
0.34921	0.25148	0.18458
0.1383	0.12869	0.12029
0.13095	0.13095	0.11321
0.06542	0.03588	0.02648
0.2931	0.19691	0.13341
0.08791	0.08791	0.07407
0.0	0.0	0.0
0.07558	0.07558	0.06542
0.06742	0.0589	0.03571
0.0	0.0	0.0
0.52055	0.3593	0.34815
0.02381	0.00346	0.00571
0.03759	0.03226	0.01266
0.0	0.0	0.0
0.24176	0.18295	0.18838
0.13559	0.13559	0.11429
0.0	0.0	0.0
0.01639	0.01639	0.02778
0.0	0.0	0.0
0.11765	0.09867	0.09615
0.18987	0.18151	0.15217
0.21154	0.19604	0.16418
0.19048	0.12216	0.09681
0.19663	0.17616	0.15831
0.07353	0.0325	0.01534
0.12871	0.08242	0.08246
0.07692	0.07125	0.06094
0.02899	0.018	0.02273
0.06742	0.0589	0.03571
0.02381	0.00346	0.00571
0.07059	0.06281	0.0472
0.16814	0.10493	0.09749
0.40164	0.37389	0.34237
0.11111	0.0481	0.04863
0.05128	0.02992	0.02291
0.08511	0.05114	0.04866
0.11321	0.10194	0.04684
0.13372	0.11956	0.10221
0.16541	0.11522	0.07739
0.04918	0.03675	0.02778
0.03571	0.01998	0.0038
0.16552	0.09279	0.07596
0.15294	0.11121	0.12963
0.24051	0.20867	0.18024
0.25743	0.23636	0.21159
0.25743	0.20969	0.21122
0.24638	0.23213	0.22325
0.09434	0.08917	0.05568
0.24658	0.19134	0.20431
0.14607	0.13972	0.13518
0.14118	0.12467	0.11409
0.29114	0.29114	0.25214
0.07965	0.04696	0.0318
0.17742	0.14465	0.14315
0.0	0.0	0.0
0.25843	0.22581	0.21115
0.1978	0.16041	0.14343
0.1236	0.0745	0.06706
0.13514	0.08741	0.07514
0.46729	0.43293	0.39987
0.05085	0.0361	0.04186
0.22414	0.21232	0.1831
0.13433	0.12182	0.09324
0.35172	0.3178	0.31153
0.07576	0.0528	0.03228
0.03704	0.00599	0.00582
0.01802	0.01802	0.01538
0.192	0.16969	0.15732
0.05085	0.0361	0.04186
0.06849	0.03337	0.02653
0.04918	0.03675	0.02778
0.136	0.07227	0.04569
0.30769	0.18506	0.14685
0.34177	0.22522	0.20345
0.12844	0.09102	0.07638
0.19802	0.13337	0.1439
0.15	0.09456	0.07462
0.36538	0.21252	0.18128
0.21379	0.18632	0.15948
0.11111	0.05141	0.06633
0.13115	0.09453	0.09076
0.10526	0.09466	0.09117
0.30345	0.22013	0.2066
0.03704	0.00599	0.00582
0.01802	0.01802	0.01538
0.0	0.0	0.0
0.30345	0.17878	0.13629
0.17241	0.09803	0.08815
0.03297	0.02003	0.01076
0.02703	0.01134	0.01266
0.24176	0.18063	0.18234
0.16854	0.1132	0.0917
0.13761	0.13761	0.11765
0.1875	0.17742	0.14583
0.08197	0.06874	0.06903
0.31667	0.28657	0.25269
0.02778	0.0221	0.01471
0.1453	0.13317	0.13043
0.01429	0.01429	0.0
0.08989	0.05274	0.05228
0.26154	0.25062	0.2
0.10256	0.09347	0.06685
0.20513	0.13494	0.12987
0.14925	0.13578	0.12821
0.0495	0.02748	0.02515
0.0	0.0	0.0
0.16418	0.10016	0.08893
0.2	0.121	0.09411
0.25234	0.16779	0.17813
0.0678	0.00986	0.00539
0.1978	0.16041	0.14343
0.43548	0.25215	0.2089
0.0597	0.03515	0.02007
0.21519	0.18335	0.1585
0.1791	0.14036	0.12862
0.21212	0.15347	0.16008
0.46729	0.43293	0.39987
0.34483	0.24419	0.17046
0.03297	0.02003	0.01076
0.32877	0.30159	0.32056
0.15254	0.09105	0.07097
0.16541	0.11522	0.07739
0.07407	0.04302	0.04582
0.12727	0.05896	0.07868
0.10959	0.06674	0.0466
0.13483	0.08156	0.10264
0.24176	0.18063	0.18234
0.36923	0.29334	0.25325
0.15294	0.11121	0.12963
0.16949	0.07466	0.07708
0.36538	0.21252	0.18128
0.24051	0.21948	0.24688
0.28319	0.19572	0.16178
0.20513	0.13494	0.12987
0.11667	0.0664	0.07429
0.34921	0.25148	0.18458
0.0	0.0	0.0
0.13761	0.13761	0.11765
0.25743	0.20969	0.21122
0.1875	0.17742	0.14583
0.22414	0.21232	0.1831
0.13433	0.12182	0.09324
0.08197	0.06874	0.06903
0.07895	0.05604	0.06348
0.08791	0.08791	0.07407
0.1453	0.13317	0.13043
0.13095	0.13095	0.11321
0.0	0.0	0.0
0.0	0.0	0.0
0.35172	0.3178	0.31153
0.07558	0.07558	0.06542
0.06742	0.0589	0.03571
0.08989	0.05274	0.05228
0.2931	0.19691	0.13341
0.0	0.0	0.0
0.52055	0.3593	0.34815
0.13559	0.13559	0.11429
0.24658	0.19134	0.20431
0.14607	0.13972	0.13518
0.24176	0.18295	0.18838
0.01639	0.01639	0.02778
0.21379	0.18632	0.15948
0.26154	0.25062	0.2
0.14118	0.12467	0.11409
0.0	0.0	0.0
0.29114	0.29114	0.25214
0.17742	0.14465	0.14315
0.0	0.0	0.0
0.07353	0.0325	0.01534
0.11765	0.09867	0.09615
0.18987	0.18151	0.15217
0.14925	0.13578	0.12821
0.19048	0.12216	0.09681
0.01351	0.00327	0.0
0.30345	0.22013	0.2066
0.06742	0.0589	0.03571
0.02381	0.00346	0.00571
0.14103	0.09563	0.069
0.19802	0.13337	0.1439
0.38333	0.31777	0.27736
0.1978	0.1404	0.10157
0.03571	0.01998	0.0038
0.328	0.26738	0.23486
0.51613	0.3554	0.30443
0.26866	0.18972	0.19728
0.25743	0.23636	0.21159
0.04839	0.03539	0.02703
0.31667	0.28657	0.25269
0.24638	0.23213	0.22325
0.09434	0.08917	0.05568
0.06542	0.03588	0.02648
0.03704	0.00599	0.00582
0.01802	0.01802	0.01538
0.0	0.0	0.0
0.19663	0.17616	0.15831
0.07339	0.04204	0.03226
0.12871	0.08242	0.08246
0.1125	0.07864	0.08738
0.12069	0.07343	0.0768
0.08065	0.04502	0.02703
0.13115	0.09453	0.09076
0.10526	0.09466	0.09117
0.07692	0.07125	0.06094
0.07407	0.04093	0.03866
0.02899	0.018	0.02273
0.04274	0.02385	0.03343
0.07447	0.05234	0.06069
0.21429	0.14248	0.13757
0.18868	0.17742	0.11135
0.0	0.0	0.0
0.02326	0.00948	0.0
0.10112	0.05546	0.05228
0.0303	0.01882	0.0
0.2931	0.19691	0.13341
0.10989	0.04876	0.03646
0.43836	0.27179	0.32325
0.18644	0.11922	0.11197
0.05263	0.03553	0.01266
0.05085	0.0361	0.04186
0.03704	0.00599	0.00582
0.01802	0.01802	0.01538
0.0	0.0	0.0
0.06849	0.03337	0.02653
0.25843	0.22581	0.21115
0.04918	0.03675	0.02778
0.30345	0.17878	0.13629
0.07692	0.05583	0.05725
0.136	0.07227	0.04569
0.07059	0.06281	0.0472
0.30769	0.18506	0.14685
0.34177	0.22522	0.20345
0.16814	0.10493	0.09749
0.1236	0.0745	0.06706
0.11667	0.0664	0.07429
0.01471	0.00285	0.0
0.10588	0.05239	0.05523
0.26984	0.17748	0.12684
0.14851	0.07587	0.04868
0.11111	0.05141	0.06633
0.12844	0.09102	0.07638
0.15	0.09456	0.07462
0.17241	0.09803	0.08815
0.06452	0.04189	0.02703
0.40164	0.37389	0.34237
0.10526	0.05159	0.0498
0.11111	0.0481	0.04863
0.05797	0.02293	0.02273
0.05128	0.02992	0.02291
0.08511	0.05114	0.04866
0.28571	0.18648	0.16526
0.11321	0.10194	0.04684
0.02857	0.01706	0.0
0.13514	0.08741	0.07514
0.30345	0.24928	0.24683
0.13372	0.11956	0.10221
0.13483	0.08918	0.06943
0.38202	0.25069	0.19146
0.05085	0.0361	0.04186
0.02703	0.01134	0.01266
0.04918	0.03675	0.02778
0.16552	0.09279	0.07596
0.16854	0.1132	0.0917
0.11765	0.09916	0.06532
0.17647	0.11065	0.09648
0.24051	0.20867	0.18024
0.02778	0.0221	0.01471
0.1383	0.12869	0.12029
0.01429	0.01429	0.0
0.07576	0.0528	0.03228
0.03759	0.03226	0.01266
0.02381	0.00346	0.00571
0.192	0.16969	0.15732
0.21154	0.19604	0.16418
0.07965	0.04696	0.0318
0.10256	0.09347	0.06685
0.1125	0.07864	0.08738
0.0	0.0	0.0
0.12871	0.08242	0.08246
0.16418	0.10016	0.08893
0.1978	0.16041	0.14343
0.07407	0.04093	0.03866
0.04274	0.02385	0.03343
0.10526	0.09466	0.09117
0.2	0.121	0.09411
0.07692	0.07125	0.06094
0.07447	0.05234	0.06069
0.21429	0.14248	0.13757
0.30345	0.22013	0.2066
0.03704	0.00599	0.00582
0.01802	0.01802	0.01538
0.10989	0.04876	0.03646
0.18644	0.11922	0.11197
0.0303	0.01882	0.0
0.2931	0.19691	0.13341
0.05085	0.0361	0.04186
0.01471	0.00285	0.0
0.21519	0.18335	0.1585
0.07059	0.06281	0.0472
0.30345	0.17878	0.13629
0.04918	0.03675	0.02778
0.02381	0.00346	0.00571
0.34177	0.22522	0.20345
0.1236	0.0745	0.06706
0.14103	0.09563	0.069
0.11111	0.05141	0.06633
0.1791	0.14036	0.12862
0.26984	0.17748	0.12684
0.14851	0.07587	0.04868
0.12844	0.09102	0.07638
0.15	0.09456	0.07462
0.17241	0.09803	0.08815
0.40164	0.37389	0.34237
0.1978	0.1404	0.10157
0.11321	0.10194	0.04684
0.28571	0.18648	0.16526
0.05797	0.02293	0.02273
0.08511	0.05114	0.04866
0.02857	0.01706	0.0
0.46729	0.43293	0.39987
0.05128	0.02992	0.02291
0.30345	0.24928	0.24683
0.38202	0.25069	0.19146
0.21212	0.15347	0.16008
0.16541	0.11522	0.07739
0.05085	0.0361	0.04186
0.10959	0.06674	0.0466
0.16949	0.07466	0.07708
0.32877	0.30159	0.32056
0.15254	0.09105	0.07097
0.24176	0.18063	0.18234
0.36923	0.29334	0.25325
0.328	0.26738	0.23486
0.11667	0.0664	0.07429
0.11765	0.09916	0.06532
0.17647	0.11065	0.09648
0.34921	0.25148	0.18458
0.24051	0.20867	0.18024
0.25743	0.23636	0.21159
0.0	0.0	0.0
0.36538	0.21252	0.18128
0.28319	0.19572	0.16178
0.51613	0.3554	0.30443
0.25743	0.20969	0.21122
0.13433	0.12182	0.09324
0.31667	0.28657	0.25269
0.09434	0.08917	0.05568
0.22414	0.21232	0.1831
0.04839	0.03539	0.02703
0.02778	0.0221	0.01471
0.24638	0.23213	0.22325
0.07895	0.05604	0.06348
0.08791	0.08791	0.07407
0.2931	0.19691	0.13341
0.13559	0.13559	0.11429
0.0	0.0	0.0
0.0	0.0	0.0
0.07576	0.0528	0.03228
0.06542	0.03588	0.02648
0.03704	0.00599	0.00582
0.01802	0.01802	0.01538
0.06742	0.0589	0.03571
0.08989	0.05274	0.05228
0.52055	0.3593	0.34815
0.02381	0.00346	0.00571
0.01639	0.01639	0.02778
0.192	0.16969	0.15732
0.24658	0.19134	0.20431
0.0	0.0	0.0
0.21154	0.19604	0.16418
0.17742	0.14465	0.14315
0.0	0.0	0.0
0.07353	0.0325	0.01534
0.11765	0.09867	0.09615
0.07339	0.04204	0.03226
0.12069	0.07343	0.0768
0.13115	0.09453	0.09076
0.25234	0.16779	0.17813
0.05263	0.03553	0.01266
0.30769	0.18506	0.14685
0.38333	0.31777	0.27736
0.02703	0.01134	0.01266
0.24051	0.21948	0.24688
0.16854	0.1132	0.0917
0.13761	0.13761	0.11765
0.35172	0.3178	0.31153
0.14607	0.13972	0.13518
0.02899	0.018	0.02273
0.0	0.0	0.0
0.02326	0.00948	0.0
0.0678	0.00986	0.00539
0.16814	0.10493	0.09749
0.06452	0.04189	0.02703
0.11111	0.0481	0.04863
0.34483	0.24419	0.17046
0.13483	0.08156	0.10264
0.03571	0.01998	0.0038
0.15294	0.11121	0.12963
0.08197	0.06874	0.06903
0.1453	0.13317	0.13043
0.13095	0.13095	0.11321
0.01429	0.01429	0.0
0.03759	0.03226	0.01266
0.0	0.0	0.0
0.24176	0.18295	0.18838
0.21379	0.18632	0.15948
0.26154	0.25062	0.2
0.14118	0.12467	0.11409
0.29114	0.29114	0.25214
0.07965	0.04696	0.0318
0.19663	0.17616	0.15831
0.10256	0.09347	0.06685
0.14925	0.13578	0.12821
0.0495	0.02748	0.02515
0.18868	0.17742	0.11135
0.01351	0.00327	0.0
0.06742	0.0589	0.03571
0.10112	0.05546	0.05228
0.06849	0.03337	0.02653
0.25843	0.22581	0.21115
0.07692	0.05583	0.05725
0.136	0.07227	0.04569
0.43548	0.25215	0.2089
0.11667	0.0664	0.07429
0.10588	0.05239	0.05523
0.19802	0.13337	0.1439
0.10526	0.05159	0.0498
0.13514	0.08741	0.07514
0.13372	0.11956	0.10221
0.12727	0.05896	0.07868
0.26866	0.18972	0.19728
0.1875	0.17742	0.14583
0.19048	0.12216	0.09681
0.08065	0.04502	0.02703
0.43836	0.27179	0.32325
0.0	0.0	0.0
0.0597	0.03515	0.02007
0.13483	0.08918	0.06943
0.03297	0.02003	0.01076
0.07407	0.04302	0.04582
0.04918	0.03675	0.02778
0.16552	0.09279	0.07596
0.20513	0.13494	0.12987
0.1383	0.12869	0.12029
0.07558	0.07558	0.06542
0.0	0.0	0.0
0.18987	0.18151	0.15217
0.0	0.0	0.0
0.27941	0.17222	0.17671
0.3125	0.22581	0.19324
0.17442	0.17442	0.16981
0.2	0.15045	0.089
0.38095	0.24057	0.21234
0.0	0.0	0.0
0.32203	0.24414	0.26683
0.45614	0.33791	0.31434
0.22581	0.13479	0.12427
0.33824	0.17056	0.1549
0.01639	0.00318	0.0
0.19048	0.17844	0.15789
0.22222	0.10578	0.11448
0.10256	0.07238	0.04973
0.0	0.0	0.0
0.21212	0.16253	0.17742
0.06667	0.04925	0.02315
0.08219	0.03426	0.03451
0.0979	0.07501	0.06068
0.0	0.0	0.0
0.1145	0.10946	0.09905
0.22727	0.1919	0.16656
0.10169	0.07273	0.09142
0.07407	0.02569	0.02031
0.25352	0.25352	0.21951
0.44898	0.39832	0.36811
0.05128	0.0375	0.02873
0.14815	0.13584	0.11231
0.0137	0.00266	0.0
0.20652	0.13922	0.12621
0.13889	0.08659	0.0986
0.29091	0.22378	0.1877
0.67097	0.59834	0.51999
0.0	0.0	0.0
0.21429	0.11429	0.06909
0.0	0.0	0.0
0.09091	0.09091	0.06977
0.42202	0.35039	0.35386
0.28182	0.25807	0.22344
0.09259	0.05407	0.04497
0.05455	0.0478	0.04791
0.29921	0.30861	0.29333
0.00613	0.00178	0.00302
0.21053	0.21053	0.25
0.46154	0.36819	0.30275
0.10714	0.06079	0.05714
0.46296	0.35428	0.30745
0.20896	0.10594	0.11332
0.44231	0.31204	0.25026
0.20635	0.10833	0.08492
0.23596	0.21784	0.21154
0.125	0.04856	0.04481
0.16071	0.1092	0.10218
0.28571	0.28571	0.24242
0.24444	0.18389	0.15496
0.08	0.065	0.06555
0.04717	0.03743	0.02957
0.22222	0.13204	0.14176
0.22222	0.17175	0.15484
0.16522	0.14587	0.1259
0.17722	0.17722	0.16667
0.10227	0.0669	0.05747
0.06667	0.03779	0.02888
0.41429	0.26434	0.29038
0.12963	0.04094	0.04368
0.22785	0.11622	0.10548
0.32	0.22541	0.23002
0.18947	0.12565	0.09284
0.22892	0.20055	0.19262
0.48276	0.3999	0.40985
0.19192	0.10103	0.11054
0.20661	0.15957	0.1423
0.2549	0.17837	0.17367
0.23596	0.18465	0.19385
0.32	0.19974	0.15
0.14	0.10872	0.09677
0.18182	0.16087	0.13043
0.12658	0.09842	0.1017
0.10769	0.04789	0.06492
0.13889	0.10217	0.06559
0.0678	0.04483	0.05467
0.02439	0.01902	0.01408
0.10169	0.07273	0.09142
0.2807	0.16246	0.16684
0.13793	0.10512	0.10874
0.1165	0.07674	0.08519
0.38043	0.24303	0.23572
0.16	0.10045	0.07998
0.32075	0.23358	0.17934
0.08108	0.02988	0.01722
0.17021	0.11979	0.10345
0.03774	0.03774	0.0303
0.0	0.0	0.0
0.21552	0.13323	0.1035
0.19	0.16871	0.15789
0.01818	0.00353	0.00277
0.08861	0.04432	0.05217
0.26087	0.26087	0.2381
0.0	0.0	0.0
0.09524	0.03279	0.00786
0.13869	0.08891	0.07317
0.07042	0.0477	0.04444
0.08434	0.06549	0.06122
0.09302	0.05252	0.06041
0.17045	0.14461	0.14881
0.08633	0.05988	0.04608
0.16883	0.08779	0.08671
0.38462	0.37817	0.38002
0.125	0.09431	0.10714
0.39259	0.35233	0.32435
0.15152	0.09613	0.09869
0.03774	0.00366	0.00294
0.05455	0.02611	0.00294
0.09231	0.05112	0.03805
0.38596	0.2414	0.2664
0.04124	0.04124	0.03279
0.31944	0.10492	0.0901
0.09009	0.09009	0.08824
0.30612	0.18403	0.18743
0.30909	0.29267	0.24536
0.31746	0.21686	0.2197
0.15534	0.13279	0.0938
0.09474	0.05435	0.06398
0.14966	0.12849	0.12401
0.20779	0.11586	0.08872
0.32836	0.19694	0.19393
0.08571	0.0742	0.0779
0.10476	0.06684	0.06602
0.0	0.0	0.0
0.1049	0.09926	0.09302
0.11236	0.09007	0.09088
0.52336	0.46943	0.43577
0.43056	0.39315	0.35741
0.12727	0.06455	0.05221
0.22414	0.12907	0.07808
0.14865	0.11497	0.09103
0.24138	0.17355	0.15086
0.02941	0.02941	0.02439
0.12613	0.10013	0.08475
0.08333	0.02637	0.03317
0.28571	0.27132	0.24242
0.32394	0.22424	0.19943
0.21429	0.14722	0.14308
0.12346	0.04106	0.04616
0.39683	0.29597	0.27124
0.06977	0.06208	0.04082
0.38	0.18648	0.14884
0.05882	0.05882	0.04762
0.09722	0.05869	0.036
0.13986	0.08857	0.07117
0.24615	0.10548	0.10151
0.06557	0.03305	0.04665
0.08621	0.04464	0.03907
0.10811	0.09722	0.09524
0.09483	0.03478	0.02062
0.23158	0.15131	0.16402
0.2973	0.21211	0.20647
0.28378	0.21735	0.17993
0.25758	0.1872	0.17967
0.0	0.0	0.0
0.08108	0.03008	0.03429
0.29464	0.14838	0.15027
0.13095	0.12308	0.13208
0.1039	0.05783	0.01474
0.13115	0.07511	0.06029
0.04615	0.01935	0.02356
0.19753	0.11693	0.11158
0.07767	0.03165	0.03226
0.04706	0.03758	0.01961
0.43182	0.40433	0.3387
0.20588	0.12029	0.1149
0.03297	0.02516	0.01786
0.35897	0.35897	0.34783
0.12308	0.03922	0.018
0.02151	0.0144	0.01852
0.14815	0.09619	0.10041
0.45679	0.26409	0.25602
0.05357	0.01125	0.00539
0.2844	0.2844	0.25
0.17204	0.10372	0.08304
0.0	0.0	0.0
0.01408	0.01408	0.02222
0.2	0.14723	0.1419
0.03488	0.0167	0.02253
0.32558	0.27607	0.26165
0.36842	0.24819	0.23038
0.19444	0.19444	0.17391
0.24272	0.22252	0.19857
0.16393	0.12693	0.13074
0.03846	0.00622	0.00619
0.32222	0.21277	0.17713
0.02899	0.00912	0.0
0.41818	0.26073	0.23564
0.29126	0.21238	0.18989
0.06154	0.05137	0.02564
0.09032	0.06442	0.05113
0.08974	0.07032	0.04676
0.16176	0.05957	0.03828
0.07143	0.0505	0.0529
0.0	0.0	0.0
0.19	0.13695	0.14674
0.22609	0.1937	0.16285
0.02632	0.00255	0.0
0.14925	0.09054	0.08228
0.10101	0.05801	0.04375
0.21622	0.1175	0.13673
0.12121	0.04523	0.04435
0.02581	0.01052	0.00213
0.20482	0.11914	0.12471
0.20833	0.11663	0.12332
0.17391	0.16293	0.14286
0.0625	0.03294	0.01669
0.125	0.02302	0.00776
0.18	0.13356	0.13529
0.2037	0.14157	0.12097
0.0	0.0	0.0
0.95652	0.81422	0.79162
0.07576	0.07308	0.06721
0.0	0.0	0.0
0.09231	0.05362	0.06029
0.36471	0.24215	0.22582
0.07627	0.03978	0.02364
0.25532	0.10917	0.09578
0.29091	0.22378	0.1877
0.0625	0.03719	0.03549
0.02941	0.02941	0.02326
0.0274	0.0274	0.02273
0.13415	0.06571	0.0558
0.27957	0.19912	0.19774
0.1	0.04164	0.04216
0.04255	0.02643	0.01754
0.08219	0.06054	0.04289
0.15493	0.08182	0.04482
0.16923	0.14094	0.12308
0.08929	0.07489	0.05405
0.13333	0.06697	0.06192
0.11828	0.081	0.07437
0.15842	0.11772	0.10383
0.16667	0.07555	0.07005
0.0	0.0	0.0
0.375	0.32476	0.30672
0.22581	0.13461	0.14284
0.23377	0.17597	0.18024
0.0	0.0	0.0
0.06061	0.06061	0.025
0.24615	0.17745	0.15363
0.0	0.0	0.0
0.31884	0.20059	0.19064
0.0	0.0	0.0
0.15663	0.12302	0.10184
0.20769	0.14195	0.12219
0.30435	0.22091	0.26237
0.25	0.18235	0.17098
0.05263	0.04802	0.03614
0.2549	0.2549	0.23333
0.09574	0.08168	0.08037
0.17442	0.12399	0.13094
0.06579	0.05093	0.06767
0.06173	0.01893	0.00606
0.03774	0.03774	0.0303
0.0	0.0	0.0
0.09859	0.04272	0.02676
0.29126	0.20517	0.18673
0.35366	0.34383	0.33333
0.01235	0.0024	0.0
0.2028	0.2028	0.17857
0.08219	0.02433	0.02596
0.02353	0.01405	0.01961
0.11765	0.03133	0.02968
0.33028	0.30631	0.28503
0.0339	0.00739	0.0
0.42342	0.34425	0.33125
0.21519	0.11132	0.08625
0.22807	0.16326	0.14239
0.0	0.0	0.0
0.1165	0.1165	0.10938
0.19298	0.11632	0.09676
0.16216	0.05495	0.07596
0.35922	0.17417	0.137
0.0	0.0	0.0
0.04615	0.03561	0.03044
0.19444	0.13264	0.15148
0.136	0.11858	0.09722
0.05814	0.04877	0.04219
0.20833	0.17127	0.15909
0.2	0.11554	0.11313
0.59155	0.58292	0.55319
0.14894	0.13179	0.10345
0.05556	0.02922	0.03745
0.09615	0.03415	0.04206
0.1978	0.14747	0.12481
0.08602	0.05342	0.0434
0.24528	0.16831	0.12784
0.1	0.074	0.0584
0.56522	0.56522	0.53333
0.00806	0.00273	0.0
0.05155	0.02029	0.00667
0.25352	0.15631	0.11598
0.22807	0.15509	0.14777
0.0	0.0	0.0
0.09649	0.07782	0.08065
0.09524	0.03202	0.0347
0.01695	0.00164	0.0
0.22093	0.14453	0.14518
0.04918	0.03754	0.02632
0.1519	0.09556	0.08443
0.01667	0.00323	0.0
0.54545	0.34433	0.32629
0.08824	0.07093	0.06412
0.31081	0.16808	0.14987
0.16667	0.12904	0.10576
0.38202	0.26915	0.21731
0.21311	0.16367	0.16935
0.05674	0.03329	0.04365
0.19231	0.18197	0.16327
0.15686	0.08004	0.08848
0.16667	0.11591	0.12903
0.22368	0.13458	0.09328
0.44444	0.31878	0.22956
0.07609	0.04576	0.03082
0.06604	0.01994	0.01926
0.03846	0.01531	0.02437
0.12712	0.07054	0.03003
0.15476	0.12655	0.11111
0.08046	0.03932	0.0274
0.28889	0.22044	0.205
0.12727	0.05385	0.02996
0.05941	0.05941	0.05085
0.04255	0.04255	0.03333
0.05714	0.04317	0.04615
0.09211	0.07725	0.08941
0.41667	0.34057	0.36331
0.30682	0.21097	0.18711
0.25455	0.22493	0.19355
0.06897	0.01336	0.01937
0.15054	0.15054	0.14815
0.39474	0.26108	0.21825
0.23711	0.17012	0.14226
0.04132	0.02693	0.01438
0.0641	0.0331	0.02128
0.18182	0.07596	0.0701
0.20455	0.09059	0.09992
0.28205	0.19873	0.16667
0.21127	0.15017	0.14443
0.07273	0.04516	0.03226
0.29032	0.19513	0.16979
0.26829	0.13833	0.07308
0.24286	0.1539	0.19648
0.17647	0.12202	0.11194
0.16279	0.16279	0.13462
0.30588	0.19887	0.21636
0.23333	0.18334	0.18965
0.30612	0.2209	0.19064
0.01099	0.01099	0.01786
0.375	0.21542	0.18732
0.14062	0.08381	0.07289
0.21687	0.13137	0.11756
0.04762	0.03814	0.06675
0.2807	0.17306	0.15119
0.32468	0.20404	0.2188
0.27941	0.23554	0.20242
0.39286	0.32906	0.32488
0.10435	0.05528	0.04772
0.55556	0.26896	0.20242
0.10185	0.10185	0.08955
0.26374	0.20013	0.181
0.03077	0.01837	0.025
0.22222	0.13176	0.10267
0.31633	0.26581	0.23179
0.22388	0.17552	0.11752
0.42308	0.3749	0.37657
0.08	0.0326	0.03783
0.29333	0.20024	0.1897
0.21429	0.13519	0.09181
0.09524	0.08397	0.09302
0.15789	0.11094	0.1107
0.17895	0.17895	0.13333
0.0	0.0	0.0
0.2126	0.15584	0.17129
0.05357	0.01125	0.00539
0.08784	0.04078	0.01683
0.16	0.13227	0.11922
0.12121	0.0958	0.05686
0.20619	0.18691	0.17772
0.19608	0.12176	0.09678
0.5614	0.40019	0.4029
0.15584	0.08256	0.06167
0.04	0.02796	0.02285
0.3	0.26872	0.25806
0.02727	0.00661	0.0
0.07407	0.03063	0.01662
0.04545	0.02577	0.01613
0.17391	0.11035	0.07829
0.33721	0.27683	0.29063
0.25882	0.14499	0.14
0.21805	0.14324	0.12905
0.0303	0.01222	0.00834
0.06849	0.04199	0.04762
0.0678	0.04319	0.04532
0.49351	0.33012	0.28748
0.11628	0.09547	0.09743
0.12	0.0339	0.02743
0.04762	0.02841	0.04838
0.15116	0.15116	0.13462
0.03636	0.03636	0.0
0.36207	0.26197	0.23016
0.15789	0.15167	0.16176
0.15625	0.07639	0.07859
0.19565	0.09087	0.11711
0.04854	0.03398	0.03528
0.06494	0.05447	0.04444
0.16667	0.13326	0.12403
0.15909	0.10742	0.0907
0.36508	0.28522	0.29937
0.16	0.08411	0.05836
0.15556	0.09284	0.07805
0.18797	0.12432	0.12219
0.13333	0.12742	0.10959
0.1	0.04465	0.06192
0.05	0.02152	0.0
0.25641	0.24794	0.24074
0.06024	0.0243	0.01008
0.02667	0.00517	0.00413
0.03883	0.01583	0.01859
0.08333	0.05378	0.01482
0.24675	0.23031	0.21325
0.08485	0.04996	0.03351
0.14815	0.089	0.092
0.08642	0.06033	0.05556
0.0177	0.00771	0.00682
0.16	0.05194	0.0398
0.22667	0.1482	0.14587
0.42045	0.33285	0.30646
0.12658	0.05515	0.0731
0.16541	0.11704	0.12639
0.1	0.09086	0.06522
0.02299	0.02299	0.01852
0.74026	0.62161	0.56099
0.23188	0.19099	0.14077
0.04082	0.02382	0.0276
0.04255	0.04255	0.0
0.14085	0.07951	0.06346
0.08421	0.06027	0.03745
0.17778	0.14122	0.13793
0.30263	0.17342	0.14906
0.04938	0.04938	0.04
0.18367	0.18367	0.16949
0.20606	0.12699	0.1148
0.10667	0.07012	0.04255
0.42553	0.28587	0.27369
0.08929	0.02998	0.00856
0.30345	0.30345	0.28235
0.24528	0.15857	0.14471
0.07778	0.07528	0.05604
0.04412	0.04412	0.02326
0.16923	0.11638	0.10305
0.1	0.06308	0.04549
0.27642	0.1861	0.16833
0.13235	0.1205	0.09756
0.18605	0.10403	0.08362
0.16216	0.13123	0.13343
0.20588	0.17901	0.15556
0.04651	0.03001	0.02041
0.29885	0.14353	0.11262
0.09524	0.06625	0.05548
0.06838	0.03847	0.02397
0.16667	0.0884	0.07695
0.0	0.0	0.0
0.12977	0.11968	0.11538
0.23016	0.16029	0.15753
0.37113	0.25709	0.22321
0.13008	0.07502	0.07874
0.04615	0.02209	0.025
0.15909	0.1426	0.11828
0.10811	0.04884	0.05522
0.24324	0.15173	0.12367
0.088	0.06646	0.04775
0.20946	0.19998	0.16848
0.07353	0.06594	0.07021
0.04478	0.00724	0.00693
0.0	0.0	0.0
0.21505	0.16962	0.14722
0.11842	0.05986	0.06767
0.12791	0.0816	0.06026
0.11905	0.07874	0.08127
0.15079	0.0831	0.06552
0.04132	0.03545	0.0274
0.07368	0.0652	0.06452
0.07752	0.07752	0.06494
0.16901	0.10975	0.09787
0.0	0.0	0.0
0.09709	0.07188	0.03124
0.14433	0.078	0.04946
0.25641	0.21465	0.20131
0.16176	0.1179	0.13316
0.22973	0.13495	0.14114
0.21239	0.14576	0.12789
0.23226	0.15705	0.13534
0.39024	0.33402	0.29513
0.06061	0.03691	0.025
0.0	0.0	0.0
0.00901	0.00901	0.0
0.23529	0.22656	0.22032
0.08861	0.04442	0.02775
0.13846	0.102	0.10466
0.29592	0.15244	0.13737
0.0	0.0	0.0
0.02151	0.01335	0.0
0.31579	0.25015	0.23652
0.07874	0.04929	0.04776
0.20588	0.10487	0.08228
0.04545	0.0179	0.00285
0.27586	0.20217	0.19718
0.25714	0.18089	0.16057
0.19167	0.14558	0.11128
0.07692	0.0417	0.04219
0.13187	0.07446	0.07548
0.14516	0.12072	0.09721
0.26042	0.20567	0.19237
0.22785	0.16804	0.16657
0.14085	0.10792	0.09353
0.08182	0.05264	0.0635
0.55814	0.48015	0.44744
0.06604	0.03744	0.01688
0.08333	0.0466	0.02042
0.15556	0.08998	0.09073
0.37313	0.24633	0.24164
0.17857	0.14332	0.12231
0.13793	0.10902	0.09983
0.09574	0.07911	0.08639
0.04237	0.02229	0.01818
0.15333	0.10399	0.09349
0.13559	0.11113	0.11505
0.2027	0.2027	0.17778
0.17886	0.13272	0.11621
0.0	0.0	0.0
0.07692	0.06134	0.08321
0.01429	0.00967	0.01574
0.08974	0.05997	0.04571
0.08333	0.04257	0.02395
0.19101	0.12017	0.11106
0.11765	0.09749	0.1054
0.00877	0.00254	0.0
0.21488	0.08841	0.06664
0.03883	0.026	0.01825
0.02222	0.01488	0.00862
0.12791	0.08338	0.07899
0.14679	0.11203	0.0939
0.14815	0.11172	0.13426
0.21805	0.13414	0.13137
0.27273	0.2012	0.1753
0.20588	0.08188	0.05629
0.15827	0.14227	0.13095
0.14286	0.11097	0.05944
0.06061	0.05401	0.03103
0.16667	0.08668	0.05103
0.27143	0.1742	0.20718
0.04286	0.0219	0.02326
0.01205	0.01205	0.0098
0.01538	0.00372	0.0
0.22222	0.11786	0.12325
0.06579	0.05709	0.04545
0.104	0.08388	0.06962
0.07792	0.05875	0.0459
0.19231	0.10177	0.08782
0.19333	0.16496	0.13254
0.26437	0.14483	0.12355
0.0	0.0	0.0
0.15702	0.12303	0.09546
0.10714	0.03842	0.04808
0.10169	0.10169	0.09722
0.38202	0.32079	0.29148
0.11656	0.09668	0.06452
0.28571	0.27173	0.21875
0.10204	0.06453	0.06397
0.07634	0.06735	0.06942
0.32895	0.19422	0.18996
0.12	0.07502	0.06189
0.05714	0.01246	0.0
0.38983	0.23732	0.26914
0.02667	0.01592	0.0
0.16129	0.08326	0.07682
0.04717	0.03743	0.01117
0.34286	0.28597	0.26701
0.14151	0.09466	0.11218
0.03191	0.00928	0.00834
0.24468	0.16801	0.14886
0.05405	0.02203	0.02438
0.08434	0.0484	0.03092
0.04819	0.03537	0.0335
0.36538	0.30523	0.3
0.15	0.10066	0.10762
0.13821	0.07699	0.07874
0.0	0.0	0.0
0.30435	0.20146	0.20216
0.27273	0.18272	0.16972
0.21918	0.1645	0.16146
0.31532	0.2729	0.27107
0.08411	0.06061	0.05063
0.19737	0.16746	0.17228
0.16216	0.12316	0.09104
0.05714	0.02536	0.0
0.14545	0.06396	0.0394
0.09091	0.05753	0.05512
0.03571	0.02606	0.00954
0.33654	0.2077	0.21366
0.16364	0.07099	0.06505
0.08485	0.06961	0.05059
0.26415	0.17851	0.16888
0.31387	0.20111	0.1841
0.09722	0.08579	0.05142
0.10769	0.08512	0.07692
0.34328	0.22461	0.18872
0.10909	0.10235	0.10997
0.16883	0.11858	0.11164
0.0	0.0	0.0
0.02586	0.02016	0.01408
0.0	0.0	0.0
0.01754	0.01444	0.02351
0.34146	0.23489	0.17827
0.0	0.0	0.0
0.25773	0.1698	0.15505
0.36607	0.29553	0.27771
0.0	0.0	0.0
0.09286	0.06705	0.0599
0.06897	0.03797	0.02667
0.20968	0.12126	0.12427
0.21569	0.11181	0.08873
0.2043	0.14901	0.13782
0.05952	0.04762	0.04324
0.10791	0.07809	0.07468
0.125	0.08329	0.08737
0.03409	0.01797	0.01887
0.32653	0.30069	0.25369
0.05	0.01259	0.00159
0.28571	0.16679	0.18274
0.02941	0.01826	0.0
0.03546	0.01533	0.02429
0.14474	0.11418	0.09568
0.05714	0.04631	0.02222
0.25949	0.19846	0.19821
0.01149	0.01149	0.0
0.15753	0.13765	0.12372
0.12727	0.07569	0.03856
0.1	0.07697	0.04986
0.27523	0.17817	0.17965
0.0	0.0	0.0
0.10638	0.05892	0.05569
0.09483	0.04173	0.02936
0.2028	0.12623	0.10372
0.1358	0.04621	0.02892
0.12941	0.09147	0.08194
0.11905	0.08479	0.07203
0.07767	0.0257	0.02152
0.05556	0.02868	0.01463
0.25373	0.15506	0.09837
0.20325	0.13837	0.09762
0.08	0.04324	0.01816
0.22222	0.16765	0.18753
0.18056	0.11919	0.11214
0.43243	0.29689	0.29504
0.11268	0.09632	0.0771
0.22642	0.19737	0.19281
0.07576	0.07075	0.05
0.04255	0.04255	0.03509
0.08511	0.03262	0.02095
0.19018	0.16694	0.16225
0.21569	0.13947	0.11191
0.45098	0.36561	0.32614
0.15	0.10843	0.08901
0.15534	0.08661	0.09083
0.57616	0.57146	0.51111
0.03158	0.02411	0.01786
0.04237	0.02229	0.01818
0.10714	0.09631	0.09524
0.1	0.07984	0.07623
0.26627	0.21981	0.23395
0.29167	0.29167	0.26316
0.20833	0.20282	0.16216
0.09639	0.08123	0.07921
0.37681	0.32681	0.26634
0.30208	0.30208	0.26786
0.0	0.0	0.0
0.22581	0.1106	0.09084
0.11215	0.06182	0.03475
0.32394	0.20468	0.18051
0.21311	0.21311	0.18421
0.14894	0.09851	0.10345
0.0411	0.01967	0.0
0.025	0.00848	0.0
0.08333	0.0466	0.02042
0.06195	0.02499	0.01662
0.08511	0.04496	0.03852
0.0	0.0	0.0
0.13043	0.08509	0.09528
0.16923	0.15708	0.1754
0.20472	0.19761	0.19864
0.37778	0.20438	0.14241
0.40984	0.24831	0.18126
0.0339	0.01231	0.0152
0.02941	0.0121	0.0121
0.03704	0.02709	0.02
0.41748	0.3035	0.24518
0.22222	0.14319	0.13035
0.12346	0.03509	0.0297
0.38462	0.33953	0.36428
0.04762	0.03814	0.06675
0.12676	0.08951	0.05914
0.03788	0.02175	0.01952
0.10169	0.0648	0.05556
0.08784	0.07989	0.06627
0.12593	0.07708	0.08718
0.20879	0.13365	0.10527
0.29703	0.2402	0.19192
0.15625	0.11443	0.11948
0.25556	0.17294	0.16159
0.04839	0.0125	0.0
0.12644	0.05953	0.06147
0.19672	0.14967	0.10484
0.21127	0.13473	0.09898
0.12941	0.04916	0.031
0.2027	0.19311	0.19279
0.01695	0.00164	0.0
0.12676	0.05341	0.03856
0.29091	0.25662	0.24746
0.22105	0.13806	0.11716
0.19192	0.10445	0.0847
0.19298	0.16582	0.16329
0.01429	0.00484	0.0
0.10687	0.09789	0.09473
0.1982	0.143	0.11968
0.26761	0.25761	0.24444
0.09375	0.05697	0.05626
0.2314	0.16023	0.16262
0.30435	0.30435	0.25641
0.02	0.00484	0.0
0.39	0.32001	0.28678
0.07042	0.03637	0.04876
0.1	0.0611	0.04388
0.04819	0.02818	0.01923
0.12903	0.08622	0.06114
0.01786	0.01786	0.01449
0.03226	0.03226	0.0
0.15	0.10211	0.08927
0.09677	0.09677	0.09091
0.12791	0.11853	0.11538
0.29524	0.17853	0.17769
0.11921	0.09315	0.09004
0.23358	0.17697	0.14607
0.22989	0.17854	0.12096
0.22973	0.16414	0.13051
0.04444	0.0165	0.00511
0.03529	0.01746	0.01961
0.09929	0.06738	0.05338
0.28972	0.21874	0.19098
0.125	0.06499	0.06305
0.14729	0.07066	0.05909
0.04918	0.04918	0.02857
0.28	0.19531	0.15929
0.07843	0.07843	0.08065
0.15385	0.13442	0.12611
0.19481	0.14183	0.11048
0.19149	0.14004	0.10345
0.27957	0.19167	0.19518
0.39706	0.35532	0.36235
0.5	0.36603	0.32352
0.51087	0.35048	0.28242
0.09677	0.08862	0.07407
0.125	0.125	0.11628
0.26087	0.17111	0.16305
0.09677	0.08463	0.07795
0.0	0.0	0.0
0.18182	0.11544	0.0884
0.33333	0.23142	0.14921
0.15714	0.12397	0.09302
0.1383	0.07176	0.0487
0.24074	0.15206	0.13191
0.17424	0.13295	0.1228
0.31183	0.22167	0.19033
0.10256	0.02979	0.02948
0.05714	0.01246	0.0
0.08046	0.04859	0.04626
0.06154	0.04045	0.03308
0.2623	0.22661	0.18952
0.31579	0.25278	0.22367
0.10577	0.10562	0.09524
0.14085	0.08021	0.08468
0.28571	0.24539	0.24733
0.2449	0.21233	0.22142
0.08451	0.03727	0.04032
0.16471	0.09527	0.07767
0.2037	0.12874	0.12241
0.10345	0.03479	0.03324
0.15942	0.10007	0.06307
0.02564	0.00497	0.0
0.05797	0.01894	0.00921
0.05714	0.04317	0.04615
0.20968	0.11813	0.11205
0.02273	0.02273	0.03774
0.1453	0.07212	0.06956
0.38889	0.34888	0.3173
0.0	0.0	0.0
0.10714	0.07807	0.07283
0.19149	0.17434	0.13793
0.29167	0.15831	0.15593
0.28182	0.24576	0.21157
0.08511	0.04496	0.03852
0.10714	0.05993	0.05714
0.14433	0.11707	0.09867
0.0	0.0	0.0
0.1	0.01939	0.00485
0.24658	0.15358	0.12795
0.3913	0.32633	0.27133
0.18519	0.09562	0.07665
0.13514	0.13514	0.11111
0.22047	0.17146	0.13616
0.32632	0.28965	0.28307
0.0	0.0	0.0
0.16216	0.11662	0.0932
0.20339	0.149	0.12554
0.15556	0.12927	0.12485
0.07937	0.03048	0.05588
0.09091	0.06122	0.05552
0.10769	0.0866	0.05377
0.28	0.15399	0.12533
0.07143	0.02813	0.00422
0.2	0.153	0.16876
0.3125	0.24467	0.19881
0.0	0.0	0.0
0.13333	0.08602	0.06432
0.31884	0.1707	0.15887
0.0	0.0	0.0
0.32787	0.23244	0.222
0.13953	0.12472	0.12051
0.71591	0.5647	0.50825
0.24242	0.19211	0.16131
0.16949	0.09542	0.09142
0.25	0.13729	0.11729
0.32222	0.28082	0.2477
0.3494	0.30995	0.29033
0.27083	0.16735	0.1389
0.27632	0.16597	0.13644
0.03896	0.03038	0.02083
0.04225	0.01954	0.0
0.09589	0.05899	0.04237
0.01471	0.00285	0.0
0.01724	0.00167	0.00285
0.12308	0.08463	0.06856
0.27273	0.13816	0.08067
0.17143	0.08641	0.08222
0.11957	0.0866	0.1047
0.29091	0.24431	0.23312
0.05814	0.05814	0.05556
0.06122	0.0451	0.02903
0.18571	0.14886	0.15434
0.01695	0.00164	0.0
0.01961	0.01614	0.02572
0.2625	0.19054	0.16226
0.19048	0.13595	0.1495
0.18391	0.15666	0.10714
0.1125	0.08891	0.08968
0.075	0.03247	0.01186
0.18487	0.10642	0.11122
0.08108	0.07019	0.04762
0.13158	0.08916	0.10383
0.04545	0.02714	0.04264
0.07792	0.04713	0.02174
0.19277	0.11369	0.13279
0.2	0.11863	0.12987
0.25641	0.15195	0.15335
0.03333	0.00647	0.00539
0.15686	0.08004	0.08848
0.04545	0.03849	0.03774
0.04211	0.02615	0.01786
0.27143	0.20763	0.15202
0.16346	0.12083	0.0878
0.35772	0.29728	0.26262
0.05952	0.03131	0.03774
0.30435	0.2749	0.2619
0.32609	0.23248	0.164
0.05	0.03125	0.01751
0.16327	0.14484	0.13333
0.19718	0.1579	0.14179
0.17647	0.12335	0.1139
0.09091	0.05069	0.05554
0.11321	0.03715	0.02348
0.1375	0.04216	0.02515
0.34848	0.22409	0.17084
0.25373	0.18224	0.12905
0.07143	0.03894	0.02326
0.0	0.0	0.0
0.05797	0.0353	0.02653
0.06667	0.03011	0.03448
0.10714	0.06368	0.07283
0.01429	0.00484	0.0
0.21622	0.12776	0.12189
0.42424	0.30159	0.24086
0.37313	0.27399	0.22661
0.06667	0.03298	0.0
0.25	0.21	0.17109
0.17808	0.11934	0.10311
0.22727	0.11477	0.11719
0.23077	0.13609	0.13892
0.01149	0.00445	0.0
0.14286	0.07683	0.09798
0.03333	0.0207	0.0
0.15942	0.06617	0.06059
0.06154	0.0464	0.02674
0.02752	0.02752	0.03077
0.11765	0.08472	0.07885
0.18023	0.11377	0.09353
0.16049	0.09919	0.11085
0.16129	0.08118	0.06792
0.19333	0.17259	0.19053
0.16393	0.15839	0.13539
0.17391	0.09661	0.09679
0.0493	0.01387	0.01577
0.04412	0.00641	0.00497
0.09677	0.03314	0.02293
0.12766	0.0793	0.02075
0.02667	0.01656	0.0
0.275	0.20889	0.20386
0.16667	0.14307	0.10247
0.24074	0.21969	0.19836
0.33333	0.29903	0.24195
0.01961	0.01614	0.02572
0.07576	0.05353	0.05626
0.10909	0.09267	0.08824
0.18824	0.11539	0.11892
0.13821	0.09403	0.07403
0.21176	0.12108	0.1088
0.24324	0.16349	0.11257
0.0	0.0	0.0
0.0	0.0	0.0
0.05882	0.00856	0.00473
0.06803	0.04982	0.05989
0.08	0.04324	0.01816
0.07143	0.06427	0.07075
0.45	0.35143	0.317
0.24194	0.17016	0.15503
0.22628	0.1792	0.14199
0.12644	0.08826	0.08582
2.5	2.25404	2.12443
0.44776	0.30624	0.28621
0.03896	0.0063	0.00606
0.28571	0.1818	0.13916
0.04615	0.03623	0.03566
0.08721	0.05983	0.05298
0.0	0.0	0.0
0.01429	0.00484	0.0
0.38462	0.34204	0.2766
0.16	0.11947	0.11644
0.15517	0.12738	0.11018
0.20988	0.17146	0.16438
0.1875	0.13206	0.11454
0.4086	0.26331	0.22702
0.175	0.12583	0.08794
0.2093	0.13336	0.11292
0.21212	0.16278	0.1547
0.02353	0.01405	0.01961
0.14201	0.14201	0.13084
0.20619	0.19572	0.18253
0.15909	0.1078	0.12719
0.07895	0.05774	0.04444
0.19643	0.18462	0.14706
0.125	0.07543	0.07356
0.0	0.0	0.0
0.125	0.125	0.08824
0.18519	0.17026	0.15625
0.28682	0.20807	0.19606
0.28571	0.27138	0.18197
0.12766	0.12766	0.13333
0.13953	0.0808	0.08192
0.37736	0.22979	0.23153
0.03571	0.02674	0.02745
0.24762	0.12109	0.1011
0.02222	0.02222	0.01961
0.09195	0.06471	0.0566
0.27778	0.2497	0.21212
0.20968	0.12126	0.12427
0.35354	0.1944	0.1702
0.11688	0.10034	0.09852
0.10638	0.09163	0.08611
0.01987	0.01987	0.02222
0.0678	0.02763	0.00524
0.025	0.01734	0.01887
0.21429	0.13396	0.09403
0.19149	0.1004	0.08476
0.25926	0.21706	0.212
0.07778	0.0235	0.02605
0.19298	0.13556	0.10818
0.17241	0.15684	0.16478
0.325	0.1835	0.16528
0.08108	0.05166	0.0466
0.07692	0.05749	0.04242
0.46364	0.40236	0.33087
0.09565	0.07462	0.06982
0.03226	0.03226	0.0
0.16176	0.11291	0.10217
0.07895	0.06707	0.05882
0.03488	0.02438	0.01961
0.15385	0.09448	0.10157
0.18462	0.10102	0.11492
0.09091	0.09091	0.05714
0.04	0.02484	0.0
0.26087	0.16319	0.17254
0.11667	0.06212	0.03047
0.08451	0.04908	0.05207
0.51351	0.31651	0.20629
0.06977	0.04595	0.04474
0.01333	0.00129	0.00216
0.17978	0.16438	0.12791
0.03529	0.01746	0.01961
0.30645	0.26718	0.24411
0.14925	0.12181	0.10445
0.03448	0.03448	0.01887
0.20472	0.17223	0.17967
0.33333	0.32112	0.30769
0.16667	0.11453	0.09679
0.26	0.22034	0.18763
0.38462	0.24497	0.18795
0.10185	0.06646	0.06982
0.02857	0.01774	0.0
0.04202	0.0137	0.00532
0.09091	0.08374	0.0678
0.25253	0.21376	0.1962
0.07595	0.06942	0.05285
0.53846	0.40697	0.36321
0.18571	0.14401	0.13966
0.05882	0.05479	0.04878
0.12903	0.06558	0.06539
0.05063	0.04043	0.02128
0.1165	0.08708	0.08639
0.20513	0.12842	0.11627
0.25	0.17906	0.15968
0.21978	0.12567	0.09818
0.14493	0.08252	0.06677
0.39344	0.25811	0.25553
0.0922	0.05526	0.0444
0.2013	0.15899	0.15803
0.24561	0.18026	0.18709
0.32857	0.30461	0.29558
0.04615	0.0206	0.00249
0.0198	0.0123	0.0
0.23232	0.14357	0.12905
0.22727	0.16802	0.15441
0.06494	0.05635	0.04167
0.17978	0.12325	0.11655
0.02941	0.01826	0.0
0.2381	0.21327	0.18446
0.03509	0.02942	0.0
0.06061	0.03691	0.025
0.27941	0.17624	0.20179
0.18644	0.15952	0.15412
0.09155	0.08587	0.08333
0.08065	0.0471	0.02703
0.0	0.0	0.0
0.03529	0.01746	0.01961
0.00971	0.00235	0.0
0.12	0.06947	0.04462
4.04167	3.94288	3.64286
0.0	0.0	0.0
0.29851	0.19072	0.17744
0.06061	0.02282	0.01859
0.15	0.09276	0.10283
0.21552	0.17145	0.15896
0.12222	0.08083	0.0743
0.08065	0.02942	0.00255
0.05882	0.02769	0.01798
0.27778	0.26822	0.19071
0.05952	0.03131	0.03774
0.0	0.0	0.0
0.17241	0.13071	0.12285
0.25	0.15239	0.13949
0.56757	0.45709	0.35919
0.06154	0.03672	0.02813
0.17647	0.12075	0.13316
0.42553	0.28381	0.26609
0.2766	0.23783	0.21372
0.19298	0.14009	0.154
0.4375	0.35306	0.33299
0.1453	0.07212	0.06956
0.0	0.0	0.0
0.10119	0.0579	0.05606
0.07692	0.06443	0.05772
0.34426	0.30803	0.31935
0.03922	0.03922	0.03333
0.10345	0.04784	0.04794
0.11494	0.06879	0.05838
0.03797	0.02899	0.02867
0.128	0.08543	0.10794
0.0	0.0	0.0
0.63158	0.47451	0.43395
0.19737	0.17403	0.15725
0.36	0.24292	0.23741
0.072	0.05046	0.04621
0.12195	0.1013	0.10034
0.03077	0.03077	0.025
0.06383	0.01547	0.0
0.16667	0.10627	0.09726
0.15044	0.11735	0.10553
0.08594	0.04235	0.02695
0.12245	0.0629	0.0355
0.2043	0.15784	0.11688
0.09489	0.05711	0.07052
0.14493	0.1019	0.10016
0.06154	0.01342	0.01738
0.16993	0.10744	0.08303
0.15455	0.10061	0.07781
0.02747	0.01552	0.01184
0.05844	0.04902	0.0391
0.0	0.0	0.0
0.15789	0.09807	0.09963
0.04918	0.00954	0.0
0.12162	0.06301	0.06417
0.03478	0.01417	0.01545
0.14706	0.08635	0.0779
0.3619	0.30338	0.25252
0.30303	0.17991	0.18033
0.30769	0.24023	0.20102
0.31343	0.20079	0.18119
0.10309	0.06369	0.06267
0.28571	0.23374	0.22097
0.20349	0.12042	0.12022
0.10526	0.06182	0.05395
0.09091	0.05353	0.05
0.01449	0.00701	0.01152
0.14286	0.05042	0.03956
0.12222	0.12222	0.10909
0.0463	0.0345	0.02248
0.22222	0.19151	0.177
0.22857	0.10673	0.1043
0.02469	0.02469	0.01961
0.02439	0.0065	0.00388
0.25688	0.22196	0.20637
0.34667	0.21897	0.19896
0.06452	0.03763	0.01076
0.10256	0.09409	0.06818
0.39506	0.29254	0.23516
0.50877	0.30537	0.25534
0.0	0.0	0.0
0.18182	0.13813	0.12903
0.0	0.0	0.0
0.10526	0.05349	0.07187
0.35556	0.23026	0.24059
0.22667	0.18496	0.16673
0.22314	0.15823	0.12421
0.41414	0.36153	0.34948
0.09028	0.03407	0.01776
0.22785	0.2009	0.17638
0.18072	0.17217	0.15275
0.19048	0.14869	0.13783
0.03333	0.01542	0.00353
0.15217	0.15217	0.14815
0.08182	0.05734	0.05681
0.1194	0.04866	0.05351
0.18571	0.11869	0.07428
0.0473	0.0303	0.03333
0.1	0.04174	0.02779
0.36296	0.25904	0.23837
0.0	0.0	0.0
0.10667	0.08473	0.06006
0.05747	0.0193	0.0207
0.33333	0.20608	0.1843
0.01613	0.00781	0.01274
0.09774	0.05556	0.04651
0.16154	0.11055	0.09194
0.0	0.0	0.0
0.16471	0.07878	0.06453
0.22667	0.16991	0.13745
0.06306	0.03169	0.03393
0.04444	0.0165	0.00511
0.14286	0.07056	0.0396
0.0	0.0	0.0
0.09091	0.02038	0.00915
0.10959	0.05437	0.02869
0.128	0.08105	0.08603
0.23077	0.23077	0.19643
0.15464	0.07153	0.05197
0.11111	0.05122	0.07483
0.23894	0.14748	0.15951
0.1619	0.07314	0.07776
0.08696	0.05765	0.0577
0.06993	0.0422	0.0379
0.19863	0.19344	0.17204
0.04348	0.04348	0.03571
0.18447	0.08693	0.07103
0.22222	0.11524	0.071
0.15	0.07421	0.0497
0.12791	0.07355	0.08794
0.0493	0.01387	0.01577
0.03448	0.03448	0.02857
0.26471	0.23862	0.23171
0.08696	0.02983	0.0136
0.19266	0.19266	0.16923
0.04167	0.03047	0.02326
0.25	0.14216	0.10524
0.0	0.0	0.0
0.23171	0.15873	0.16006
0.15152	0.08213	0.0835
0.03175	0.02356	0.01274
0.14706	0.08399	0.08302
0.15888	0.15888	0.13846
0.08861	0.06208	0.0529
0.06818	0.0402	0.03186
0.0	0.0	0.0
0.10667	0.04345	0.02438
0.12698	0.09397	0.06123
0.31429	0.26567	0.21944
0.1	0.06582	0.06452
0.14961	0.10124	0.09975
0.19643	0.11162	0.10823
0.09474	0.09474	0.10909
0.02105	0.00714	0.0
0.02062	0.00449	0.0
0.35593	0.24058	0.17911
0.11111	0.08931	0.07673
0.48333	0.28337	0.23092
0.24348	0.15585	0.14077
0.16216	0.12294	0.12646
0.22308	0.20993	0.19873
0.22581	0.14952	0.15645
0.2716	0.19278	0.14233
0.30909	0.19564	0.15147
0.1828	0.13131	0.10802
0.0125	0.00605	0.0103
0.16514	0.13289	0.13769
0.16406	0.12752	0.12461
0.02667	0.02667	0.02083
0.04717	0.0204	0.01769
0.05556	0.04503	0.02439
0.10769	0.0783	0.06177
0.20968	0.15845	0.13413
0.31579	0.19132	0.17817
0.04959	0.03745	0.0274
0.32911	0.24032	0.22516
0.42683	0.3934	0.37635
0.06977	0.05084	0.04506
0.26316	0.23788	0.21555
0.34667	0.32021	0.28394
0.12883	0.08828	0.08351
0.45238	0.37369	0.39789
0.11594	0.07949	0.06977
0.06081	0.02976	0.01477
0.0	0.0	0.0
0.10714	0.07489	0.06664
0.1134	0.07633	0.06174
0.19492	0.12564	0.11551
0.24638	0.21201	0.13549
0.14474	0.10888	0.08102
0.31061	0.21032	0.19478
0.0	0.0	0.0
0.25547	0.16579	0.13871
0.2	0.183	0.19909
0.36364	0.35452	0.35758
0.01389	0.00135	0.0
0.3253	0.23827	0.21633
0.12931	0.06134	0.05775
0.12676	0.10814	0.02222
0.22807	0.16536	0.13035
0.13699	0.09148	0.10062
0.22619	0.10835	0.11198
0.2973	0.17686	0.15719
0.09615	0.05646	0.05429
0.125	0.07493	0.06965
0.10526	0.07193	0.04627
0.28	0.16972	0.15056
0.11579	0.04553	0.05769
0.16667	0.10814	0.08432
0.49123	0.45954	0.39428
0.09322	0.05974	0.06724
0.05208	0.03629	0.03509
0.16505	0.1522	0.14442
0.0339	0.01231	0.01478
0.09474	0.07675	0.05249
0.05747	0.0193	0.0207
0.04237	0.00985	0.00135
0.09375	0.05709	0.04075
0.16667	0.10027	0.09439
0.06667	0.03657	0.05825
0.10476	0.04242	0.03854
0.11905	0.07283	0.07124
0.15686	0.15085	0.14516
0.04255	0.04255	0.03125
0.15748	0.09527	0.10333
0.45562	0.36375	0.31804
0.04196	0.02943	0.01939
0.10059	0.08466	0.07748
0.22222	0.11354	0.07155
0.14286	0.14286	0.13514
0.19298	0.12268	0.10279
0.34921	0.27025	0.20989
0.0177	0.00771	0.00682
0.06557	0.01825	0.01485
0.06	0.02582	0.03818
0.144	0.10439	0.09096
0.10127	0.04901	0.0254
0.20482	0.14459	0.11352
0.0	0.0	0.0
0.02521	0.00408	0.00393
0.05917	0.03769	0.03521
0.00613	0.00178	0.00302
0.01266	0.00306	0.0
0.14103	0.08065	0.04
0.15476	0.09293	0.1045
0.04054	0.03095	0.03
0.21698	0.21698	0.1791
0.43529	0.39185	0.36624
0.47799	0.40751	0.37359
0.05405	0.02203	0.02438
0.05882	0.0305	0.01901
0.32407	0.24853	0.23052
0.1453	0.10161	0.06607
0.08475	0.04908	0.03601
0.08955	0.06355	0.08102
0.04082	0.03555	0.02515
0.24719	0.18812	0.18065
0.03846	0.03154	0.02746
0.04706	0.04706	0.03704
0.11446	0.10562	0.09901
0.20388	0.16208	0.1741
0.136	0.10698	0.0953
0.14493	0.0872	0.07877
0.31111	0.21274	0.16787
0.10465	0.0889	0.07191
0.22222	0.18953	0.19496
0.10145	0.07481	0.06416
0.14563	0.11307	0.11239
0.09286	0.08284	0.06874
0.1831	0.07772	0.03533
0.0	0.0	0.0
0.2	0.11712	0.087
0.29412	0.14544	0.1315
0.0	0.0	0.0
0.01724	0.01084	0.01613
0.03797	0.03797	0.04082
0.15	0.11635	0.08067
0.11834	0.1086	0.09249
0.10588	0.08104	0.05162
0.08	0.0326	0.03783
0.12698	0.08502	0.10549
0.16	0.0481	0.01293
0.12766	0.07621	0.07566
0.14545	0.08185	0.052
0.06757	0.02726	0.03437
0.0	0.0	0.0
0.11719	0.09175	0.09636
0.08929	0.04162	0.02875
0.0	0.0	0.0
0.06931	0.05112	0.03742
0.10811	0.07106	0.07704
0.03704	0.03704	0.03226
0.03371	0.00871	0.00183
0.35556	0.30324	0.25472
0.20513	0.18446	0.17241
0.0303	0.0303	0.02564
0.12371	0.06171	0.06668
0.11429	0.07697	0.07002
0.08696	0.02983	0.0136
0.18868	0.14336	0.1278
0.05	0.03408	0.03452
0.38462	0.30181	0.2511
0.09091	0.09091	0.05714
0.09783	0.07925	0.07188
0.32895	0.28472	0.27611
0.18557	0.13471	0.13015
0.13725	0.10563	0.09678
0.01031	0.00349	0.0
0.1	0.07356	0.06452
0.33333	0.22686	0.2116
0.06957	0.04853	0.04242
0.05839	0.03015	0.02762
0.35294	0.34109	0.27792
0.28889	0.27133	0.24943
0.28889	0.27133	0.24943
0.09836	0.08515	0.05774
0.34906	0.25384	0.24131
0.01429	0.00277	0.00473
0.20213	0.14278	0.12875
0.10784	0.07164	0.07351
0.08235	0.02886	0.03896
0.0	0.0	0.0
0.35088	0.22272	0.21571
0.28378	0.21735	0.17993
0.06897	0.03171	0.04936
0.14607	0.12433	0.1117
0.21277	0.13386	0.10681
0.12727	0.10337	0.09981
0.3617	0.19981	0.1755
0.00901	0.00901	0.0
0.16092	0.13052	0.11452
0.16	0.15355	0.13158
0.11494	0.08028	0.08333
0.1165	0.09349	0.08495
0.20588	0.14731	0.12244
0.02597	0.02304	0.03942
0.14912	0.12465	0.1138
0.05797	0.03671	0.02714
0.03419	0.02771	0.0137
0.0	0.0	0.0
0.0678	0.02763	0.00524
0.08738	0.05341	0.05619
0.23333	0.1769	0.13039
0.0	0.0	0.0
0.06452	0.05048	0.07081
0.44944	0.31245	0.30129
0.18889	0.12851	0.13725
0.03636	0.03636	0.0
0.17808	0.1231	0.08311
0.16949	0.12493	0.08742
0.18182	0.18182	0.1875
0.21739	0.19028	0.146
0.23944	0.16538	0.13951
0.21918	0.13414	0.13743
0.18033	0.18033	0.15
0.14286	0.10493	0.07407
0.05479	0.00797	0.00422
0.07627	0.03255	0.03039
0.34884	0.20464	0.183
0.17105	0.12586	0.11676
0.13924	0.10025	0.10535
0.03488	0.02776	0.01887
0.23301	0.21125	0.19539
0.02857	0.00899	0.00674
0.02062	0.00449	0.0
0.21311	0.15839	0.14516
0.07042	0.07042	0.04545
0.03175	0.02356	0.01274
0.03448	0.03448	0.03774
0.43077	0.37172	0.29668
0.06557	0.03305	0.04665
0.22388	0.11799	0.0724
0.032	0.01188	0.00383
0.18571	0.11821	0.10937
0.18182	0.17514	0.12903
0.02326	0.01444	0.0
0.06154	0.02655	0.00944
0.07792	0.03479	0.02747
0.01031	0.00349	0.0
0.08594	0.06893	0.03947
0.20661	0.11706	0.10893
0.36709	0.20767	0.16855
0.07778	0.03299	0.03227
0.06723	0.06045	0.05634
0.075	0.02523	0.0269
0.07353	0.04294	0.02381
0.12821	0.08635	0.06607
0.05208	0.03629	0.03509
0.01449	0.00491	0.0
0.22222	0.12996	0.09973
0.3806	0.28155	0.27013
0.23913	0.17676	0.18006
0.07246	0.02643	0.02326
0.075	0.03369	0.04
0.21429	0.12332	0.07151
0.18293	0.08127	0.05988
0.10526	0.10526	0.10256
0.06061	0.04839	0.05626
0.19048	0.14192	0.12963
0.16495	0.11076	0.10948
0.07547	0.04779	0.03077
0.4186	0.30837	0.29965
0.01471	0.00285	0.0
0.34375	0.23013	0.18364
0.17568	0.09049	0.06123
0.01075	0.0026	0.0
0.12195	0.11212	0.08388
0.14706	0.08682	0.09475
0.22857	0.16337	0.1503
0.05263	0.02194	0.01899
0.0367	0.02841	0.03177
0.06364	0.05074	0.03962
0.33146	0.32911	0.32319
0.23864	0.17286	0.15325
0.16049	0.13501	0.16
0.14754	0.0931	0.08661
0.22222	0.22222	0.21212
0.17308	0.17308	0.15625
0.23846	0.14791	0.12781
0.18421	0.13138	0.15556
0.08434	0.06549	0.06122
0.05085	0.02925	0.0152
0.10959	0.05658	0.05648
0.04478	0.00724	0.00693
0.3913	0.27422	0.27313
0.05607	0.04854	0.04762
0.25926	0.18958	0.19751
0.11268	0.07679	0.05914
0.03448	0.03448	0.02817
0.09016	0.0517	0.03312
0.48438	0.34305	0.27385
0.06748	0.0479	0.03581
0.07042	0.04839	0.02326
0.05932	0.02598	0.03039
0.18605	0.14217	0.12745
0.15464	0.05888	0.05774
0.03774	0.01401	0.02017
0.71875	0.47238	0.33262
0.05455	0.03049	0.04079
0.2268	0.17943	0.16494
0.07273	0.01058	0.01176
0.59524	0.41824	0.39548
0.1	0.07697	0.04986
0.04854	0.02835	0.02319
0.07547	0.06026	0.06453
0.11364	0.07186	0.05243
0.08642	0.03785	0.04571
0.14737	0.10646	0.11438
0.23913	0.2053	0.19582
0.10596	0.07029	0.05896
0.12712	0.06412	0.03003
0.17647	0.10075	0.10418
0.10606	0.05085	0.02632
0.49425	0.30908	0.29036
0.10588	0.07629	0.07946
0.33766	0.29474	0.28087
0.13978	0.13978	0.12727
0.02857	0.01567	0.02222
0.24719	0.23125	0.21485
0.18644	0.15637	0.17635
0.0	0.0	0.0
0.06329	0.04737	0.0575
0.08462	0.07382	0.06059
0.04854	0.02694	0.01613
0.08108	0.02988	0.01722
0.44186	0.36726	0.28846
0.1519	0.11903	0.1314
0.11765	0.10674	0.04878
0.0	0.0	0.0
0.16	0.09744	0.06452
0.03226	0.01769	0.02778
0.17204	0.10477	0.06623
0.10417	0.07275	0.07456
0.02439	0.01902	0.01408
0.26471	0.26471	0.23077
0.15873	0.15873	0.13158
0.35238	0.28495	0.27142
0.19737	0.14984	0.11358
0.3253	0.16716	0.15604
0.2233	0.15301	0.11515
0.26415	0.25396	0.21117
0.07895	0.04935	0.03519
0.04348	0.02287	0.02778
0.14085	0.07137	0.05648
0.11905	0.0895	0.04281
0.1	0.06613	0.06711
0.01099	0.01099	0.01786
0.19672	0.14252	0.11197
0.28846	0.22195	0.19663
0.0	0.0	0.0
0.0	0.0	0.0
0.06742	0.04893	0.03929
0.13462	0.10299	0.09047
0.32743	0.27636	0.25662
0.04762	0.01038	0.00334
0.19718	0.1379	0.10676
0.0	0.0	0.0
0.48718	0.3925	0.3852
0.08451	0.05794	0.03706
0.13187	0.11414	0.10909
0.18103	0.09485	0.07066
0.15132	0.11334	0.11186
0.06383	0.01186	0.00836
0.18182	0.12795	0.12285
0.38519	0.24926	0.24493
0.12963	0.10156	0.0999
0.36522	0.33927	0.33666
0.05263	0.03333	0.02273
0.02778	0.00672	0.0
0.04878	0.04878	0.05882
0.12121	0.04645	0.03266
0.0	0.0	0.0
0.02727	0.00748	0.0
0.54237	0.4292	0.3936
0.08451	0.03727	0.04032
0.05618	0.02266	0.00183
0.32787	0.22634	0.2613
0.23881	0.18681	0.14239
0.0	0.0	0.0
0.36782	0.34243	0.30516
0.14286	0.0847	0.06455
0.12308	0.08686	0.07693
0.06452	0.03174	0.01655
0.23214	0.23214	0.18182
0.15625	0.10736	0.10548
0.24138	0.1793	0.14354
0.16406	0.12123	0.10307
0.0	0.0	0.0
0.2	0.13402	0.12
0.06604	0.03987	0.03509
0.1619	0.06485	0.05621
0.1	0.07044	0.07645
0.17778	0.09609	0.07121
0.10127	0.06309	0.06315
0.02667	0.01484	0.02209
0.34821	0.26817	0.2583
0.30303	0.25294	0.22545
0.15	0.12037	0.10845
0.38158	0.25343	0.22683
0.21795	0.16729	0.1499
0.11364	0.06234	0.09104
0.08197	0.07033	0.05263
0.22	0.18806	0.1759
0.19588	0.13655	0.1151
0.21739	0.12065	0.11514
0.12409	0.08477	0.09255
0.02941	0.00285	0.00462
0.09877	0.0689	0.07308
0.04348	0.02594	0.03659
0.08108	0.02161	0.0226
0.24	0.16003	0.14654
0.0	0.0	0.0
0.21649	0.17444	0.17607
0.02703	0.00589	0.0
0.23404	0.17213	0.1578
0.21277	0.12906	0.08419
0.24615	0.16975	0.192
0.18919	0.18047	0.17426
0.08696	0.04091	0.03383
0.20833	0.11275	0.11146
0.08247	0.06453	0.06533
0.12727	0.12727	0.14706
0.33333	0.23369	0.23848
0.0	0.0	0.0
0.04054	0.00655	0.00677
0.04706	0.01973	0.01252
0.15493	0.15493	0.13953
0.01333	0.00452	0.0
0.06579	0.06218	0.05563
0.27273	0.19944	0.16026
0.04706	0.03758	0.01961
0.10577	0.09724	0.08223
0.15094	0.11018	0.09954
0.37634	0.28012	0.2968
0.0339	0.01231	0.01478
0.31579	0.31579	0.25
0.10526	0.08532	0.06383
0.0	0.0	0.0
0.17949	0.041	0.02021
0.02817	0.00751	0.0
0.07447	0.02764	0.02726
0.44068	0.41663	0.35946
0.09783	0.08801	0.06897
0.27941	0.21799	0.19356
0.08081	0.04075	0.02049
0.1519	0.12189	0.13978
0.15854	0.09954	0.04492
0.24837	0.21539	0.19831
0.16484	0.11256	0.10196
0.08861	0.04554	0.04394
0.23881	0.20028	0.1834
0.01754	0.0017	0.00255
0.30208	0.20381	0.17629
0.28358	0.23473	0.20124
0.10345	0.0459	0.05003
0.34884	0.35672	0.32143
0.26667	0.15829	0.15188
0.08333	0.06452	0.03783
0.04717	0.0204	0.01769
0.2766	0.23319	0.20668
0.24286	0.17351	0.1525
0.25373	0.16346	0.15537
0.0	0.0	0.0
0.01695	0.00329	0.0
0.02941	0.02941	0.02381
0.16129	0.13025	0.12007
0.26471	0.10891	0.08578
0.0	0.0	0.0
0.10667	0.04345	0.02438
0.12632	0.12632	0.14545
0.12963	0.08931	0.09091
0.32099	0.24216	0.19712
0.02128	0.00721	0.0
0.13953	0.07353	0.07103
0.10769	0.08883	0.0871
0.38202	0.24902	0.2303
0.22388	0.1613	0.15263
0.12903	0.05569	0.06029
0.18627	0.13837	0.11942
0.34483	0.24251	0.21447
0.12727	0.11305	0.0993
0.06154	0.04145	0.03566
0.12308	0.08662	0.08027
0.12037	0.06258	0.06477
0.29167	0.19044	0.1918
0.44828	0.3336	0.27783
0.04545	0.03544	0.02564
0.2459	0.15921	0.16132
0.06306	0.03169	0.03393
0.0	0.0	0.0
0.20755	0.11291	0.14761
0.14737	0.13667	0.08925
0.23188	0.15012	0.15017
0.21429	0.09375	0.11198
0.1746	0.11165	0.09213
0.0495	0.04248	0.03279
0.25926	0.14355	0.13053
0.02381	0.01651	0.02
0.36232	0.1887	0.16979
0.12088	0.09979	0.08727
0.13953	0.06865	0.08781
0.02247	0.02247	0.01754
0.20144	0.18195	0.15174
0.45	0.27207	0.24787
0.07759	0.03505	0.01818
0.0	0.0	0.0
0.19298	0.12849	0.06168
0.2027	0.13757	0.11952
0.12766	0.05818	0.04868
0.02326	0.02326	0.01887
0.0	0.0	0.0
0.08235	0.04367	0.04987
0.23377	0.14518	0.13748
0.21127	0.19469	0.14736
0.14667	0.13333	0.12766
0.09231	0.06825	0.05
0.05128	0.04156	0.02174
0.14286	0.08411	0.09532
0.15942	0.11922	0.13212
0.06944	0.06944	0.06818
0.375	0.24454	0.25332
0.33846	0.21714	0.1992
0.26087	0.21074	0.22819
0.10909	0.0402	0.02153
0.04706	0.01861	0.02171
0.2	0.14438	0.11409
0.3	0.21997	0.17743
0.10256	0.067	0.03931
0.175	0.1623	0.14226
0.08247	0.05089	0.06267
0.14912	0.10967	0.09503
0.64634	0.54352	0.47092
0.12879	0.09007	0.0615
0.18987	0.12986	0.11973
0.05096	0.03134	0.01856
0.15854	0.08538	0.07776
0.08088	0.06393	0.06414
0.38462	0.22534	0.20767
0.29333	0.24432	0.2188
0.01449	0.00491	0.0
0.0	0.0	0.0
0.09375	0.05445	0.05377
0.03261	0.00632	0.00173
0.18462	0.16936	0.14414
0.11724	0.10156	0.10112
0.09859	0.06521	0.04651
0.35556	0.35556	0.3488
0.15789	0.08562	0.05063
0.08824	0.04366	0.01798
0.05926	0.0245	0.0024
0.25455	0.15619	0.12158
0.32258	0.24941	0.22609
0.03409	0.02658	0.01887
0.02299	0.02299	0.01852
0.17273	0.1075	0.10176
0.09375	0.04866	0.03559
0.04762	0.03559	0.02632
0.35526	0.25469	0.20915
0.14286	0.14286	0.13559
0.21898	0.20251	0.18745
0.07547	0.06026	0.06453
0.17266	0.17266	0.15476
0.18056	0.11314	0.09993
0.32353	0.21668	0.18352
0.22222	0.07249	0.0565
0.15789	0.14601	0.15686
0.04132	0.02693	0.01438
0.06494	0.044	0.02128
0.35821	0.25688	0.22167
0.07292	0.05074	0.0339
0.24468	0.15402	0.14589
0.15116	0.12201	0.11533
0.02158	0.01891	0.02011
0.04225	0.02225	0.02804
0.14103	0.11995	0.11874
0.2803	0.18868	0.1492
0.18978	0.08974	0.08047
0.21538	0.14766	0.15428
0.23729	0.22198	0.16667
0.02727	0.00748	0.0
0.112	0.08323	0.06091
0.15534	0.08833	0.06131
0.1087	0.10151	0.08772
0.38776	0.33609	0.31081
0.27907	0.13881	0.13322
0.21359	0.12938	0.12637
0.23077	0.16923	0.14516
0.3125	0.23048	0.22162
0.09211	0.06154	0.0428
0.16667	0.09331	0.06688
0.22222	0.17707	0.16014
0.0354	0.00515	0.0029
0.03614	0.03614	0.02941
0.04938	0.04938	0.04
0.2029	0.2029	0.17391
0.32258	0.19697	0.17321
0.20968	0.17274	0.16303
0.16949	0.1106	0.0933
0.22857	0.20899	0.19279
0.19101	0.11492	0.07426
0.19697	0.132	0.10981
0.26882	0.18369	0.14459
0.02222	0.02222	0.01961
0.12088	0.0943	0.07863
0.07333	0.03227	0.02117
0.08108	0.05198	0.04301
0.37113	0.32959	0.31495
0.31818	0.21047	0.18148
0.0989	0.05887	0.07586
0.32	0.20712	0.21196
0.0	0.0	0.0
0.06977	0.02864	0.02053
0.19149	0.13651	0.13825
0.18367	0.15127	0.12152
0.0	0.0	0.0
0.17931	0.15462	0.15484
0.30909	0.18288	0.14029
0.2619	0.15595	0.16607
0.12903	0.07837	0.06433
0.16667	0.07471	0.07791
0.19	0.16065	0.17028
0.10897	0.10474	0.09574
0.12329	0.07468	0.06002
0.26804	0.18792	0.15098
0.13415	0.0962	0.0871
0.28873	0.22172	0.21352
0.18182	0.10031	0.1173
0.09375	0.07611	0.06369
0.1519	0.13168	0.14515
0.0	0.0	0.0
0.02222	0.02222	0.01754
0.07299	0.03486	0.04952
0.13043	0.10432	0.11233
0.18935	0.08975	0.06058
0.11765	0.03627	0.03989
0.1157	0.05468	0.03918
0.20968	0.17327	0.16937
0.08861	0.04554	0.04394
0.25	0.18697	0.16968
0.06061	0.05401	0.03103
0.05063	0.04043	0.02128
0.08065	0.05205	0.07081
0.0	0.0	0.0
0.24	0.15099	0.15375
0.21429	0.17513	0.153
0.22642	0.18003	0.20917
0.01136	0.01136	0.0
0.32143	0.23762	0.16634
0.09402	0.06246	0.05479
0.06122	0.0196	0.00485
0.16667	0.11591	0.12903
0.1	0.04943	0.05938
0.28161	0.16541	0.14818
0.13014	0.07866	0.07059
0.07447	0.03055	0.02095
0.05926	0.04063	0.048
0.10476	0.09985	0.06556
0.02222	0.00538	0.00173
0.17143	0.06593	0.06115
0.30769	0.15342	0.2109
0.07767	0.07125	0.04762
0.2	0.15432	0.14381
0.20536	0.14086	0.12097
0.2907	0.24926	0.2395
0.25397	0.14366	0.11173
0.23077	0.21688	0.20513
0.07285	0.03366	0.02123
0.29333	0.23959	0.2201
0.01282	0.00435	0.0
0.05634	0.01161	0.00431
0.1194	0.10954	0.1
0.12245	0.07903	0.07581
0.11957	0.07172	0.05704
0.02222	0.01171	0.0012
0.37226	0.28988	0.2932
0.43478	0.21022	0.14174
0.13462	0.08996	0.07937
0.41053	0.29407	0.27646
0.0411	0.03204	0.02326
0.02105	0.00714	0.0
0.01515	0.01515	0.01205
0.08247	0.07316	0.03554
0.12676	0.06601	0.05097
0.09859	0.06521	0.04651
0.13953	0.11534	0.10585
0.10569	0.08602	0.09099
0.22222	0.11354	0.07155
0.21739	0.16639	0.18393
0.12037	0.04885	0.04431
0.05825	0.02882	0.01667
0.29091	0.19326	0.16828
0.2605	0.23937	0.22624
0.02581	0.01052	0.00213
0.09677	0.04866	0.02965
0.27922	0.19922	0.20801
0.0	0.0	0.0
0.2233	0.14582	0.09058
0.02667	0.01785	0.02128
0.17778	0.15501	0.15542
0.23077	0.09205	0.05353
0.16346	0.16346	0.14754
0.17105	0.11376	0.11977
0.05263	0.04313	0.01859
0.34667	0.21552	0.17173
0.12857	0.0788	0.12222
0.04717	0.03743	0.02957
0.17021	0.13822	0.13279
0.09375	0.05697	0.05774
0.15385	0.08363	0.07866
0.05512	0.02567	0.02109
0.18699	0.10061	0.08377
0.11538	0.06309	0.04986
0.21795	0.16997	0.13254
0.03968	0.02087	0.02564
0.04464	0.03254	0.01976
0.07778	0.03514	0.02095
0.41346	0.27761	0.27711
0.11321	0.08309	0.06785
0.30488	0.23328	0.22418
0.46032	0.25967	0.22849
0.04651	0.0407	0.03621
0.26316	0.23602	0.21672
0.08772	0.06635	0.04194
0.10843	0.07648	0.07602
0.11043	0.09628	0.09581
0.13445	0.0976	0.1093
0.02963	0.02294	0.02496
0.32911	0.21503	0.21794
0.02222	0.00538	0.00173
0.07477	0.06542	0.04251
0.10156	0.05773	0.06054
0.18182	0.12074	0.09177
0.19469	0.18213	0.15714
0.04396	0.02056	0.00537
0.35537	0.32484	0.28927
0.0	0.0	0.0
0.14935	0.09825	0.07487
0.13821	0.0859	0.08438
0.31959	0.25276	0.23266
0.05172	0.03129	0.01658
0.12621	0.09679	0.10334
0.1	0.05888	0.03047
0.21111	0.11381	0.07831
0.3125	0.24964	0.22562
0.03409	0.00606	0.00549
0.08772	0.04219	0.05763
0.06796	0.0271	0.02635
0.2426	0.2303	0.18762
0.34831	0.26896	0.23414
0.06364	0.01235	0.0
0.38095	0.29829	0.23533
0.30337	0.23931	0.22159
0.08081	0.04075	0.02049
0.38346	0.31859	0.31273
0.10345	0.08552	0.07751
0.06796	0.03775	0.01587
0.01075	0.00209	0.0
0.27536	0.2403	0.23481
0.25	0.23657	0.22222
0.26667	0.19096	0.17491
0.19286	0.15129	0.12516
0.19792	0.1329	0.13884
0.07778	0.04983	0.02347
0.20513	0.14497	0.12182
0.025	0.01794	0.00926
0.09091	0.03993	0.05403
0.11111	0.05492	0.0507
0.18182	0.17466	0.15807
0.20769	0.16551	0.15115
0.19697	0.132	0.10981
0.40909	0.28308	0.24471
0.22892	0.14053	0.12781
0.11404	0.09339	0.11018
0.14407	0.09992	0.07607
0.14286	0.07974	0.05957
0.0125	0.00242	0.0
0.03077	0.01836	0.01282
0.1716	0.10701	0.0691
0.13223	0.05508	0.03668
0.1457	0.06796	0.04552
0.1831	0.07772	0.03533
0.03636	0.00616	0.0
0.22785	0.11437	0.10519
0.26087	0.11747	0.12589
0.02667	0.02667	0.02083
0.06977	0.05326	0.07143
0.36364	0.23642	0.25349
0.29545	0.18111	0.13186
0.0625	0.0625	0.05128
0.0	0.0	0.0
0.21739	0.11578	0.08607
0.0	0.0	0.0
0.04545	0.03849	0.03774
0.0	0.0	0.0
0.19277	0.1277	0.12525
0.01724	0.00167	0.00285
0.1	0.05307	0.02876
0.10811	0.08501	0.07098
0.60976	0.45854	0.36247
0.05556	0.04503	0.02439
0.28049	0.21067	0.24133
0.26804	0.22681	0.23293
0.35156	0.31251	0.2941
0.24638	0.12393	0.0845
0.22667	0.18281	0.16164
0.16923	0.15906	0.12821
0.2449	0.13367	0.12664
0.07353	0.02469	0.0071
0.1	0.06582	0.06452
0.52273	0.40909	0.39376
0.27941	0.15682	0.15817
0.0	0.0	0.0
0.06796	0.04871	0.05619
0.02632	0.00637	0.0
0.16327	0.15471	0.16333
0.01667	0.01667	0.02778
0.14773	0.09222	0.08009
0.12857	0.08734	0.05611
0.28182	0.23785	0.19575
0.07576	0.05498	0.04878
0.10526	0.09211	0.08467
0.24242	0.14518	0.12989
0.0	0.0	0.0
0.02083	0.01008	0.01669
0.18797	0.13608	0.13302
0.01695	0.01695	0.0
0.36364	0.28792	0.25729
0.24074	0.11265	0.09965
0.01653	0.01626	0.01326
0.20896	0.14181	0.1421
0.44156	0.29158	0.29948
0.62162	0.43154	0.38406
0.09859	0.06658	0.07098
0.06349	0.02357	0.03142
0.1087	0.07733	0.05357
0.28283	0.24716	0.27292
0.06383	0.02747	0.00909
0.16162	0.11128	0.08377
0.29808	0.28939	0.2459
0.68919	0.51418	0.44183
0.05556	0.02433	0.02564
0.12329	0.09082	0.04651
0.13433	0.091	0.09598
0.06154	0.04045	0.03308
0.06723	0.04135	0.04203
0.17442	0.14667	0.13947
0.24074	0.17356	0.14958
0.3125	0.2666	0.27994
0.17949	0.15364	0.15778
0.09524	0.05351	0.05841
0.0625	0.0625	0.05128
0.10606	0.06942	0.05686
0.14103	0.06887	0.06651
0.35455	0.2531	0.23181
3.16667	2.77963	2.58993
0.12766	0.04017	0.03478
0.12821	0.0641	0.07231
0.14141	0.06209	0.06585
0.47368	0.38258	0.36981
0.08929	0.04162	0.02875
0.10938	0.07259	0.05774
0.01449	0.00701	0.01152
0.09091	0.04571	0.02632
0.08738	0.03948	0.02203
0.01408	0.00273	0.0
0.06818	0.04986	0.07836
0.11111	0.08661	0.05882
0.14706	0.11551	0.09831
0.05556	0.02195	0.03009
0.10959	0.07977	0.07527
0.21084	0.15605	0.14671
0.11538	0.05627	0.04394
0.32727	0.27333	0.2848
0.29323	0.28292	0.27862
0.11429	0.0696	0.0
0.18072	0.16246	0.17308
0.34043	0.14591	0.13429
0.06061	0.05083	0.06237
0.17647	0.10075	0.10418
0.17143	0.17143	0.17778
0.18367	0.09614	0.1043
0.09589	0.05899	0.04237
0.48333	0.45108	0.39729
0.31373	0.18694	0.24747
0.06557	0.03305	0.04665
0.16162	0.10786	0.12367
0.19685	0.11572	0.10781
0.09	0.08387	0.06557
0.0354	0.00515	0.0029
0.08889	0.04178	0.03609
0.25926	0.19535	0.17233
0.01111	0.00108	0.00173
0.03774	0.03774	0.02941
0.09677	0.0631	0.06325
0.27068	0.23129	0.21065
0.14286	0.07414	0.09185
0.17949	0.14372	0.11223
0.0	0.0	0.0
0.1	0.05576	0.04165
0.0625	0.05484	0.02
0.25773	0.18327	0.17177
0.16	0.10561	0.09751
0.10714	0.04784	0.03797
0.0	0.0	0.0
0.03774	0.00366	0.00294
0.18889	0.1552	0.13018
0.17647	0.1556	0.07692
0.19231	0.1458	0.12852
0.69231	0.50656	0.43894
0.21154	0.18238	0.14152
0.14925	0.12591	0.1125
0.14	0.11452	0.12097
0.07576	0.06818	0.0641
0.01923	0.01923	0.01587
0.20769	0.13874	0.13125
0.35593	0.20725	0.18819
0.14085	0.12154	0.09756
0.32558	0.21926	0.24458
0.30208	0.19778	0.14037
0.25301	0.23359	0.2345
0.49425	0.39917	0.3413
0.23729	0.16376	0.14005
0.30657	0.21851	0.20888
0.15054	0.11483	0.11718
0.3209	0.18263	0.13833
0.13158	0.10202	0.09238
0.19118	0.10272	0.08889
0.15217	0.1336	0.10696
0.12	0.08797	0.06521
0.13372	0.09013	0.07274
0.19643	0.14171	0.13636
0.19828	0.13462	0.11769
0.03529	0.01746	0.01961
0.40476	0.25467	0.24674
0.07812	0.04891	0.04458
0.45745	0.40959	0.39247
0.08411	0.07176	0.05509
0.15625	0.08798	0.06867
0.0597	0.0491	0.02381
0.26389	0.14317	0.14346
0.2	0.16803	0.15856
0.20652	0.12958	0.10736
0.08108	0.02988	0.01722
0.09677	0.08203	0.07407
0.18605	0.12099	0.11838
0.15152	0.12952	0.12705
0.31	0.21162	0.20035
0.03488	0.02438	0.01961
0.0	0.0	0.0
0.30357	0.23505	0.18624
0.11905	0.0962	0.08612
0.0	0.0	0.0
0.48333	0.37462	0.29594
0.30769	0.26408	0.25404
0.14286	0.08769	0.0609
0.02521	0.00408	0.00393
0.0	0.0	0.0
0.1	0.05861	0.05282
0.20619	0.11493	0.1151
0.22581	0.18299	0.14886
0.1028	0.08908	0.07937
0.15238	0.07775	0.0496
0.35088	0.23547	0.19322
0.4	0.29868	0.29567
0.24468	0.1927	0.17688
0.08861	0.05861	0.04033
0.08	0.0326	0.03783
0.0	0.0	0.0
0.15909	0.0708	0.01492
0.0339	0.01504	0.01449
0.05932	0.05372	0.05634
0.16667	0.11453	0.09679
0.15942	0.10474	0.07044
0.1134	0.1134	0.11475
0.43956	0.37558	0.29947
0.30508	0.21983	0.18056
0.01961	0.00759	0.0
0.15126	0.12335	0.11677
0.1625	0.13348	0.12194
0.08257	0.06762	0.06001
0.09709	0.07188	0.0621
0.13846	0.11328	0.08025
0.01639	0.01018	0.0
0.20408	0.15471	0.13333
0.14925	0.0939	0.10082
0.35897	0.3474	0.33333
0.06667	0.06667	0.05556
0.04167	0.0378	0.0267
0.1039	0.04673	0.0498
0.19355	0.16494	0.15789
0.11029	0.06393	0.06281
0.07692	0.06675	0.05128
0.225	0.225	0.18
0.13208	0.10622	0.09623
0.07333	0.03227	0.02117
0.16438	0.10144	0.08173
0.18824	0.18672	0.18077
0.10219	0.0417	0.02912
0.47059	0.30459	0.22058
0.29032	0.15611	0.15537
0.16364	0.15073	0.12903
0.1573	0.13157	0.12733
0.11842	0.06059	0.04967
0.54878	0.4772	0.43246
0.11765	0.04581	0.03622
0.09333	0.06625	0.06217
0.12821	0.11746	0.11874
0.15534	0.11808	0.11667
0.11538	0.03518	0.03698
0.07229	0.03111	0.0269
0.23077	0.05464	0.02021
0.18462	0.17369	0.15
0.20588	0.08188	0.05629
0.12987	0.06475	0.06488
0.25556	0.13676	0.08447
0.61111	0.45939	0.37903
0.07634	0.07129	0.0641
0.22449	0.15867	0.13657
0.26087	0.26087	0.2381
0.0625	0.04671	0.0339
0.16327	0.09778	0.1097
0.07407	0.03719	0.03177
0.33333	0.22585	0.17782
0.27848	0.26848	0.24731
0.0	0.0	0.0
0.16964	0.11737	0.0991
0.12903	0.11084	0.06284
0.7191	0.47506	0.40186
0.03529	0.00571	0.00549
0.29032	0.18134	0.19265
0.475	0.37302	0.32776
0.14851	0.13144	0.1242
0.11667	0.10162	0.08824
0.28972	0.2038	0.18281
0.04878	0.03915	0.01815
0.0	0.0	0.0
0.28358	0.1731	0.14367
0.11828	0.07199	0.07316
0.25974	0.18957	0.16337
0.10101	0.0453	0.04635
0.08738	0.03133	0.02075
0.28767	0.23819	0.20863
0.28889	0.2043	0.22104
0.0	0.0	0.0
0.30769	0.18779	0.17746
0.1831	0.10246	0.09959
0.32432	0.20623	0.17744
0.20408	0.11722	0.09303
0.26667	0.20303	0.18885
0.06452	0.06452	0.05455
0.4	0.24294	0.21594
0.22378	0.16909	0.17779
0.12766	0.0954	0.08121
0.06383	0.02198	0.00334
0.05405	0.03662	0.02361
0.41111	0.35486	0.31036
0.15517	0.09791	0.09403
0.02941	0.02941	0.02326
0.04762	0.01038	0.00334
0.40217	0.34049	0.30279
0.0	0.0	0.0
0.41791	0.28	0.2569
0.12658	0.07473	0.05938
0.20833	0.11832	0.088
0.1828	0.13427	0.07812
0.13483	0.08102	0.06711
0.16071	0.10141	0.06738
0.13492	0.07926	0.09223
0.34783	0.24594	0.23036
0.57143	0.39331	0.32038
0.125	0.09734	0.04931
0.31111	0.30108	0.27449
0.28866	0.25309	0.22412
0.23913	0.10139	0.08694
0.15315	0.09345	0.09342
0.10687	0.05665	0.04054
0.08219	0.02433	0.02596
0.01786	0.01497	0.00954
0.1453	0.10355	0.08987
0.0303	0.01222	0.00834
0.1	0.05307	0.02876
0.13953	0.10682	0.09028
0.18519	0.18519	0.14706
0.20588	0.14218	0.16598
0.22857	0.1749	0.1637
0.15	0.04035	0.01863
0.18182	0.14848	0.12285
0.17045	0.0966	0.07007
0.16216	0.13101	0.11291
0.27586	0.1943	0.16326
0.18182	0.09068	0.08891
0.45122	0.39457	0.36056
0.23636	0.21921	0.19439
0.15854	0.1257	0.11012
1.0	0.74478	0.75931
0.15702	0.15702	0.12987
0.04717	0.03743	0.01117
0.21951	0.21951	0.19231
0.15	0.10517	0.08382
0.26	0.14842	0.12484
0.12766	0.09437	0.09196
0.03158	0.02309	0.01639
0.04054	0.01374	0.0226
0.43662	0.39665	0.40838
0.69565	0.62135	0.62285
0.02143	0.01175	0.01872
0.21154	0.16037	0.11029
0.07362	0.06521	0.06
0.04478	0.00724	0.00693
0.10345	0.08231	0.08714
0.07595	0.07595	0.08247
0.12245	0.08082	0.1099
0.075	0.04839	0.05458
0.29545	0.26883	0.25808
0.04706	0.01918	0.02151
0.2	0.1337	0.14664
0.02326	0.02326	0.01961
0.13846	0.13226	0.11111
0.20354	0.16031	0.13722
0.0	0.0	0.0
0.30208	0.2426	0.24615
0.19658	0.14766	0.13621
0.07586	0.04039	0.04512
0.08235	0.04669	0.03922
0.28409	0.19247	0.16365
0.11333	0.06227	0.03963
0.08911	0.08496	0.06716
0.05952	0.03667	0.0516
0.22078	0.16591	0.17743
0.13483	0.06726	0.05843
0.33766	0.25828	0.27101
0.11429	0.06315	0.06528
0.06944	0.07079	0.06589
0.05479	0.04441	0.02326
0.08485	0.04293	0.04318
0.60748	0.45769	0.40855
0.07143	0.06476	0.02596
0.17526	0.11608	0.11793
0.22835	0.14684	0.10842
0.71818	0.59521	0.53836
0.0641	0.00995	0.00396
0.04673	0.03257	0.01986
0.19595	0.10378	0.09353
0.36066	0.31728	0.25069
0.07317	0.06451	0.05769
0.25	0.15016	0.18719
0.10959	0.06982	0.05762
0.21649	0.13423	0.1069
0.25556	0.22922	0.19639
0.0873	0.04034	0.0249
0.1195	0.05489	0.04501
0.1519	0.06985	0.04909
0.14474	0.08141	0.06564
0.15646	0.13617	0.13905
0.11719	0.0833	0.07726
0.14423	0.10004	0.10292
0.10596	0.06079	0.04929
0.42969	0.33431	0.28529
0.38462	0.22263	0.1956
0.29139	0.24665	0.23782
0.24074	0.11892	0.07857
0.25439	0.13544	0.1127
0.17204	0.13562	0.14167
0.05941	0.04776	0.03742
0.29008	0.21031	0.19335
0.2037	0.09202	0.06934
0.34021	0.20405	0.16452
0.04878	0.02676	0.02151
0.22222	0.1012	0.09681
0.12245	0.07903	0.07581
0.1828	0.17465	0.19085
0.21053	0.16164	0.18523
0.06364	0.06364	0.04412
0.16867	0.13177	0.10579
0.03774	0.021	0.02988
0.26804	0.25093	0.22044
0.21333	0.14325	0.12554
0.04878	0.02813	0.01815
0.07914	0.05606	0.04493
0.09494	0.06361	0.0529
0.12048	0.09076	0.08163
0.03448	0.01559	0.01553
0.14035	0.11574	0.13711
0.19388	0.17742	0.15254
0.23841	0.16568	0.13896
0.11842	0.10654	0.125
0.14894	0.09868	0.07108
0.19149	0.14209	0.13711
0.25694	0.22258	0.19153
0.07432	0.04251	0.04015
0.08602	0.03627	0.01189
0.17021	0.09162	0.04448
0.17568	0.12927	0.13519
0.24615	0.15709	0.11134
0.24051	0.18214	0.16096
0.13924	0.09535	0.08757
0.32787	0.26282	0.25202
0.14634	0.12962	0.12245
0.15464	0.14633	0.13115
0.08108	0.05391	0.0381
0.09677	0.08203	0.07407
0.21154	0.14177	0.14543
0.41011	0.28772	0.28868
0.13445	0.09271	0.07381
0.23077	0.20048	0.19475
0.18349	0.14797	0.16078
0.21053	0.18124	0.20388
0.05825	0.03319	0.05317
0.13636	0.11375	0.10476
0.4486	0.41605	0.38434
0.088	0.04492	0.03626
0.43056	0.29661	0.21291
0.15556	0.09624	0.07811
0.29487	0.17309	0.14852
0.24359	0.10862	0.09549
0.13861	0.09343	0.07743
0.15385	0.14552	0.13793
0.0	0.0	0.0
0.42667	0.25207	0.26548
0.23308	0.17221	0.16351
0.01493	0.00506	0.0
0.05085	0.01068	0.00524
0.11504	0.08181	0.05792
0.25714	0.19233	0.15511
0.08182	0.02289	0.01362
0.20619	0.11027	0.10485
0.125	0.07159	0.05224
0.07339	0.04854	0.05011
0.22785	0.16804	0.16657
0.14286	0.14286	0.12766
0.12745	0.12745	0.11475
0.14504	0.09298	0.10577
0.09554	0.0679	0.07197
0.10791	0.06651	0.05185
0.31068	0.19657	0.16498
0.14286	0.13222	0.10771
0.18045	0.1042	0.09814
0.03185	0.00925	0.00468
0.16667	0.10974	0.10883
0.2	0.11976	0.12806
0.08955	0.06499	0.07651
0.08182	0.0418	0.0332
0.11258	0.04393	0.03092
0.06667	0.01372	0.00785
0.08772	0.0798	0.08587
0.1134	0.06321	0.05647
0.40496	0.25413	0.1961
0.13986	0.08293	0.05809
0.09877	0.05199	0.0348
0.44737	0.30861	0.24924
0.03333	0.02366	0.01655
0.12727	0.04022	0.01347
0.2268	0.1691	0.17238
0.12308	0.07595	0.07238
0.0	0.0	0.0
0.05085	0.02666	0.03613
0.04706	0.01973	0.01252
0.11364	0.07577	0.07033
0.40909	0.3116	0.28945
0.12245	0.08444	0.08776
0.17021	0.08549	0.0495
0.03419	0.02771	0.0137
0.19512	0.14873	0.12082
0.22642	0.15993	0.13755
0.05263	0.04415	0.04839
0.5618	0.45089	0.37035
0.18681	0.10001	0.08095
0.10256	0.03994	0.02437
0.01639	0.00318	0.0
0.75309	0.5992	0.54773
0.06931	0.02047	0.02116
0.0202	0.0044	0.0
0.1087	0.07015	0.0882
0.08046	0.05572	0.03883
0.21622	0.15282	0.13478
0.04808	0.04033	0.03175
0.01667	0.01667	0.02778
0.2907	0.21963	0.20908
0.02198	0.01418	0.0
0.17857	0.11004	0.06631
0.10112	0.0629	0.06733
0.375	0.18508	0.19256
0.18478	0.13133	0.1029
0.31897	0.2186	0.18515
0.02151	0.0118	0.01995
0.16667	0.16667	0.16071
0.04	0.0242	0.01298
0.17742	0.12955	0.11458
0.19178	0.1412	0.14241
0.02941	0.0121	0.0121
0.17797	0.12358	0.09432
0.02198	0.01365	0.01184
0.0	0.0	0.0
0.18421	0.12947	0.13887
0.22727	0.18165	0.16876
0.13043	0.0977	0.10016
0.00855	0.01158	0.01882
0.14925	0.09149	0.06529
0.05618	0.05419	0.05429
0.23944	0.15131	0.11488
0.14894	0.08753	0.08566
0.13462	0.08872	0.0882
0.16923	0.0782	0.04691
0.24272	0.22346	0.25211
0.01099	0.00373	0.0
0.37736	0.35149	0.36859
0.13333	0.03445	0.01347
0.26667	0.19089	0.16072
0.27027	0.17375	0.16597
0.11765	0.05553	0.03149
0.11111	0.05046	0.04332
0.0	0.0	0.0
0.10588	0.09526	0.09434
0.5	0.41996	0.36241
0.08333	0.04257	0.03226
0.26724	0.20705	0.18242
0.13008	0.07333	0.08236
0.02913	0.02223	0.01667
0.24286	0.2083	0.18843
0.10687	0.06281	0.04964
0.22857	0.1643	0.11542
0.30435	0.2923	0.25103
0.23022	0.13891	0.11651
0.17241	0.11766	0.09385
0.49565	0.42037	0.39421
0.18519	0.13083	0.10508
0.12766	0.10348	0.09112
0.27586	0.19457	0.18995
0.18978	0.16166	0.16011
0.12	0.07695	0.09834
0.01429	0.00484	0.0
0.0	0.0	0.0
0.16393	0.1272	0.11247
0.18947	0.10971	0.08832
0.0597	0.00869	0.00746
0.21898	0.1473	0.13617
0.16949	0.06592	0.06317
0.06667	0.02877	0.00269
0.22414	0.15629	0.15735
0.17355	0.07108	0.06386
0.2125	0.12724	0.07123
0.16949	0.14298	0.16216
0.0	0.0	0.0
0.27835	0.20552	0.20043
0.11515	0.09502	0.09204
0.10959	0.0747	0.06137
0.02344	0.01714	0.0125
0.16429	0.16429	0.14607
0.14667	0.11893	0.09748
0.01724	0.00167	0.00262
0.2037	0.09844	0.07611
0.09184	0.08459	0.06667
0.12727	0.08682	0.08715
0.1625	0.0845	0.07196
0.175	0.07966	0.06362
0.15152	0.12952	0.12705
0.19328	0.16618	0.16682
0.24194	0.1314	0.1125
0.0	0.0	0.0
0.15152	0.10575	0.0934
0.09375	0.06553	0.05201
0.0	0.0	0.0
0.28947	0.24597	0.24327
0.02667	0.01592	0.0
0.03883	0.03883	0.03125
0.11881	0.11131	0.09524
0.18644	0.058	0.06823
0.1625	0.15362	0.11765
0.16822	0.123	0.08116
0.25974	0.18853	0.16614
0.65333	0.43229	0.38011
0.21277	0.09887	0.0495
0.25974	0.20906	0.19143
0.35714	0.32211	0.28652
0.07627	0.04853	0.02873
0.17442	0.14105	0.12555
0.32	0.20327	0.17946
0.14545	0.09284	0.08209
0.18644	0.12058	0.08603
0.05797	0.01194	0.00693
0.22785	0.19765	0.16802
0.28571	0.22812	0.21248
0.01653	0.01626	0.01326
0.03488	0.01238	0.01023
0.16071	0.16071	0.11429
0.24211	0.18779	0.14377
0.17089	0.14251	0.14633
0.27723	0.23525	0.20915
0.07975	0.04919	0.03658
0.13534	0.08915	0.10408
0.2	0.08876	0.08067
0.21875	0.15475	0.14887
0.14737	0.10851	0.08966
0.36538	0.27794	0.20479
0.0875	0.07621	0.06383
0.21649	0.1392	0.11986
0.15	0.1363	0.11937
0.04396	0.04396	0.01852
0.01099	0.00266	0.0
0.09231	0.07248	0.04549
0.5	0.48215	0.42
0.03077	0.03077	0.02564
0.18627	0.1254	0.12029
0.12	0.0797	0.07129
0.18293	0.09563	0.05506
0.14286	0.06658	0.05845
0.31915	0.18668	0.19673
0.2193	0.1442	0.12224
0.17143	0.07721	0.05728
0.31313	0.20483	0.17718
0.37662	0.27839	0.24685
0.28788	0.27567	0.23168
0.2625	0.24536	0.26533
0.23611	0.14608	0.10002
0.18519	0.06994	0.07007
0.31944	0.30197	0.2784
0.02727	0.00661	0.0
0.01429	0.00967	0.01574
0.01031	0.01031	0.0
0.16667	0.12637	0.11868
0.04762	0.02841	0.04838
0.17881	0.14026	0.1172
0.1831	0.14972	0.11542
0.1	0.06936	0.06049
0.45614	0.34325	0.38133
0.30769	0.22769	0.20298
0.31818	0.30095	0.24138
0.14103	0.09245	0.08173
0.21212	0.15056	0.12738
0.26027	0.20593	0.21419
0.14458	0.12184	0.10262
0.3125	0.27558	0.25744
0.275	0.22118	0.18315
0.16667	0.09429	0.06033
0.28571	0.28571	0.24561
0.23404	0.091	0.08983
0.12766	0.07343	0.06617
0.22093	0.16863	0.12906
0.11927	0.11275	0.08955
0.125	0.04165	0.02036
0.16234	0.12747	0.11558
0.06977	0.05326	0.07143
0.32927	0.29013	0.2821
0.01724	0.00167	0.00285
0.15789	0.1446	0.12708
0.02649	0.02147	0.02222
0.12037	0.04885	0.04431
0.04167	0.03377	0.01695
0.02326	0.01444	0.0
0.02727	0.01174	0.01688
0.44186	0.35749	0.36538
0.10526	0.08263	0.08013
0.2963	0.20672	0.23485
0.16364	0.16364	0.18182
0.29167	0.25138	0.21545
0.25	0.20442	0.2
0.12844	0.11661	0.12231
0.21687	0.16054	0.14798
0.22047	0.1782	0.14313
0.07092	0.03764	0.02227
0.09333	0.04367	0.05319
0.06897	0.0485	0.04403
0.1875	0.14719	0.16849
