0.0	0.0	0.0
0.34615	0.34306	0.32893
0.0	0.0	0.0
0.2	0.16815	0.15428
0.05882	0.04768	0.05263
0.07576	0.05353	0.05405
0.04054	0.04054	0.02381
0.0	0.0	0.0
0.0	0.0	0.0
0.04444	0.02921	0.02083
0.0	0.0	0.0
0.12069	0.0751	0.08994
0.09589	0.07115	0.07554
0.13462	0.11912	0.10714
0.07143	0.07143	0.05455
0.17308	0.10781	0.13953
0.0	0.0	0.0
0.0	0.0	0.0
0.0098	0.00237	0.0
0.0	0.0	0.0
0.0	0.0	0.0
0.04938	0.03485	0.03226
0.0	0.0	0.0
0.0	0.0	0.0
0.17722	0.14025	0.11469
0.00649	0.00157	0.0
0.03774	0.02434	0.04448
0.10638	0.07345	0.07996
0.05263	0.04074	0.0673
0.09756	0.03346	0.03944
0.28814	0.17905	0.22394
0.0	0.0	0.0
0.0	0.0	0.0
0.3125	0.21407	0.21905
0.02521	0.01219	0.00756
0.28846	0.16258	0.12953
0.01493	0.0029	0.0
0.07865	0.0531	0.02334
0.04965	0.03489	0.0459
0.0	0.0	0.0
0.0	0.0	0.0
0.02632	0.01528	0.01152
0.0	0.0	0.0
0.03636	0.02345	0.00829
0.10791	0.09736	0.10505
0.16949	0.14405	0.16803
0.17647	0.10435	0.10565
0.08333	0.06754	0.05548
0.02469	0.02469	0.02222
0.30488	0.20832	0.20855
0.35484	0.29371	0.34947
0.0274	0.0274	0.02381
0.0	0.0	0.0
0.27778	0.27778	0.26667
0.0	0.0	0.0
0.22936	0.22936	0.22581
0.11765	0.07496	0.09218
0.22449	0.1753	0.15865
0.65385	0.43615	0.39766
0.08333	0.06613	0.04787
0.11688	0.08694	0.11665
0.19697	0.18548	0.23684
0.0	0.0	0.0
0.0	0.0	0.0
0.04286	0.0295	0.01815
0.09459	0.08261	0.07783
0.09091	0.06086	0.07651
0.07018	0.05858	0.06452
0.13415	0.13415	0.12766
0.08861	0.07962	0.06522
0.02062	0.02062	0.01754
0.15789	0.13495	0.15565
0.09639	0.09639	0.08696
0.0	0.0	0.0
0.09091	0.09091	0.07955
0.02439	0.02439	0.02128
0.0	0.0	0.0
0.43333	0.3398	0.34992
0.0	0.0	0.0
0.0339	0.02077	0.02356
0.0	0.0	0.0
0.06579	0.03841	0.03648
0.10638	0.10638	0.08333
0.0	0.0	0.0
0.0	0.0	0.0
0.09434	0.08826	0.11552
0.13333	0.11569	0.11905
0.0	0.0	0.0
0.2619	0.2619	0.26087
0.0	0.0	0.0
0.1871	0.18127	0.17647
0.0	0.0	0.0
0.08791	0.05636	0.0549
0.0875	0.05565	0.05091
0.01724	0.00417	0.0
0.0	0.0	0.0
0.0	0.0	0.0
0.07595	0.07595	0.08333
0.13592	0.10429	0.11569
0.42991	0.40791	0.40162
0.0	0.0	0.0
0.0098	0.0098	0.0
0.16495	0.14932	0.13607
0.0	0.0	0.0
0.13158	0.12075	0.11436
0.15517	0.10873	0.09703
0.0	0.0	0.0
0.02667	0.00775	0.00226
0.07937	0.06593	0.07097
0.07042	0.05385	0.07317
0.0	0.0	0.0
0.25556	0.25556	0.25
0.18889	0.1699	0.17837
0.27119	0.26819	0.28891
0.0	0.0	0.0
0.21212	0.21212	0.24324
0.11538	0.11538	0.11628
0.1519	0.1519	0.16667
0.25758	0.24609	0.23077
0.03846	0.02032	0.00164
0.13462	0.13462	0.13333
0.0	0.0	0.0
0.23684	0.20291	0.24538
0.16471	0.10495	0.09506
0.07843	0.04555	0.05485
0.11111	0.06017	0.05503
0.52577	0.47856	0.46229
0.0	0.0	0.0
0.23	0.2158	0.20161
0.10345	0.10345	0.09091
0.39568	0.38722	0.38667
0.0	0.0	0.0
0.0	0.0	0.0
0.0	0.0	0.0
0.16038	0.16038	0.16667
0.0	0.0	0.0
0.04545	0.04545	0.05263
0.0	0.0	0.0
0.06542	0.04401	0.03464
0.2381	0.17339	0.12517
0.38235	0.22465	0.22169
0.12245	0.12245	0.10909
0.10227	0.06838	0.08582
0.0	0.0	0.0
0.25301	0.18695	0.2027
0.21429	0.20865	0.2
0.0	0.0	0.0
0.07143	0.04522	0.02697
0.11765	0.10579	0.11037
0.25	0.14899	0.15533
0.0	0.0	0.0
0.0202	0.0202	0.01887
0.0	0.0	0.0
0.28346	0.18543	0.16175
0.12745	0.08934	0.07976
0.0	0.0	0.0
0.0	0.0	0.0
0.18293	0.16562	0.18182
0.08667	0.06538	0.06779
0.18367	0.18367	0.16364
0.20548	0.20548	0.19512
0.0	0.0	0.0
0.33962	0.33962	0.34483
0.0	0.0	0.0
0.13725	0.13725	0.14815
0.01613	0.01613	0.0
0.0	0.0	0.0
0.26415	0.26415	0.24138
0.10072	0.10072	0.09091
0.14388	0.12776	0.13196
0.02985	0.01782	0.0
0.03333	0.0233	0.02083
0.0	0.0	0.0
0.0	0.0	0.0
0.0	0.0	0.0
0.26804	0.18009	0.20089
0.0	0.0	0.0
0.12941	0.10208	0.09475
0.28846	0.16258	0.12953
0.0	0.0	0.0
0.0	0.0	0.0
0.0	0.0	0.0
0.15254	0.14078	0.17116
0.51546	0.47357	0.46407
0.0	0.0	0.0
0.0	0.0	0.0
0.34483	0.25752	0.30645
0.0	0.0	0.0
0.0	0.0	0.0
0.0	0.0	0.0
0.0	0.0	0.0
0.10606	0.06233	0.06192
0.0	0.0	0.0
0.0	0.0	0.0
0.0	0.0	0.0
0.0	0.0	0.0
0.11765	0.07496	0.09218
0.33846	0.25411	0.23645
0.18462	0.17295	0.21622
0.09302	0.05852	0.02083
0.08148	0.08148	0.09333
0.0	0.0	0.0
0.0	0.0	0.0
0.0	0.0	0.0
0.0	0.0	0.0
0.25275	0.19977	0.21744
0.24675	0.24675	0.25
0.03846	0.02088	0.02273
0.0	0.0	0.0
0.0	0.0	0.0
0.04286	0.0295	0.01815
0.0	0.0	0.0
0.02247	0.01396	0.02128
0.06173	0.05296	0.04255
0.0	0.0	0.0
0.0	0.0	0.0
0.22523	0.22523	0.24194
0.08497	0.08497	0.07955
0.0	0.0	0.0
0.0	0.0	0.0
0.0	0.0	0.0
0.0	0.0	0.0
0.32203	0.28595	0.29954
0.0	0.0	0.0
0.21212	0.21212	0.24324
0.0	0.0	0.0
0.0	0.0	0.0
0.0	0.0	0.0
0.13158	0.12535	0.125
0.25	0.25	0.24138
0.06944	0.06944	0.06977
0.0	0.0	0.0
0.25373	0.25373	0.23077
0.13462	0.13462	0.13333
0.0	0.0	0.0
0.0	0.0	0.0
0.0	0.0	0.0
0.0	0.0	0.0
0.0	0.0	0.0
0.0	0.0	0.0
0.0	0.0	0.0
0.02222	0.01135	0.01333
0.0	0.0	0.0
0.0	0.0	0.0
0.04965	0.03489	0.0459
0.13636	0.07553	0.10132
0.32075	0.32075	0.31034
0.0	0.0	0.0
0.02667	0.00904	0.00451
0.22936	0.22936	0.22581
0.53191	0.37819	0.38032
0.04412	0.02112	0.03047
0.25556	0.25556	0.25
0.0	0.0	0.0
0.32692	0.32692	0.32143
0.27119	0.26819	0.28891
0.0	0.0	0.0
0.01053	0.00407	0.0
0.0	0.0	0.0
0.0	0.0	0.0
0.0	0.0	0.0
0.16993	0.16993	0.16667
0.0	0.0	0.0
0.0	0.0	0.0
0.0	0.0	0.0
0.10101	0.07871	0.10851
0.0	0.0	0.0
0.07143	0.04522	0.02697
0.0	0.0	0.0
0.0	0.0	0.0
0.0	0.0	0.0
0.0	0.0	0.0
0.0	0.0	0.0
0.03704	0.03067	0.03226
0.2	0.17002	0.15794
0.0	0.0	0.0
0.0	0.0	0.0
0.0	0.0	0.0
0.01299	0.00314	0.0
0.0	0.0	0.0
0.0	0.0	0.0
0.10976	0.0317	0.03084
0.17544	0.12479	0.15494
0.10638	0.07653	0.07996
0.02521	0.01219	0.00756
0.0	0.0	0.0
0.0	0.0	0.0
0.0	0.0	0.0
0.0	0.0	0.0
0.0	0.0	0.0
0.1831	0.14677	0.18733
0.0	0.0	0.0
0.2562	0.18143	0.16579
0.0	0.0	0.0
0.07477	0.04944	0.04416
0.0	0.0	0.0
0.28378	0.21185	0.22581
0.32203	0.21873	0.18574
0.0101	0.0101	0.01818
0.0	0.0	0.0
0.0	0.0	0.0
0.0	0.0	0.0
0.01316	0.00446	0.0
0.0	0.0	0.0
0.02326	0.015	0.0
0.0	0.0	0.0
0.0	0.0	0.0
0.0	0.0	0.0
0.04124	0.01729	0.02667
0.0	0.0	0.0
0.0	0.0	0.0
0.0	0.0	0.0
0.0	0.0	0.0
0.0	0.0	0.0
0.0	0.0	0.0
0.0	0.0	0.0
0.0	0.0	0.0
0.0	0.0	0.0
0.0	0.0	0.0
0.0	0.0	0.0
0.0	0.0	0.0
0.08163	0.08163	0.07059
0.0	0.0	0.0
0.31343	0.22176	0.15562
0.0	0.0	0.0
0.0	0.0	0.0
0.0	0.0	0.0
0.0	0.0	0.0
0.0	0.0	0.0
0.0	0.0	0.0
0.08	0.08	0.07317
0.0	0.0	0.0
0.0	0.0	0.0
0.1125	0.1125	0.1087
0.0	0.0	0.0
0.0	0.0	0.0
0.0	0.0	0.0
0.0	0.0	0.0
0.16038	0.16038	0.16667
0.27027	0.22689	0.24981
0.05882	0.05234	0.0534
0.0	0.0	0.0
0.17568	0.14758	0.14562
0.0	0.0	0.0
0.06667	0.0405	0.04522
0.11667	0.07395	0.09774
0.34568	0.20436	0.23466
0.04396	0.00852	0.01384
0.0098	0.00237	0.0
0.14286	0.13134	0.13318
0.15094	0.13847	0.13793
0.07407	0.05298	0.05091
0.04938	0.03485	0.03226
0.3125	0.20626	0.20796
0.13433	0.06899	0.08991
0.0	0.0	0.0
0.0404	0.02705	0.01887
0.11111	0.04443	0.05427
0.14286	0.11127	0.11676
0.0	0.0	0.0
0.0	0.0	0.0
0.0	0.0	0.0
0.0	0.0	0.0
0.0	0.0	0.0
0.05479	0.03603	0.03002
0.54701	0.30665	0.27695
0.0	0.0	0.0
0.0	0.0	0.0
0.45588	0.28349	0.30072
0.0719	0.04397	0.05599
0.08148	0.05579	0.06107
0.0	0.0	0.0
0.0303	0.01809	0.0
0.24561	0.15682	0.16527
0.08989	0.05528	0.02334
0.05556	0.04821	0.03922
0.02817	0.00545	0.00262
0.15238	0.11905	0.13738
0.43519	0.40592	0.4
0.1125	0.1125	0.08889
0.0	0.0	0.0
0.20513	0.15613	0.12464
0.0	0.0	0.0
0.03704	0.02947	0.02951
0.0	0.0	0.0
0.53061	0.48388	0.47172
0.0098	0.0098	0.0
0.15152	0.12659	0.12638
0.2875	0.18128	0.18924
0.16949	0.14405	0.16803
0.15833	0.11371	0.09527
0.0	0.0	0.0
0.07576	0.05353	0.05405
0.11765	0.07496	0.09218
0.36066	0.32364	0.35483
0.08163	0.07933	0.05548
0.18293	0.16562	0.18182
0.29091	0.29091	0.26667
0.22936	0.22936	0.22581
0.0	0.0	0.0
0.05	0.05	0.03226
0.13514	0.11551	0.11093
0.10169	0.09049	0.12121
0.22857	0.22857	0.21622
0.26667	0.26093	0.26008
0.0	0.0	0.0
0.27273	0.18226	0.16572
0.2451	0.21	0.2005
0.63462	0.42127	0.39353
0.21111	0.17904	0.17837
0.0	0.0	0.0
0.37736	0.34328	0.34817
0.0	0.0	0.0
0.27451	0.23499	0.21393
0.0	0.0	0.0
0.08791	0.02873	0.04708
0.27119	0.26819	0.28891
0.05714	0.03227	0.023
0.07407	0.07407	0.06667
0.0	0.0	0.0
0.14286	0.14286	0.12
0.0	0.0	0.0
0.03125	0.0262	0.02903
0.16949	0.12141	0.08016
0.06186	0.03508	0.03112
0.0	0.0	0.0
0.0404	0.02705	0.01887
0.01235	0.01235	0.02128
0.39024	0.19128	0.17055
0.59016	0.39507	0.40236
0.01333	0.01333	0.0
0.0	0.0	0.0
0.16038	0.16038	0.16667
0.21212	0.21212	0.24324
0.0	0.0	0.0
0.26923	0.22004	0.20024
0.13462	0.13462	0.13333
0.0	0.0	0.0
0.0	0.0	0.0
0.13514	0.10441	0.09993
0.05208	0.05208	0.03704
0.15238	0.09403	0.11988
0.12963	0.10455	0.09097
0.26804	0.17909	0.20089
0.02521	0.00935	0.00756
0.25	0.16554	0.11867
0.40741	0.38113	0.3898
0.0202	0.00685	0.0
0.22059	0.20944	0.25641
0.13433	0.10087	0.10753
0.16667	0.16667	0.14815
0.38931	0.36015	0.36538
0.14815	0.14815	0.13636
0.01724	0.00417	0.0
0.01613	0.00313	0.0
0.01974	0.01475	0.0
0.0	0.0	0.0
0.08571	0.07082	0.08475
0.0	0.0	0.0
0.0	0.0	0.0
0.21622	0.15216	0.14077
0.1125	0.09315	0.09348
0.02667	0.00775	0.00226
0.09589	0.07778	0.09524
0.07339	0.05756	0.05879
0.14706	0.13963	0.14815
0.07317	0.06216	0.0625
0.01613	0.01613	0.0
0.08333	0.02609	0.01362
0.12632	0.0552	0.08386
0.30864	0.20115	0.22693
0.224	0.20465	0.20139
0.45455	0.35195	0.328
0.13699	0.11822	0.12305
0.38235	0.33422	0.32674
0.11538	0.05259	0.05114
0.1871	0.18221	0.17647
0.13235	0.10627	0.10431
0.07463	0.04093	0.03358
0.04444	0.02868	0.02083
0.07843	0.07843	0.08
0.03125	0.0262	0.02903
0.01235	0.01235	0.02128
0.41463	0.1966	0.17286
0.06061	0.04912	0.05263
0.27273	0.23923	0.26293
0.17857	0.09479	0.11552
0.12727	0.08389	0.10321
0.44231	0.26279	0.221
0.0	0.0	0.0
0.08	0.05677	0.06145
0.14444	0.09822	0.10375
0.07246	0.06148	0.07692
0.10769	0.06352	0.06003
0.12583	0.11589	0.10586
0.0	0.0	0.0
0.09091	0.06086	0.07651
0.32877	0.2751	0.22582
0.34483	0.23145	0.20439
0.0	0.0	0.0
0.5082	0.27767	0.35619
0.09195	0.08121	0.03596
0.0	0.0	0.0
0.0125	0.0125	0.02222
0.0	0.0	0.0
0.0	0.0	0.0
0.01852	0.00359	0.0
0.12097	0.08533	0.07925
0.12	0.10102	0.11103
0.13415	0.13415	0.12766
0.11486	0.11301	0.08984
0.0	0.0	0.0
0.0	0.0	0.0
0.0	0.0	0.0
0.10345	0.07648	0.09385
0.20879	0.16732	0.15898
0.2	0.2	0.21429
0.16327	0.13135	0.08007
0.27273	0.20517	0.20779
0.0	0.0	0.0
0.28846	0.22179	0.27086
0.6875	0.48421	0.47888
0.0	0.0	0.0
0.30435	0.22233	0.24065
0.0	0.0	0.0
0.19643	0.19643	0.19355
0.2	0.12364	0.14809
0.0	0.0	0.0
0.0	0.0	0.0
0.12727	0.12727	0.13793
0.16438	0.16527	0.15163
0.07463	0.03588	0.03749
0.02439	0.02439	0.01493
0.0	0.0	0.0
0.07759	0.07189	0.08065
0.24051	0.21071	0.1918
0.09615	0.08344	0.06667
0.0	0.0	0.0
0.29231	0.29231	0.28571
0.43956	0.43176	0.45098
0.03846	0.02295	0.01859
0.13393	0.12587	0.11828
0.0	0.0	0.0
0.22093	0.17574	0.16869
0.05426	0.0365	0.06087
0.09524	0.09524	0.08696
0.8662	0.73516	0.70631
0.0	0.0	0.0
0.16883	0.10809	0.1084
0.0	0.0	0.0
0.0	0.0	0.0
0.37255	0.3607	0.37889
0.18692	0.1723	0.16828
0.02222	0.00216	0.0
0.0	0.0	0.0
0.37719	0.36985	0.37997
0.00685	0.00199	0.00367
0.25714	0.25714	0.33333
0.46753	0.35569	0.30727
0.04255	0.02951	0.03846
0.50538	0.38955	0.35106
0.16667	0.09193	0.10153
0.48837	0.32109	0.28967
0.16364	0.07802	0.06558
0.18182	0.18182	0.19048
0.06383	0.03518	0.05326
0.10909	0.09795	0.14623
0.10811	0.10811	0.1
0.15942	0.12787	0.118
0.04598	0.04598	0.06
0.0	0.0	0.0
0.17778	0.0968	0.09142
0.15108	0.15108	0.15385
0.10891	0.10891	0.10526
0.16901	0.16901	0.17949
0.10127	0.07147	0.06137
0.0	0.0	0.0
0.33333	0.25968	0.26197
0.0	0.0	0.0
0.05	0.05	0.0303
0.09589	0.09589	0.09756
0.07955	0.07039	0.0625
0.17808	0.1783	0.19551
0.46	0.35612	0.36238
0.1134	0.10076	0.10498
0.19266	0.18527	0.18333
0.27273	0.1987	0.20761
0.17949	0.14826	0.18565
0.21053	0.15197	0.15789
0.08889	0.06882	0.08
0.14493	0.14493	0.13514
0.14085	0.11497	0.11597
0.0	0.0	0.0
0.09375	0.06503	0.05064
0.05455	0.05455	0.03333
0.03604	0.03008	0.0339
0.03704	0.03704	0.03226
0.12766	0.10672	0.0657
0.15686	0.11955	0.13593
0.07955	0.05866	0.05679
0.35	0.2329	0.25457
0.17647	0.11079	0.09398
0.26923	0.18076	0.17593
0.0	0.0	0.0
0.04651	0.04651	0.04167
0.0	0.0	0.0
0.0	0.0	0.0
0.20192	0.15153	0.12702
0.0283	0.01445	0.0
0.0	0.0	0.0
0.0	0.0	0.0
0.31667	0.31667	0.33333
0.04688	0.04688	0.04412
0.0	0.0	0.0
0.1	0.07164	0.07081
0.07937	0.03943	0.05263
0.0	0.0	0.0
0.06849	0.03182	0.04838
0.16667	0.15633	0.18605
0.0315	0.0155	0.00414
0.18182	0.10533	0.10984
0.41071	0.41071	0.4375
0.0339	0.02378	0.04526
0.42149	0.37817	0.36957
0.0	0.0	0.0
0.0	0.0	0.0
0.04	0.04	0.03571
0.0	0.0	0.0
0.4902	0.3261	0.34885
0.0	0.0	0.0
0.04839	0.04839	0.05263
0.11	0.11	0.10714
0.19512	0.11959	0.13932
0.32653	0.32653	0.2963
0.0	0.0	0.0
0.16484	0.14711	0.11504
0.04819	0.03227	0.0357
0.17557	0.15071	0.1578
0.10606	0.06795	0.04795
0.17544	0.14912	0.17741
0.09677	0.08377	0.09679
0.0	0.0	0.0
0.0339	0.0339	0.03125
0.11811	0.11176	0.11429
0.02597	0.02597	0.02381
0.47727	0.40728	0.40653
0.43103	0.391	0.41462
0.13043	0.06383	0.05228
0.2069	0.1285	0.12906
0.1811	0.12498	0.11641
0.24138	0.18355	0.16603
0.0	0.0	0.0
0.12871	0.11434	0.10893
0.03636	0.03636	0.03333
0.28261	0.28261	0.29167
0.24194	0.19303	0.22091
0.15455	0.11878	0.1215
0.0	0.0	0.0
0.35593	0.20451	0.21375
0.05333	0.05333	0.05128
0.15217	0.09154	0.06324
0.0	0.0	0.0
0.0	0.0	0.0
0.0	0.0	0.0
0.35714	0.12705	0.12
0.0	0.0	0.0
0.04082	0.02255	0.03106
0.07692	0.07692	0.08824
0.04717	0.02481	0.01769
0.19277	0.1409	0.16472
0.0	0.0	0.0
0.0	0.0	0.0
0.16667	0.13948	0.13406
0.0	0.0	0.0
0.0	0.0	0.0
0.08333	0.03033	0.02203
0.13699	0.13699	0.16667
0.07353	0.04579	0.01614
0.07143	0.0553	0.0625
0.0	0.0	0.0
0.10256	0.0914	0.08028
0.0	0.0	0.0
0.0	0.0	0.0
0.51429	0.45554	0.43166
0.07937	0.06657	0.05882
0.03704	0.02827	0.02174
0.4	0.4	0.42105
0.14815	0.0472	0.02419
0.07143	0.03362	0.02934
0.08696	0.08228	0.08108
0.47826	0.29175	0.32214
0.0	0.0	0.0
0.29474	0.29474	0.27273
0.14815	0.1119	0.10214
0.0	0.0	0.0
0.0	0.0	0.0
0.06897	0.06432	0.07537
0.0	0.0	0.0
0.34247	0.30004	0.31735
0.38298	0.25638	0.26293
0.22581	0.22581	0.22222
0.00901	0.00175	0.00323
0.15789	0.1183	0.124
0.0	0.0	0.0
0.19753	0.15275	0.15909
0.03175	0.02048	0.0
0.26087	0.18937	0.19896
0.09709	0.07532	0.04652
0.0	0.0	0.0
0.08088	0.07602	0.07595
0.04167	0.04167	0.05128
0.05085	0.04402	0.037
0.13415	0.0954	0.0932
0.04054	0.02834	0.02326
0.125	0.09862	0.12687
0.11957	0.11957	0.125
0.02941	0.00285	0.0
0.08065	0.08065	0.09091
0.02222	0.02222	0.02041
0.15	0.09005	0.13709
0.0	0.0	0.0
0.0	0.0	0.0
0.125	0.09342	0.09993
0.0	0.0	0.0
0.16949	0.1591	0.125
0.02381	0.02381	0.0
0.21429	0.21429	0.21739
0.32692	0.29498	0.28571
0.36735	0.23535	0.20074
0.04225	0.04225	0.04878
0.09302	0.09302	0.125
0.07018	0.03539	0.02572
0.0	0.0	0.0
0.0	0.0	0.0
0.33824	0.1931	0.24061
0.01961	0.00522	0.0
0.18421	0.11461	0.11639
0.09524	0.09524	0.08696
0.0	0.0	0.0
0.0	0.0	0.0
0.0	0.0	0.0
0.12329	0.07689	0.08183
0.36782	0.25994	0.28085
0.02273	0.02273	0.0
0.0	0.0	0.0
0.0625	0.04776	0.03907
0.0	0.0	0.0
0.0	0.0	0.0
0.04167	0.04167	0.03571
0.02041	0.02041	0.0
0.0	0.0	0.0
0.0	0.0	0.0
0.13559	0.07383	0.07876
0.0	0.0	0.0
0.38372	0.33197	0.31313
0.21505	0.16754	0.17096
0.15152	0.14223	0.14286
0.0	0.0	0.0
0.07143	0.0435	0.0
0.05455	0.03813	0.03333
0.0	0.0	0.0
0.20312	0.10133	0.0835
0.0	0.0	0.0
0.18841	0.14799	0.14038
0.18966	0.15503	0.15297
0.40541	0.28119	0.3579
0.25806	0.1795	0.18594
0.05833	0.05162	0.05797
0.29545	0.29545	0.30435
0.0375	0.02944	0.03533
0.08974	0.06059	0.05777
0.01587	0.00308	0.00571
0.05556	0.01994	0.00497
0.0	0.0	0.0
0.0	0.0	0.0
0.08065	0.04656	0.03125
0.21569	0.16857	0.18952
0.38158	0.38158	0.39024
0.0	0.0	0.0
0.17213	0.17213	0.16418
0.0	0.0	0.0
0.0	0.0	0.0
0.06522	0.05085	0.04
0.32692	0.31142	0.32203
0.09091	0.0824	0.0844
0.39583	0.33789	0.30894
0.05	0.05	0.02941
0.13208	0.10164	0.10509
0.0	0.0	0.0
0.13187	0.13187	0.13462
0.2037	0.1195	0.12014
0.09677	0.02968	0.05556
0.15217	0.07716	0.06098
0.0	0.0	0.0
0.0	0.0	0.0
0.0	0.0	0.0
0.1	0.1	0.08929
0.0	0.0	0.0
0.09677	0.09677	0.10145
0.18421	0.10218	0.11344
0.67797	0.66512	0.68571
0.0	0.0	0.0
0.0125	0.0125	0.02174
0.0	0.0	0.0
0.14103	0.12408	0.12727
0.12791	0.09265	0.07363
0.0	0.0	0.0
0.0	0.0	0.0
0.66667	0.66667	0.64286
0.0	0.0	0.0
0.0	0.0	0.0
0.14754	0.12666	0.11773
0.14286	0.11493	0.11912
0.0	0.0	0.0
0.07	0.07	0.07692
0.0	0.0	0.0
0.0	0.0	0.0
0.12025	0.11005	0.12438
0.0566	0.04321	0.03333
0.05634	0.03907	0.04549
0.0	0.0	0.0
0.47273	0.27365	0.25418
0.0	0.0	0.0
0.35385	0.22138	0.1936
0.19149	0.14826	0.13319
0.44872	0.30379	0.27009
0.04348	0.05154	0.06511
0.04	0.0311	0.04348
0.21212	0.21212	0.21622
0.04545	0.04545	0.04167
0.04444	0.04444	0.04348
0.19403	0.15576	0.13889
0.12121	0.10753	0.12121
0.0	0.0	0.0
0.05319	0.01734	0.00198
0.0	0.0	0.0
0.08571	0.05285	0.03453
0.0	0.0	0.0
0.10588	0.09829	0.11187
0.27632	0.20396	0.2157
0.0	0.0	0.0
0.0	0.0	0.0
0.0	0.0	0.0
0.0	0.0	0.0
0.04762	0.03483	0.03512
0.27848	0.25153	0.28702
0.27381	0.2093	0.22783
0.22	0.20678	0.2
0.0	0.0	0.0
0.19767	0.19767	0.2
0.20339	0.12934	0.16703
0.04167	0.03226	0.03883
0.00943	0.00943	0.0
0.02985	0.02985	0.02778
0.10714	0.06376	0.08359
0.27027	0.14778	0.19947
0.10448	0.06645	0.08272
0.21667	0.1578	0.17255
0.0	0.0	0.0
0.13793	0.1004	0.09981
0.01515	0.00294	0.00473
0.21311	0.10708	0.14955
0.17105	0.13201	0.13133
0.01613	0.01613	0.0
0.30882	0.19734	0.2113
0.30851	0.27384	0.27606
0.225	0.20242	0.16667
0.0	0.0	0.0
0.2093	0.1433	0.13308
0.0	0.0	0.0
0.25352	0.16017	0.1754
0.03509	0.02349	0.03333
0.19444	0.15382	0.15634
0.21538	0.12929	0.151
0.27869	0.25146	0.24536
0.23423	0.20095	0.23978
0.01942	0.01942	0.01724
0.5	0.29148	0.25168
0.05682	0.04656	0.04194
0.0102	0.0102	0.01695
0.0	0.0	0.0
0.15217	0.13254	0.12388
0.38889	0.30807	0.28335
0.08065	0.06244	0.07874
0.03125	0.01815	0.02191
0.0	0.0	0.0
0.35443	0.27135	0.23704
0.0	0.0	0.0
0.07692	0.07692	0.09375
0.08911	0.07698	0.07358
0.2	0.2	0.17391
0.0	0.0	0.0
0.13514	0.11058	0.12482
0.0	0.0	0.0
0.0687	0.04876	0.044
0.02817	0.01545	0.02632
0.03509	0.02179	0.03226
0.0	0.0	0.0
0.0	0.0	0.0
0.43137	0.3381	0.35484
0.09524	0.02971	0.04082
0.0	0.0	0.0
0.23256	0.23256	0.24
0.0	0.0	0.0
0.05051	0.04285	0.03571
0.04444	0.02653	0.01503
0.0	0.0	0.0
0.32877	0.29585	0.3242
0.23684	0.15005	0.17088
0.08871	0.08871	0.09722
0.03448	0.0241	0.02222
0.04688	0.02395	0.0303
0.0	0.0	0.0
0.50746	0.32858	0.33467
0.08108	0.07803	0.09932
0.06667	0.02367	0.02516
0.0	0.0	0.0
0.15278	0.1436	0.15
0.0	0.0	0.0
0.34615	0.29375	0.27732
0.17476	0.17476	0.18182
0.11321	0.0624	0.06682
0.28261	0.20865	0.25875
0.04348	0.04102	0.03412
0.03077	0.03077	0.02941
0.1625	0.15182	0.14997
0.0875	0.0615	0.08468
0.28302	0.22855	0.26307
0.04688	0.03277	0.02965
0.16	0.09679	0.10176
0.09167	0.06976	0.06891
0.15455	0.15455	0.14516
0.0	0.0	0.0
0.01818	0.00176	0.0
0.22951	0.22951	0.21622
0.05556	0.02532	0.01308
0.0	0.0	0.0
0.07071	0.06305	0.05769
0.04854	0.02694	0.01828
0.22137	0.21448	0.21333
0.05479	0.02697	0.0181
0.17021	0.10226	0.11585
0.0	0.0	0.0
0.03	0.0121	0.00834
0.12195	0.05273	0.04762
0.20896	0.14663	0.14767
0.46479	0.36214	0.37055
0.05797	0.036	0.03905
0.05714	0.0338	0.0328
0.07087	0.06566	0.05714
0.0625	0.0625	0.06522
0.84615	0.71432	0.68517
0.30508	0.22664	0.17794
0.0458	0.03436	0.03705
0.0	0.0	0.0
0.1129	0.06166	0.02965
0.0	0.0	0.0
0.12821	0.12821	0.13636
0.09859	0.07361	0.08564
0.05333	0.05333	0.04545
0.18072	0.18072	0.17778
0.15894	0.11707	0.10853
0.0	0.0	0.0
0.48718	0.34285	0.34823
0.0	0.0	0.0
0.27907	0.27907	0.28986
0.26667	0.16453	0.15077
0.0	0.0	0.0
0.0	0.0	0.0
0.30909	0.18011	0.19197
0.11828	0.10561	0.12145
0.3	0.20397	0.19608
0.04839	0.04839	0.0303
0.03871	0.03382	0.0262
0.14545	0.13784	0.14777
0.10112	0.10112	0.1
0.0	0.0	0.0
0.22667	0.11679	0.09448
0.09756	0.08655	0.09311
0.03846	0.02342	0.01891
0.06024	0.03693	0.05981
0.01429	0.00139	0.00255
0.13223	0.12797	0.13947
0.21239	0.16602	0.17639
0.16867	0.16867	0.15556
0.0	0.0	0.0
0.01852	0.0018	0.00334
0.1453	0.1453	0.13846
0.0	0.0	0.0
0.18182	0.14852	0.15771
0.06306	0.04897	0.04839
0.22047	0.20346	0.19601
0.05882	0.05882	0.07246
0.0	0.0	0.0
0.0	0.0	0.0
0.19565	0.15463	0.14612
0.0	0.0	0.0
0.10667	0.08711	0.07374
0.0	0.0	0.0
0.07143	0.05732	0.05872
0.0	0.0	0.0
0.05882	0.04934	0.03846
0.11304	0.1073	0.09677
0.12069	0.09122	0.06553
0.0	0.0	0.0
0.0	0.0	0.0
0.0	0.0	0.0
0.2459	0.18695	0.15738
0.0	0.0	0.0
0.14516	0.10406	0.11779
0.16	0.12549	0.13696
0.07143	0.07143	0.07407
0.38938	0.35427	0.34336
0.0	0.0	0.0
0.0	0.0	0.0
0.0	0.0	0.0
0.28205	0.27254	0.2861
0.0	0.0	0.0
0.04	0.01356	0.0
0.1828	0.10859	0.0913
0.0	0.0	0.0
0.0122	0.00295	0.0
0.32895	0.28736	0.2949
0.06557	0.05249	0.04938
0.05	0.03657	0.03618
0.0	0.0	0.0
0.27027	0.24776	0.24792
0.0339	0.02351	0.01173
0.0	0.0	0.0
0.10714	0.05847	0.06737
0.09877	0.07647	0.08346
0.16038	0.16038	0.17926
0.23333	0.23333	0.25532
0.11594	0.09352	0.09
0.08475	0.08475	0.09091
0.09375	0.0588	0.08128
0.5974	0.54296	0.53414
0.0	0.0	0.0
0.07812	0.05695	0.03792
0.07317	0.05389	0.05523
0.19048	0.1544	0.16478
0.24	0.19974	0.1845
0.1358	0.11788	0.10931
0.07143	0.07143	0.08163
0.0	0.0	0.0
0.0303	0.01052	0.00129
0.12264	0.1088	0.11419
0.23438	0.23438	0.22857
0.13208	0.12858	0.12931
0.0	0.0	0.0
0.0	0.0	0.0
0.0678	0.04566	0.02348
0.05479	0.02034	0.02912
0.02	0.01984	0.00864
0.10127	0.09106	0.09302
0.0	0.0	0.0
0.0	0.0	0.0
0.03883	0.02098	0.01104
0.17273	0.17273	0.18333
0.03704	0.03704	0.03125
0.08054	0.0444	0.04283
0.06731	0.05289	0.04866
0.08889	0.06918	0.12274
0.10526	0.07187	0.10408
0.17708	0.1166	0.11589
0.0	0.0	0.0
0.10317	0.10317	0.11429
0.1625	0.12622	0.07465
0.03509	0.02929	0.03125
0.03226	0.01491	0.02194
0.04762	0.03329	0.02857
0.0	0.0	0.0
0.0	0.0	0.0
0.0	0.0	0.0
0.0	0.0	0.0
0.07463	0.06476	0.05714
0.08036	0.08036	0.08065
0.10606	0.07943	0.09454
0.05405	0.03772	0.0363
0.15267	0.14947	0.14474
0.01408	0.01408	0.0
0.0	0.0	0.0
0.14423	0.10964	0.08966
0.05634	0.01569	0.01832
0.11429	0.11429	0.11864
0.06731	0.05599	0.05711
0.11806	0.09622	0.06764
0.28571	0.28571	0.26923
0.04348	0.027	0.03846
0.01802	0.01802	0.01639
0.32812	0.21552	0.23614
0.11957	0.10676	0.12388
0.0	0.0	0.0
0.4	0.23906	0.31363
0.01471	0.01471	0.0
0.18182	0.11556	0.14203
0.0	0.0	0.0
0.35036	0.31893	0.31996
0.11702	0.09593	0.12456
0.02469	0.00896	0.01182
0.18667	0.13356	0.14871
0.0	0.0	0.0
0.09859	0.04659	0.04797
0.03448	0.03448	0.03614
0.0	0.0	0.0
0.15385	0.11008	0.12049
0.0	0.0	0.0
0.0	0.0	0.0
0.31507	0.20637	0.17741
0.21212	0.16668	0.16482
0.09244	0.07658	0.07054
0.30693	0.28377	0.28017
0.05319	0.04359	0.03774
0.18182	0.16838	0.14428
0.16393	0.10895	0.05091
0.0	0.0	0.0
0.05208	0.0405	0.04063
0.01136	0.01136	0.02041
0.04854	0.04854	0.05
0.29885	0.21043	0.19766
0.12371	0.05821	0.05251
0.06944	0.06508	0.05417
0.15842	0.13735	0.14219
0.22807	0.18917	0.19078
0.0	0.0	0.0
0.0	0.0	0.0
0.37931	0.26334	0.27577
0.08333	0.08333	0.11111
0.10294	0.10294	0.12821
0.0	0.0	0.0
0.17699	0.13761	0.13584
0.03175	0.03175	0.02985
0.04348	0.04348	0.04
0.18584	0.16758	0.16702
0.0	0.0	0.0
0.0	0.0	0.0
0.30851	0.25756	0.2429
0.0	0.0	0.0
0.09677	0.08012	0.07195
0.04717	0.04717	0.03509
0.04167	0.00606	0.0
0.25275	0.13171	0.11925
0.16667	0.1252	0.11909
0.0	0.0	0.0
0.08661	0.06528	0.06014
0.03529	0.02922	0.03157
0.0	0.0	0.0
0.28571	0.25136	0.20525
0.02326	0.00844	0.0
0.0	0.0	0.0
0.0	0.0	0.0
0.02381	0.01754	0.02673
0.10294	0.10294	0.11111
0.0	0.0	0.0
0.18978	0.15	0.15238
0.01316	0.01316	0.0
0.14729	0.13266	0.13575
0.0	0.0	0.0
0.0	0.0	0.0
0.17241	0.11253	0.14206
0.0	0.0	0.0
0.04651	0.02151	0.01683
0.04717	0.04717	0.03509
0.22835	0.14746	0.1371
0.05556	0.01143	0.00485
0.0	0.0	0.0
0.05442	0.05442	0.05
0.0	0.0	0.0
0.0	0.0	0.0
0.2	0.13495	0.12429
0.13889	0.11501	0.10158
0.0	0.0	0.0
0.15294	0.11347	0.11711
0.16129	0.09289	0.08748
0.54795	0.34673	0.33298
0.12903	0.11031	0.09878
0.0198	0.0198	0.01786
0.0	0.0	0.0
0.0	0.0	0.0
0.0	0.0	0.0
0.15385	0.14956	0.16129
0.10204	0.02767	0.01669
0.44792	0.40491	0.38804
0.0	0.0	0.0
0.0	0.0	0.0
0.65041	0.6116	0.58451
0.0	0.0	0.0
0.0	0.0	0.0
0.15385	0.15385	0.19178
0.10156	0.09904	0.13389
0.19149	0.17342	0.20063
0.26471	0.26471	0.26667
0.21905	0.21905	0.21311
0.06475	0.05999	0.06579
0.33871	0.33871	0.29412
0.26316	0.26316	0.26829
0.0	0.0	0.0
0.09091	0.06685	0.07459
0.06316	0.03091	0.01898
0.34483	0.19717	0.1908
0.23636	0.23636	0.21875
0.06977	0.06977	0.04167
0.0	0.0	0.0
0.21429	0.21429	0.21739
0.07812	0.04939	0.02484
0.0	0.0	0.0
0.0	0.0	0.0
0.0	0.0	0.0
0.14516	0.09469	0.11381
0.18644	0.18644	0.1875
0.19469	0.19469	0.20635
0.26316	0.14266	0.09973
0.23214	0.16045	0.15558
0.03774	0.02343	0.03448
0.0	0.0	0.0
0.02985	0.02985	0.02778
0.33708	0.32548	0.3239
0.23944	0.16403	0.17982
0.0	0.0	0.0
0.03158	0.02767	0.03074
0.0	0.0	0.0
0.0	0.0	0.0
0.02564	0.01516	0.02283
0.0	0.0	0.0
0.10078	0.0954	0.09459
0.02521	0.01762	0.02857
0.2439	0.14812	0.12867
0.1978	0.17654	0.167
0.11494	0.10568	0.11111
0.18056	0.11404	0.08829
0.01786	0.00605	0.0
0.06579	0.0435	0.04683
0.0	0.0	0.0
0.1194	0.1194	0.12821
0.05	0.05	0.06818
0.22727	0.21652	0.23686
0.0	0.0	0.0
0.10938	0.07309	0.06061
0.37736	0.31802	0.31268
0.20732	0.13594	0.1484
0.10465	0.09752	0.09334
0.11881	0.10093	0.10696
0.0	0.0	0.0
0.03738	0.02819	0.03417
0.17	0.14646	0.15409
0.28125	0.28125	0.28947
0.0	0.0	0.0
0.23529	0.15814	0.18622
0.29032	0.29032	0.28125
0.0	0.0	0.0
0.30952	0.27208	0.26596
0.0	0.0	0.0
0.0	0.0	0.0
0.0	0.0	0.0
0.0	0.0	0.0
0.0	0.0	0.0
0.0	0.0	0.0
0.16854	0.11473	0.10931
0.0	0.0	0.0
0.12821	0.12821	0.13636
0.26596	0.16717	0.18976
0.05385	0.05385	0.06849
0.05426	0.03788	0.04671
0.1791	0.12761	0.07811
0.1875	0.13786	0.09962
0.0	0.0	0.0
0.0	0.0	0.0
0.02459	0.00675	0.00446
0.27473	0.19959	0.20452
0.08475	0.0432	0.05544
0.05217	0.00969	0.00154
0.05556	0.05556	0.03571
0.20968	0.15845	0.14428
0.08791	0.08791	0.09804
0.09709	0.09709	0.10345
0.18841	0.12929	0.11032
0.0	0.0	0.0
0.35443	0.21605	0.20239
0.41667	0.38442	0.40554
0.81356	0.50614	0.51619
0.47436	0.33709	0.28411
0.11111	0.10175	0.09524
0.14516	0.14516	0.15152
0.04255	0.04255	0.03704
0.0	0.0	0.0
0.0	0.0	0.0
0.10145	0.07201	0.06834
0.17722	0.15211	0.11364
0.03077	0.03077	0.02703
0.10526	0.07536	0.03536
0.13636	0.13636	0.125
0.16102	0.13286	0.13459
0.20548	0.15755	0.14687
0.11429	0.0332	0.03568
0.0	0.0	0.0
0.0	0.0	0.0
0.14516	0.12305	0.0997
0.0	0.0	0.0
0.26562	0.24119	0.25269
0.02353	0.02353	0.02174
0.0	0.0	0.0
0.27451	0.26249	0.29954
0.21951	0.18059	0.22112
0.0	0.0	0.0
0.1039	0.08379	0.06487
0.19149	0.13966	0.13088
0.0	0.0	0.0
0.05085	0.03554	0.0303
0.0	0.0	0.0
0.0339	0.01066	0.01209
0.0	0.0	0.0
0.09091	0.061	0.05544
0.0	0.0	0.0
0.0	0.0	0.0
0.42553	0.38917	0.39369
0.0	0.0	0.0
0.02174	0.02174	0.0
0.11628	0.09977	0.08696
0.175	0.11938	0.15148
0.2268	0.22498	0.21112
0.0	0.0	0.0
0.04255	0.02849	0.03846
0.02174	0.02174	0.01887
0.0	0.0	0.0
0.0	0.0	0.0
0.23077	0.17594	0.16533
0.47619	0.42448	0.39538
0.02532	0.01572	0.0
0.08929	0.08929	0.1
0.10476	0.09339	0.10169
0.35	0.32661	0.35089
0.0	0.0	0.0
0.09091	0.04429	0.04117
0.21569	0.14645	0.13683
0.11017	0.11017	0.12121
0.0	0.0	0.0
0.01709	0.01709	0.01538
0.10714	0.0962	0.0699
0.0	0.0	0.0
0.0	0.0	0.0
0.2029	0.2029	0.22222
0.19048	0.13981	0.108
0.0	0.0	0.0
0.06723	0.04852	0.03707
0.12903	0.12382	0.12641
0.0	0.0	0.0
0.48148	0.30354	0.31587
0.15	0.15	0.15217
0.8125	0.6343	0.61984
0.18966	0.18966	0.2
0.12	0.04516	0.05137
0.14458	0.11854	0.13109
0.40244	0.32751	0.30338
0.33333	0.32347	0.31707
0.14286	0.08333	0.03629
0.24194	0.14829	0.09171
0.0	0.0	0.0
0.04688	0.02319	0.0
0.10938	0.06728	0.05359
0.0	0.0	0.0
0.0	0.0	0.0
0.10924	0.0957	0.09529
0.34043	0.1466	0.10683
0.11111	0.06478	0.05835
0.07595	0.07595	0.08511
0.34	0.26034	0.27059
0.02667	0.02667	0.02381
0.0	0.0	0.0
0.10938	0.08744	0.11692
0.0	0.0	0.0
0.0	0.0	0.0
0.05195	0.02368	0.02742
0.28947	0.20924	0.23271
0.01562	0.01562	0.0
0.07143	0.07143	0.075
0.0	0.0	0.0
0.11009	0.08746	0.09527
0.0	0.0	0.0
0.15625	0.10588	0.14047
0.0	0.0	0.0
0.05882	0.0351	0.02778
0.13514	0.07736	0.10874
0.0	0.0	0.0
0.16346	0.10733	0.12527
0.01961	0.0038	0.00719
0.09091	0.06745	0.082
0.075	0.03246	0.03923
0.0	0.0	0.0
0.18182	0.1437	0.11381
0.0	0.0	0.0
0.37383	0.31068	0.31327
0.0	0.0	0.0
0.27586	0.26447	0.25806
0.44737	0.31029	0.2735
0.02817	0.01839	0.02632
0.0	0.0	0.0
0.0	0.0	0.0
0.13924	0.09719	0.09377
0.0375	0.01735	0.02777
0.0	0.0	0.0
0.0	0.0	0.0
0.34615	0.24444	0.2529
0.30508	0.22281	0.19003
0.01639	0.00475	0.0
0.0	0.0	0.0
0.0	0.0	0.0
0.0	0.0	0.0
0.0	0.0	0.0
0.0	0.0	0.0
0.0	0.0	0.0
0.60345	0.39828	0.35538
0.25455	0.18478	0.14361
0.0	0.0	0.0
0.15217	0.15217	0.125
0.12308	0.07992	0.10039
0.1	0.04336	0.02892
0.33333	0.20903	0.24623
0.0	0.0	0.0
0.0	0.0	0.0
0.06897	0.06897	0.06452
0.12698	0.08063	0.10009
0.0	0.0	0.0
0.0	0.0	0.0
0.1165	0.09678	0.10324
0.13907	0.108	0.10791
0.04286	0.04286	0.05405
0.18333	0.11613	0.08635
0.18045	0.18045	0.18667
0.32759	0.24031	0.22724
0.0	0.0	0.0
0.0	0.0	0.0
0.0	0.0	0.0
0.04878	0.02223	0.01052
0.07317	0.07317	0.02641
0.0	0.0	0.0
0.30303	0.22192	0.22843
0.15556	0.15556	0.12
0.26596	0.2428	0.24791
0.34545	0.30616	0.26432
0.0	0.0	0.0
0.0	0.0	0.0
0.10638	0.10638	0.11538
0.12329	0.10716	0.1121
0.10909	0.08989	0.07494
0.14865	0.12054	0.10937
0.30882	0.18931	0.16338
0.0	0.0	0.0
0.0	0.0	0.0
0.0	0.0	0.0
0.00741	0.00251	0.0
0.0	0.0	0.0
0.0	0.0	0.0
0.40278	0.34925	0.37021
0.26786	0.18839	0.18603
0.10526	0.0935	0.09859
0.04878	0.04878	0.04545
0.42241	0.38279	0.37276
0.36842	0.31014	0.30891
0.0	0.0	0.0
0.13636	0.11217	0.10592
0.05455	0.04282	0.04839
0.07643	0.05106	0.05085
0.0	0.0	0.0
0.0	0.0	0.0
0.40625	0.39366	0.36364
0.12308	0.08053	0.07824
0.02198	0.02198	0.02041
0.15278	0.15278	0.15789
0.14545	0.12082	0.14353
0.38889	0.30233	0.27653
0.08696	0.07528	0.07692
0.19481	0.12968	0.11584
0.13115	0.13115	0.1194
0.0	0.0	0.0
0.13514	0.13514	0.12644
0.09412	0.09412	0.1087
0.18421	0.12482	0.16535
0.0	0.0	0.0
0.09434	0.09434	0.10714
0.06944	0.03675	0.0362
0.0	0.0	0.0
0.0	0.0	0.0
0.0	0.0	0.0
0.20354	0.18142	0.17768
0.0	0.0	0.0
0.14634	0.14634	0.16667
0.0	0.0	0.0
0.47619	0.31414	0.27221
0.00813	0.00813	0.01471
0.05	0.03871	0.04651
0.025	0.025	0.02439
0.06173	0.04441	0.04361
0.34043	0.30715	0.28
0.02083	0.00202	0.0
0.38372	0.24158	0.22407
0.10294	0.10294	0.10811
0.0	0.0	0.0
0.0	0.0	0.0
0.0	0.0	0.0
0.0	0.0	0.0
0.10638	0.10638	0.07692
0.16667	0.0895	0.07902
0.23188	0.23188	0.24324
0.0	0.0	0.0
0.16981	0.11596	0.12683
0.17647	0.17647	0.2
0.15068	0.097	0.07914
0.01639	0.00634	0.0
0.06481	0.06481	0.06452
0.79798	0.5838	0.52728
0.10417	0.07257	0.07102
0.0	0.0	0.0
0.1746	0.14748	0.16741
0.04918	0.04918	0.05405
0.0137	0.00133	0.0
0.14815	0.11311	0.12079
0.01754	0.00849	0.0
0.10417	0.10417	0.07143
0.0	0.0	0.0
0.19672	0.14093	0.15735
0.01818	0.00176	0.0
0.04762	0.04762	0.05556
0.64516	0.37155	0.28941
0.05128	0.02276	0.02493
0.01562	0.00152	0.00285
0.0	0.0	0.0
0.0	0.0	0.0
0.15217	0.15217	0.16
0.14516	0.14516	0.13889
0.05814	0.05814	0.0625
0.2069	0.2069	0.20312
0.30769	0.30769	0.35714
0.11111	0.11111	0.10714
0.23077	0.2101	0.2
0.23636	0.20793	0.19053
0.07865	0.05401	0.06057
0.0	0.0	0.0
0.0	0.0	0.0
0.07865	0.07865	0.08333
0.29412	0.27277	0.28421
0.05634	0.05634	0.05263
0.35294	0.23103	0.27564
0.0	0.0	0.0
0.01695	0.00575	0.0
0.2	0.10004	0.10255
0.04348	0.04348	0.02703
0.0625	0.0625	0.06
0.07895	0.07895	0.07317
0.36111	0.2919	0.28454
0.25676	0.14997	0.1399
0.0	0.0	0.0
0.23729	0.17663	0.20088
0.06557	0.04707	0.04428
0.27273	0.23647	0.24579
0.2	0.17024	0.21775
0.28814	0.27583	0.31168
0.03448	0.02141	0.0
0.0	0.0	0.0
0.20879	0.156	0.16792
0.2605	0.1884	0.18679
0.0	0.0	0.0
0.14815	0.11868	0.1414
0.0339	0.02105	0.0
0.21053	0.21053	0.21875
0.03922	0.03288	0.0
0.0	0.0	0.0
0.09524	0.08935	0.12511
0.17143	0.17143	0.18644
0.14286	0.14225	0.1363
0.03571	0.02391	0.03333
0.03279	0.03279	0.02941
0.07407	0.07407	0.08889
0.06383	0.03004	0.02582
0.05797	0.0381	0.025
0.03419	0.01765	0.0247
0.0	0.0	0.0
0.30357	0.20366	0.184
0.0	0.0	0.0
0.0	0.0	0.0
0.08046	0.07453	0.07413
0.0875	0.07056	0.06661
0.0	0.0	0.0
0.0	0.0	0.0
0.32609	0.32609	0.26923
0.0	0.0	0.0
0.0	0.0	0.0
0.0	0.0	0.0
0.12245	0.11718	0.13978
0.72464	0.54607	0.5252
0.0	0.0	0.0
0.0	0.0	0.0
0.63415	0.36985	0.38277
0.425	0.30368	0.2968
0.10169	0.10169	0.10714
0.496	0.41744	0.41778
0.0	0.0	0.0
0.0	0.0	0.0
0.02	0.00484	0.00472
0.0	0.0	0.0
0.19565	0.19565	0.25
0.04545	0.04545	0.04348
0.0	0.0	0.0
0.07317	0.04662	0.04545
0.0	0.0	0.0
0.05405	0.05405	0.06154
0.0	0.0	0.0
0.71739	0.55152	0.52706
0.20312	0.17314	0.17697
0.43182	0.29877	0.30388
0.02703	0.01686	0.0132
0.1	0.06269	0.06855
0.0	0.0	0.0
0.0	0.0	0.0
0.13084	0.08699	0.0916
0.08654	0.06715	0.05576
0.00885	0.00342	0.00578
0.13953	0.07167	0.04438
0.20482	0.16539	0.12766
0.03448	0.02795	0.03077
0.0	0.0	0.0
0.0	0.0	0.0
0.08029	0.06275	0.06346
0.13265	0.1004	0.11061
0.0	0.0	0.0
0.0	0.0	0.0
0.0	0.0	0.0
0.0	0.0	0.0
0.0	0.0	0.0
0.03876	0.02888	0.03315
0.0	0.0	0.0
0.10169	0.08966	0.09375
0.46591	0.36549	0.33214
0.21053	0.13047	0.14258
0.43103	0.28984	0.28306
0.20339	0.16102	0.21472
0.0241	0.0241	0.02222
0.06957	0.06592	0.04934
0.17949	0.11974	0.11548
0.06024	0.06024	0.06122
0.0	0.0	0.0
0.01613	0.00781	0.01383
0.04444	0.01774	0.01815
0.1375	0.1375	0.13333
0.02	0.01984	0.00864
0.0	0.0	0.0
0.08197	0.0402	0.03175
0.0	0.0	0.0
0.01389	0.00269	0.00485
0.25806	0.21367	0.19087
0.2	0.15968	0.15928
0.03704	0.0231	0.01351
0.08696	0.08696	0.08333
0.30986	0.25923	0.21774
0.23077	0.13775	0.14171
0.0137	0.0137	0.0
0.06818	0.05902	0.06128
0.0	0.0	0.0
0.1	0.06662	0.07457
0.344	0.25073	0.27077
0.20896	0.19066	0.19061
0.0431	0.03949	0.05509
0.28378	0.28378	0.28571
0.0303	0.0303	0.02703
0.15493	0.15493	0.15385
0.13139	0.11961	0.12516
0.16667	0.14163	0.14757
0.03704	0.01714	0.00422
0.225	0.1859	0.1597
0.02062	0.01147	0.0147
0.0	0.0	0.0
0.0	0.0	0.0
0.0	0.0	0.0
0.08451	0.03794	0.04413
0.39831	0.28379	0.29279
0.0	0.0	0.0
0.07463	0.04718	0.04403
0.0	0.0	0.0
0.34177	0.21196	0.22467
0.0	0.0	0.0
0.025	0.01989	0.01981
0.14035	0.10301	0.10509
0.0069	0.00334	0.00583
0.11111	0.05849	0.05377
0.09917	0.07998	0.08015
0.0	0.0	0.0
0.0	0.0	0.0
0.08434	0.05694	0.0512
0.0	0.0	0.0
0.01282	0.00435	0.0
0.04478	0.03346	0.02632
0.06667	0.05945	0.05882
0.2625	0.2625	0.24444
0.17647	0.08389	0.06796
0.03636	0.03402	0.03003
0.14	0.09033	0.10484
0.02299	0.01483	0.02083
0.0101	0.0101	0.01818
0.03876	0.02639	0.03045
0.248	0.21923	0.2141
0.04938	0.04938	0.04444
0.12088	0.07197	0.06614
0.13793	0.11319	0.08112
0.0	0.0	0.0
0.10127	0.05085	0.05328
0.0	0.0	0.0
0.03922	0.03922	0.03571
0.25806	0.25911	0.26662
0.0	0.0	0.0
0.2268	0.2268	0.21154
0.0	0.0	0.0
0.17241	0.08121	0.09275
0.0	0.0	0.0
0.125	0.11985	0.14072
0.10811	0.07335	0.07296
0.0	0.0	0.0
0.0339	0.0309	0.03478
0.18557	0.18557	0.16667
0.02273	0.02273	0.01351
0.02586	0.01891	0.01562
0.0	0.0	0.0
0.0	0.0	0.0
0.08772	0.07867	0.06856
0.15068	0.15068	0.14634
0.0	0.0	0.0
0.07273	0.04693	0.05711
0.02105	0.01765	0.01887
0.0	0.0	0.0
0.0	0.0	0.0
0.0	0.0	0.0
0.20755	0.12234	0.0615
0.12245	0.10664	0.10829
0.56	0.32488	0.34564
0.09434	0.04841	0.01306
0.11579	0.10934	0.13462
0.20339	0.20339	0.20588
0.10976	0.07495	0.06966
0.04615	0.03226	0.02703
0.31915	0.23989	0.18134
0.18182	0.11523	0.14293
0.0	0.0	0.0
0.07216	0.07216	0.09434
0.14159	0.12561	0.14286
0.0	0.0	0.0
0.04211	0.02819	0.02
0.0	0.0	0.0
0.0531	0.04696	0.04566
0.0	0.0	0.0
0.33673	0.21614	0.23616
0.01905	0.01905	0.01724
0.05634	0.02568	0.0
0.4127	0.37456	0.40176
0.02532	0.02001	0.02273
0.22581	0.22185	0.23502
0.0	0.0	0.0
0.10135	0.0898	0.1
0.10638	0.08613	0.09978
0.07143	0.07143	0.06667
0.05426	0.0375	0.02759
0.0	0.0	0.0
0.13333	0.08583	0.10991
0.07865	0.07865	0.08
0.16346	0.0926	0.07934
0.07463	0.03152	0.03308
0.09524	0.05327	0.05486
0.25234	0.18707	0.18575
0.0	0.0	0.0
0.15504	0.15504	0.15385
0.07273	0.03931	0.06453
0.37209	0.37209	0.40426
0.0	0.0	0.0
0.31884	0.27467	0.29295
0.06796	0.04276	0.04436
0.05357	0.04436	0.0303
0.0125	0.0125	0.01087
0.06154	0.02731	0.0303
0.0	0.0	0.0
0.29167	0.16634	0.17406
0.09783	0.05507	0.0582
0.07778	0.06417	0.06122
0.04167	0.03267	0.02576
0.10145	0.10145	0.10526
0.0241	0.01341	0.02162
0.14912	0.10612	0.07218
0.54902	0.51361	0.47313
0.06542	0.05622	0.07436
0.0	0.0	0.0
0.1413	0.1413	0.13462
0.0	0.0	0.0
0.06024	0.06024	0.06667
0.0	0.0	0.0
0.0	0.0	0.0
0.0	0.0	0.0
0.0	0.0	0.0
0.08163	0.03424	0.06324
0.01124	0.00381	0.0
0.11811	0.11811	0.11268
0.18681	0.18008	0.18
0.07895	0.05518	0.0477
0.10714	0.07576	0.08515
0.32237	0.32237	0.31395
0.03846	0.03015	0.02294
0.07639	0.06598	0.06319
0.02105	0.02105	0.01852
0.16667	0.16667	0.17857
0.03738	0.03256	0.02394
0.16529	0.1333	0.13043
0.02	0.00871	0.00834
0.0	0.0	0.0
0.0	0.0	0.0
0.05882	0.04997	0.03922
0.0	0.0	0.0
0.19178	0.14429	0.14593
0.0	0.0	0.0
0.0	0.0	0.0
0.02069	0.01746	0.02043
0.00685	0.00199	0.00367
0.0	0.0	0.0
0.02899	0.02454	0.01862
0.33929	0.30127	0.3828
0.04545	0.0347	0.03686
0.21348	0.21348	0.19231
0.40541	0.39451	0.39024
0.46094	0.42805	0.42431
0.0	0.0	0.0
0.0	0.0	0.0
0.28723	0.24279	0.24953
0.05051	0.03421	0.03616
0.0198	0.00383	0.0
0.07407	0.04181	0.08013
0.0	0.0	0.0
0.22368	0.17149	0.17822
0.0	0.0	0.0
0.05333	0.05333	0.04545
0.09286	0.09286	0.1039
0.22222	0.17438	0.21506
0.04545	0.04545	0.04918
0.10714	0.08007	0.07957
0.08791	0.05247	0.06582
0.08228	0.07391	0.08047
0.11429	0.11429	0.14286
0.01587	0.00538	0.0
0.0	0.0	0.0
0.0	0.0	0.0
0.0	0.0	0.0
0.0	0.0	0.0
0.09677	0.08455	0.06061
0.10448	0.04793	0.04392
0.0	0.0	0.0
0.0	0.0	0.0
0.0	0.0	0.0
0.02667	0.02667	0.02564
0.06202	0.03639	0.0496
0.0	0.0	0.0
0.0	0.0	0.0
0.0	0.0	0.0
0.02174	0.00737	0.0
0.0	0.0	0.0
0.0	0.0	0.0
0.04412	0.02325	0.03952
0.0	0.0	0.0
0.0	0.0	0.0
0.0	0.0	0.0
0.0	0.0	0.0
0.0	0.0	0.0
0.0	0.0	0.0
0.1087	0.04804	0.06588
0.0	0.0	0.0
0.31579	0.31579	0.31818
0.15625	0.15625	0.13636
0.08772	0.0453	0.0398
0.0	0.0	0.0
0.11864	0.08968	0.05991
0.0	0.0	0.0
0.13158	0.15917	0.18402
0.0	0.0	0.0
0.0	0.0	0.0
0.10417	0.10417	0.07143
0.0	0.0	0.0
0.0	0.0	0.0
0.0	0.0	0.0
0.16	0.16	0.13793
0.0	0.0	0.0
0.02273	0.02273	0.03846
0.0	0.0	0.0
0.0	0.0	0.0
0.0	0.0	0.0
0.0	0.0	0.0
0.0	0.0	0.0
0.0	0.0	0.0
0.0	0.0	0.0
0.06098	0.05704	0.05496
0.0	0.0	0.0
0.0	0.0	0.0
0.04651	0.03001	0.03015
0.02597	0.01425	0.02222
0.01351	0.00458	0.0
0.21739	0.14659	0.18712
0.0	0.0	0.0
0.0	0.0	0.0
0.0	0.0	0.0
0.06173	0.03247	0.03189
0.0	0.0	0.0
0.0	0.0	0.0
0.0	0.0	0.0
0.08	0.08	0.075
0.15596	0.15596	0.16129
0.01299	0.01299	0.02273
0.0989	0.09057	0.08333
0.0	0.0	0.0
0.0	0.0	0.0
0.0	0.0	0.0
0.01587	0.00308	0.00524
0.0	0.0	0.0
0.0	0.0	0.0
0.0	0.0	0.0
0.0	0.0	0.0
0.0	0.0	0.0
0.0	0.0	0.0
0.0	0.0	0.0
0.15306	0.15306	0.14035
0.0	0.0	0.0
0.0	0.0	0.0
0.0	0.0	0.0
0.13462	0.12035	0.07906
0.18841	0.18841	0.2
0.23333	0.17418	0.15971
0.0	0.0	0.0
0.0	0.0	0.0
0.0	0.0	0.0
0.0	0.0	0.0
0.0	0.0	0.0
0.0	0.0	0.0
0.27143	0.16086	0.1605
0.14286	0.1124	0.12856
0.0	0.0	0.0
0.0	0.0	0.0
0.02727	0.022	0.01532
0.0	0.0	0.0
0.0	0.0	0.0
0.0	0.0	0.0
0.0	0.0	0.0
0.0	0.0	0.0
0.0	0.0	0.0
0.34615	0.32754	0.32903
0.0	0.0	0.0
0.0	0.0	0.0
0.0	0.0	0.0
0.07937	0.07375	0.08849
0.17647	0.17647	0.16
0.0	0.0	0.0
0.0	0.0	0.0
0.0	0.0	0.0
0.0	0.0	0.0
0.0	0.0	0.0
0.0	0.0	0.0
0.26389	0.15996	0.18254
0.04938	0.03067	0.03226
0.0	0.0	0.0
0.0	0.0	0.0
0.0	0.0	0.0
0.0	0.0	0.0
0.0	0.0	0.0
0.0	0.0	0.0
0.0	0.0	0.0
0.22449	0.15637	0.20522
0.15385	0.10467	0.11586
0.0	0.0	0.0
0.0	0.0	0.0
0.0	0.0	0.0
0.05333	0.01743	0.02251
0.0	0.0	0.0
0.0	0.0	0.0
0.0	0.0	0.0
0.0	0.0	0.0
0.0	0.0	0.0
0.17021	0.17021	0.16
0.0	0.0	0.0
0.125	0.06621	0.04839
0.03333	0.0113	0.0
0.0	0.0	0.0
0.08696	0.07528	0.05626
0.03226	0.02731	0.0513
0.0	0.0	0.0
0.0	0.0	0.0
0.0	0.0	0.0
0.06122	0.05349	0.04811
0.07143	0.07143	0.08065
0.15584	0.15584	0.15217
0.10145	0.05681	0.06792
0.0	0.0	0.0
0.0	0.0	0.0
0.15217	0.15217	0.15385
0.125	0.1047	0.08532
0.04762	0.03483	0.05714
0.0	0.0	0.0
0.0	0.0	0.0
0.03279	0.01825	0.02351
0.0	0.0	0.0
0.0	0.0	0.0
0.0	0.0	0.0
0.0	0.0	0.0
0.01639	0.00556	0.0
0.0	0.0	0.0
0.03738	0.01568	0.00807
0.54717	0.38836	0.3312
0.0	0.0	0.0
0.0	0.0	0.0
0.0	0.0	0.0
0.0	0.0	0.0
0.0	0.0	0.0
0.0	0.0	0.0
0.82759	0.54014	0.488
0.0	0.0	0.0
0.0	0.0	0.0
0.0	0.0	0.0
0.0	0.0	0.0
0.0	0.0	0.0
0.03297	0.0273	0.02854
0.0	0.0	0.0
0.0	0.0	0.0
0.0	0.0	0.0
0.01075	0.00104	0.0
0.12676	0.09246	0.118
0.0	0.0	0.0
0.06604	0.0344	0.01169
0.09639	0.06588	0.06918
0.0	0.0	0.0
0.14493	0.09283	0.08206
0.08	0.08	0.09091
0.12658	0.10556	0.09528
0.15663	0.15663	0.15556
0.0	0.0	0.0
0.23077	0.23077	0.2619
0.05319	0.03947	0.04869
0.0	0.0	0.0
0.0	0.0	0.0
0.03478	0.02876	0.02982
0.0	0.0	0.0
0.0	0.0	0.0
0.0	0.0	0.0
0.01449	0.01449	0.025
0.0	0.0	0.0
0.0	0.0	0.0
0.07143	0.03419	0.04348
0.0	0.0	0.0
0.0	0.0	0.0
0.0	0.0	0.0
0.0	0.0	0.0
0.0	0.0	0.0
0.0	0.0	0.0
0.0	0.0	0.0
0.0	0.0	0.0
0.31944	0.16424	0.17167
0.13483	0.12396	0.09678
0.23958	0.23958	0.25
0.00746	0.00072	0.00137
0.0	0.0	0.0
0.0	0.0	0.0
0.0	0.0	0.0
0.0	0.0	0.0
0.0	0.0	0.0
0.0	0.0	0.0
0.26882	0.22547	0.23557
0.0	0.0	0.0
0.0	0.0	0.0
0.0	0.0	0.0
0.0	0.0	0.0
0.05952	0.03975	0.04651
0.0	0.0	0.0
0.0	0.0	0.0
0.0	0.0	0.0
0.16667	0.10954	0.12722
0.0	0.0	0.0
0.0	0.0	0.0
0.0	0.0	0.0
0.0	0.0	0.0
0.05063	0.0339	0.00431
0.0	0.0	0.0
0.06667	0.0447	0.04705
0.04545	0.04545	0.04545
0.08333	0.07415	0.075
0.0	0.0	0.0
0.0	0.0	0.0
0.05479	0.05479	0.07143
0.0	0.0	0.0
0.0	0.0	0.0
0.0	0.0	0.0
0.6	0.433	0.4736
0.0	0.0	0.0
0.0	0.0	0.0
0.17778	0.09069	0.1613
0.0	0.0	0.0
0.0	0.0	0.0
0.0	0.0	0.0
0.0	0.0	0.0
0.06034	0.03783	0.03731
0.0	0.0	0.0
0.0	0.0	0.0
0.04938	0.04938	0.06122
0.12258	0.12258	0.12644
0.07895	0.07895	0.07576
0.0	0.0	0.0
0.09804	0.06041	0.05617
0.0	0.0	0.0
0.0	0.0	0.0
0.0	0.0	0.0
0.10526	0.07047	0.07627
0.0	0.0	0.0
0.0	0.0	0.0
0.32632	0.26794	0.27802
0.11364	0.11364	0.11538
0.11429	0.11429	0.10811
0.28571	0.24395	0.24348
0.0	0.0	0.0
0.0	0.0	0.0
0.0	0.0	0.0
0.0	0.0	0.0
0.03529	0.03833	0.04167
0.04839	0.02705	0.01075
0.0	0.0	0.0
0.03279	0.00318	0.00554
0.0	0.0	0.0
0.05	0.02983	0.04688
0.0	0.0	0.0
0.0	0.0	0.0
0.0	0.0	0.0
0.21176	0.18501	0.19562
0.0	0.0	0.0
0.1519	0.08781	0.12135
0.0	0.0	0.0
0.0	0.0	0.0
0.16418	0.16418	0.15385
0.0	0.0	0.0
0.02326	0.01444	0.02222
0.0	0.0	0.0
0.0	0.0	0.0
0.27397	0.20725	0.22071
0.0	0.0	0.0
0.0	0.0	0.0
0.0	0.0	0.0
0.0	0.0	0.0
0.0	0.0	0.0
0.0	0.0	0.0
0.0	0.0	0.0
0.0	0.0	0.0
0.0	0.0	0.0
0.09091	0.08639	0.09903
0.08333	0.06263	0.09677
0.0	0.0	0.0
0.35294	0.35294	0.3
0.10145	0.09141	0.073
0.0	0.0	0.0
0.0	0.0	0.0
0.0	0.0	0.0
0.0	0.0	0.0
0.45098	0.45098	0.42857
0.0	0.0	0.0
0.20833	0.12369	0.12381
0.0	0.0	0.0
0.0	0.0	0.0
0.16176	0.13709	0.08825
0.0	0.0	0.0
0.0	0.0	0.0
0.0	0.0	0.0
0.16981	0.15277	0.19053
0.0	0.0	0.0
0.09722	0.06789	0.06372
0.0	0.0	0.0
0.0	0.0	0.0
0.0	0.0	0.0
0.13235	0.09299	0.1371
0.0	0.0	0.0
0.03226	0.00833	0.00198
0.2125	0.18992	0.20431
0.0	0.0	0.0
0.07895	0.07428	0.08401
0.0	0.0	0.0
0.0	0.0	0.0
0.0	0.0	0.0
0.0	0.0	0.0
0.06452	0.02965	0.03664
0.0	0.0	0.0
0.0	0.0	0.0
0.0	0.0	0.0
0.08889	0.05736	0.04167
0.31507	0.26205	0.22774
0.0	0.0	0.0
0.0	0.0	0.0
0.0	0.0	0.0
0.325	0.21412	0.24553
0.0	0.0	0.0
0.0	0.0	0.0
0.06024	0.04761	0.0484
0.24324	0.15782	0.17324
0.17708	0.14097	0.13678
0.0	0.0	0.0
0.0	0.0	0.0
0.0	0.0	0.0
0.05085	0.03964	0.06452
0.54737	0.42444	0.37219
0.0	0.0	0.0
0.13462	0.11725	0.13657
0.0	0.0	0.0
0.0	0.0	0.0
0.22917	0.15425	0.19579
0.05556	0.05062	0.03226
0.25	0.20835	0.1855
0.0	0.0	0.0
0.0	0.0	0.0
0.0	0.0	0.0
0.0	0.0	0.0
0.0	0.0	0.0
0.08772	0.05858	0.03657
0.0	0.0	0.0
0.07042	0.06225	0.07702
0.0	0.0	0.0
0.0	0.0	0.0
0.075	0.05605	0.04762
0.0	0.0	0.0
0.0	0.0	0.0
0.0	0.0	0.0
0.0	0.0	0.0
0.03529	0.02201	0.03227
0.0	0.0	0.0
0.0	0.0	0.0
0.0	0.0	0.0
0.0	0.0	0.0
0.0	0.0	0.0
0.06349	0.04762	0.05556
0.0	0.0	0.0
0.0	0.0	0.0
0.0	0.0	0.0
0.0	0.0	0.0
0.0	0.0	0.0
0.0	0.0	0.0
0.0	0.0	0.0
0.2093	0.15567	0.18091
0.0	0.0	0.0
0.0	0.0	0.0
0.05556	0.02474	0.02883
0.22388	0.1791	0.18238
0.0	0.0	0.0
0.05	0.0457	0.04203
0.0	0.0	0.0
0.0297	0.02172	0.02095
0.46774	0.42119	0.38952
0.0	0.0	0.0
0.04839	0.03694	0.03226
0.05185	0.03764	0.03472
0.15278	0.08983	0.11449
0.01681	0.01681	0.01471
0.0	0.0	0.0
0.03846	0.03929	0.0242
0.0	0.0	0.0
0.0	0.0	0.0
0.06	0.02774	0.00359
0.0	0.0	0.0
0.13208	0.11869	0.07696
0.05738	0.05738	0.05882
0.0	0.0	0.0
0.22727	0.22727	0.23684
0.0	0.0	0.0
0.0	0.0	0.0
0.03636	0.03636	0.0
0.12	0.09081	0.09311
0.20988	0.17602	0.166
0.02564	0.02564	0.02326
0.0	0.0	0.0
0.03333	0.0276	0.03606
0.0	0.0	0.0
0.0	0.0	0.0
0.29771	0.2225	0.20403
0.0	0.0	0.0
0.20325	0.20325	0.20896
0.0	0.0	0.0
0.208	0.208	0.2029
0.0	0.0	0.0
0.23596	0.18252	0.14646
0.0	0.0	0.0
0.0	0.0	0.0
0.0	0.0	0.0
0.0	0.0	0.0
0.25455	0.18653	0.17326
0.0	0.0	0.0
0.18471	0.10244	0.10636
0.05755	0.02763	0.03796
0.01575	0.01283	0.00912
0.01613	0.00468	0.0
0.0	0.0	0.0
0.15929	0.12761	0.11951
0.0	0.0	0.0
0.07692	0.05956	0.07143
0.10256	0.10256	0.09524
0.0	0.0	0.0
0.0	0.0	0.0
0.0	0.0	0.0
0.10976	0.10976	0.10638
0.42857	0.3469	0.38773
0.22667	0.16259	0.17781
0.11702	0.11702	0.12
0.1	0.08118	0.08066
0.26471	0.22725	0.22963
0.04839	0.01092	0.00262
0.0	0.0	0.0
0.0	0.0	0.0
0.0	0.0	0.0
0.00719	0.00174	0.0
0.05333	0.05333	0.04545
0.25	0.25	0.24324
0.29268	0.29268	0.3913
0.0	0.0	0.0
0.15094	0.10317	0.0914
0.0	0.0	0.0
0.0875	0.0353	0.04993
0.0	0.0	0.0
0.19753	0.16149	0.17491
0.0	0.0	0.0
0.11111	0.08125	0.07562
0.0	0.0	0.0
0.0	0.0	0.0
0.32955	0.32955	0.33333
0.23214	0.16016	0.11069
0.0	0.0	0.0
0.24272	0.14423	0.12785
0.0	0.0	0.0
0.0	0.0	0.0
0.04268	0.04268	0.05556
0.04054	0.04054	0.06977
0.0	0.0	0.0
0.10744	0.09998	0.10938
0.19	0.14178	0.133
0.06579	0.04945	0.06273
0.01471	0.0102	0.019
0.08955	0.08907	0.09416
0.16854	0.15422	0.16968
0.10448	0.10448	0.10959
0.0	0.0	0.0
0.05208	0.04369	0.04063
0.02985	0.01445	0.01655
0.1	0.07811	0.09049
0.10417	0.05881	0.08065
0.04	0.0184	0.02689
0.0	0.0	0.0
0.0	0.0	0.0
0.0	0.0	0.0
0.00862	0.00167	0.00298
0.0	0.0	0.0
0.0	0.0	0.0
0.0	0.0	0.0
0.0	0.0	0.0
0.11628	0.11628	0.12
0.0	0.0	0.0
0.38	0.27678	0.24971
0.0	0.0	0.0
0.0	0.0	0.0
0.0	0.0	0.0
0.0	0.0	0.0
0.07692	0.04778	0.05535
0.0	0.0	0.0
0.0	0.0	0.0
0.0	0.0	0.0
0.22449	0.17314	0.16628
0.0	0.0	0.0
0.0	0.0	0.0
0.0	0.0	0.0
0.0	0.0	0.0
0.05674	0.04026	0.04234
0.03279	0.01335	0.0159
0.0	0.0	0.0
0.0	0.0	0.0
0.02326	0.02326	0.02128
0.0	0.0	0.0
0.0	0.0	0.0
0.0	0.0	0.0
0.0	0.0	0.0
0.14634	0.13612	0.16277
0.0	0.0	0.0
0.08594	0.08594	0.08451
0.0	0.0	0.0
0.0	0.0	0.0
0.0	0.0	0.0
0.0	0.0	0.0
0.0	0.0	0.0
0.0	0.0	0.0
0.0	0.0	0.0
0.0	0.0	0.0
0.025	0.025	0.02222
0.0	0.0	0.0
0.22115	0.20316	0.23621
0.0339	0.02269	0.03125
0.03093	0.02361	0.01852
0.0	0.0	0.0
0.0	0.0	0.0
0.0	0.0	0.0
0.0	0.0	0.0
0.0	0.0	0.0
0.0	0.0	0.0
0.0	0.0	0.0
0.05882	0.05882	0.075
0.06481	0.06481	0.07812
0.0	0.0	0.0
0.08108	0.08108	0.09756
0.0	0.0	0.0
0.0	0.0	0.0
0.25843	0.18178	0.16907
0.18605	0.1746	0.17452
0.0	0.0	0.0
0.0	0.0	0.0
0.08276	0.07853	0.089
0.0	0.0	0.0
0.0	0.0	0.0
0.08696	0.072	0.04344
0.0	0.0	0.0
0.12329	0.08751	0.05686
0.0	0.0	0.0
0.0	0.0	0.0
0.0	0.0	0.0
0.0	0.0	0.0
0.0	0.0	0.0
0.0	0.0	0.0
0.08228	0.08228	0.09195
0.0	0.0	0.0
0.0	0.0	0.0
0.0	0.0	0.0
0.0	0.0	0.0
0.0	0.0	0.0
0.0	0.0	0.0
0.0	0.0	0.0
0.0	0.0	0.0
0.0	0.0	0.0
0.0	0.0	0.0
0.0	0.0	0.0
0.29167	0.22156	0.23054
0.0	0.0	0.0
0.0	0.0	0.0
0.0	0.0	0.0
0.0	0.0	0.0
0.0	0.0	0.0
0.0	0.0	0.0
0.0	0.0	0.0
0.0	0.0	0.0
0.0	0.0	0.0
0.0	0.0	0.0
0.0	0.0	0.0
0.0	0.0	0.0
0.0	0.0	0.0
0.0	0.0	0.0
0.04878	0.02282	0.00644
0.17431	0.17431	0.1746
0.0	0.0	0.0
0.0458	0.02931	0.03182
0.00943	0.00943	0.01639
0.17857	0.17857	0.18367
0.0	0.0	0.0
0.0	0.0	0.0
0.0	0.0	0.0
0.1	0.06632	0.03752
0.27434	0.24294	0.23608
0.0	0.0	0.0
0.0	0.0	0.0
0.0	0.0	0.0
0.02679	0.02679	0.01695
0.0	0.0	0.0
0.0	0.0	0.0
0.0	0.0	0.0
0.13423	0.09775	0.11172
0.0	0.0	0.0
0.26087	0.24446	0.28107
0.12264	0.0945	0.09158
0.04444	0.02778	0.01961
0.0	0.0	0.0
0.0	0.0	0.0
0.27778	0.27778	0.27586
0.0	0.0	0.0
0.0	0.0	0.0
0.0	0.0	0.0
0.0	0.0	0.0
0.0	0.0	0.0
0.0	0.0	0.0
0.0	0.0	0.0
0.02326	0.01276	0.02239
0.0	0.0	0.0
0.14286	0.14286	0.14516
0.0	0.0	0.0
0.0	0.0	0.0
0.0	0.0	0.0
0.0	0.0	0.0
0.0	0.0	0.0
0.0	0.0	0.0
0.0	0.0	0.0
0.0	0.0	0.0
0.0	0.0	0.0
0.0	0.0	0.0
0.01504	0.00473	0.00516
0.0	0.0	0.0
0.0	0.0	0.0
0.0	0.0	0.0
0.19277	0.10398	0.12838
0.0	0.0	0.0
0.09756	0.09756	0.08333
0.36735	0.27786	0.303
0.54545	0.24542	0.25563
0.125	0.08009	0.06765
0.0	0.0	0.0
0.0	0.0	0.0
0.07692	0.03405	0.03196
0.08861	0.04553	0.03923
0.0	0.0	0.0
0.2029	0.14729	0.17003
0.0	0.0	0.0
0.0	0.0	0.0
0.0	0.0	0.0
0.80303	0.56873	0.54194
0.0	0.0	0.0
0.35135	0.26505	0.31509
0.27586	0.24008	0.27649
0.33673	0.29361	0.29475
0.30508	0.13646	0.10755
0.21429	0.21429	0.21951
0.13208	0.13208	0.13793
0.1	0.04558	0.05191
0.0	0.0	0.0
0.0	0.0	0.0
0.54545	0.44133	0.46263
0.14754	0.12269	0.12121
0.0	0.0	0.0
0.07595	0.06758	0.04762
0.0	0.0	0.0
0.12879	0.12879	0.125
0.0	0.0	0.0
0.08861	0.08861	0.08511
0.01667	0.01667	0.0
0.23762	0.21001	0.19182
0.0678	0.05576	0.05882
0.11765	0.09156	0.1113
0.26	0.22452	0.23077
0.0	0.0	0.0
0.0	0.0	0.0
0.125	0.12353	0.12427
0.0	0.0	0.0
0.19298	0.17884	0.19355
0.11628	0.06677	0.04348
0.03883	0.03633	0.053
0.14754	0.07379	0.08244
0.44872	0.25663	0.24579
0.58824	0.45379	0.50292
0.0	0.0	0.0
0.05263	0.03849	0.06856
0.06173	0.05357	0.04348
0.25581	0.22937	0.26042
0.0	0.0	0.0
0.14607	0.08211	0.07164
0.28409	0.28409	0.25532
0.77273	0.58312	0.53739
0.0	0.0	0.0
0.05085	0.05085	0.03226
0.03175	0.03175	0.02941
0.03509	0.03509	0.03226
0.03	0.02097	0.01754
0.17722	0.14843	0.14405
0.2	0.15769	0.15792
0.36538	0.28042	0.30854
0.24051	0.24051	0.25581
0.09259	0.05794	0.07718
0.07143	0.07143	0.06452
0.01754	0.01754	0.0303
0.12698	0.06632	0.06074
0.38462	0.28432	0.3103
0.29915	0.27366	0.26714
0.0	0.0	0.0
0.34286	0.22543	0.2435
0.04938	0.02609	0.03451
0.94286	0.62729	0.6951
0.0198	0.01182	0.0
0.0	0.0	0.0
0.0	0.0	0.0
0.28	0.231	0.23388
0.0	0.0	0.0
0.0	0.0	0.0
0.02632	0.02632	0.04545
0.17021	0.11909	0.06638
0.13115	0.09598	0.09203
0.03371	0.01848	0.03394
0.07812	0.05822	0.06451
0.14388	0.11418	0.13799
0.08955	0.05682	0.05736
0.3617	0.29857	0.33215
0.2243	0.2243	0.22414
0.06452	0.06452	0.0
0.22222	0.21169	0.25
0.04762	0.03533	0.0477
0.06667	0.05573	0.05452
0.07692	0.04053	0.03993
0.16923	0.16923	0.16216
0.13636	0.07111	0.12029
0.10938	0.06728	0.05359
0.55556	0.47136	0.46324
0.06818	0.05975	0.10516
0.0	0.0	0.0
0.14286	0.07995	0.09837
0.22807	0.12779	0.13763
0.07955	0.07258	0.0625
0.01	0.01	0.0
0.0	0.0	0.0
0.27778	0.20296	0.21642
0.0	0.0	0.0
0.22727	0.1573	0.1473
0.06364	0.04971	0.04969
0.22124	0.22124	0.21538
0.16667	0.0865	0.1194
0.08333	0.07885	0.06692
0.0	0.0	0.0
0.04938	0.04122	0.04444
0.01429	0.01313	0.02356
0.22222	0.15175	0.16716
0.25806	0.20629	0.17171
0.0	0.0	0.0
0.0	0.0	0.0
0.0	0.0	0.0
0.15493	0.12904	0.11995
0.15686	0.15686	0.14815
0.10309	0.08647	0.07407
0.84091	0.58034	0.55154
0.13953	0.13953	0.125
0.16393	0.1383	0.13235
0.22222	0.14124	0.15292
0.03448	0.02309	0.03226
0.02174	0.00684	0.0
0.31304	0.20088	0.18265
0.25532	0.20694	0.2285
0.15625	0.13483	0.11765
0.25974	0.22434	0.24523
0.15294	0.09981	0.09502
0.16049	0.16049	0.17391
0.625	0.43242	0.39846
0.27451	0.17459	0.14407
0.34426	0.24683	0.25195
0.11628	0.06734	0.07212
0.01724	0.01724	0.01493
0.13131	0.12073	0.1142
0.13559	0.09351	0.10933
0.11905	0.11905	0.10417
0.13235	0.079	0.0579
0.12418	0.07318	0.06545
0.1087	0.08415	0.10324
0.0	0.0	0.0
0.0	0.0	0.0
0.18367	0.16722	0.2069
0.08772	0.05491	0.05465
0.55405	0.46384	0.50664
0.10309	0.08946	0.08329
0.09434	0.0764	0.06682
0.05263	0.04104	0.0303
0.07317	0.06202	0.06061
0.21875	0.1519	0.15413
0.1	0.06635	0.08696
0.0	0.0	0.0
0.0	0.0	0.0
0.09877	0.08364	0.06943
0.0	0.0	0.0
0.11	0.06694	0.07321
0.0137	0.00133	0.0
0.0	0.0	0.0
0.15909	0.14884	0.13043
0.18421	0.11334	0.1188
0.04027	0.02566	0.01652
0.37778	0.33317	0.30477
0.28169	0.28169	0.3
0.0813	0.0518	0.03521
0.0	0.0	0.0
0.13265	0.0374	0.02602
0.07407	0.05815	0.0649
0.14286	0.11042	0.12167
0.20732	0.20732	0.19565
0.09375	0.09375	0.09615
0.07692	0.07692	0.04444
0.11321	0.10042	0.08111
0.48148	0.3495	0.38813
0.17857	0.1611	0.14295
0.25	0.07373	0.04653
0.0	0.0	0.0
0.0	0.0	0.0
0.0	0.0	0.0
0.01887	0.01172	0.01754
0.06667	0.06667	0.07018
0.11111	0.11111	0.10714
0.09836	0.07907	0.07059
0.0	0.0	0.0
0.48276	0.44901	0.40183
0.19643	0.17482	0.23284
0.02222	0.00752	0.0
0.07767	0.07	0.07143
0.10606	0.10606	0.10811
0.17778	0.16004	0.11687
0.07778	0.06058	0.06485
0.06306	0.04447	0.04839
0.0	0.0	0.0
0.12766	0.05528	0.05141
0.03175	0.03175	0.02941
0.42254	0.37439	0.37608
0.07843	0.07843	0.07407
0.21951	0.10033	0.12628
0.0	0.0	0.0
0.19298	0.16723	0.16129
0.05882	0.03579	0.02325
0.0	0.0	0.0
0.32353	0.29388	0.25414
0.0989	0.08012	0.08511
0.0	0.0	0.0
0.10448	0.08546	0.08913
0.18421	0.18421	0.2
0.08264	0.0408	0.03618
0.57377	0.35382	0.27321
0.2381	0.1989	0.24683
0.12766	0.11051	0.09142
0.08333	0.05982	0.05744
0.04478	0.0219	0.0318
0.57353	0.48981	0.45789
0.03333	0.03333	0.0303
0.32759	0.16109	0.20819
0.19672	0.13775	0.14212
0.10345	0.10345	0.13333
0.0	0.0	0.0
0.0	0.0	0.0
0.0	0.0	0.0
0.18182	0.16891	0.13333
0.0	0.0	0.0
0.04225	0.03839	0.0411
0.19178	0.17388	0.13428
0.79592	0.53392	0.46004
0.09434	0.05951	0.05944
0.10638	0.06555	0.05674
0.47458	0.34532	0.34731
0.03529	0.02638	0.02128
0.1087	0.06874	0.10112
0.07216	0.03892	0.03813
0.44	0.26584	0.282
0.28169	0.28169	0.275
0.0	0.0	0.0
0.20408	0.13463	0.12433
0.0	0.0	0.0
0.83117	0.53484	0.4914
0.0	0.0	0.0
0.15385	0.11538	0.17563
0.0	0.0	0.0
0.11957	0.09327	0.08582
0.11321	0.098	0.10714
0.25532	0.198	0.20728
0.04225	0.01818	0.00255
0.0	0.0	0.0
0.14545	0.08476	0.07442
0.03659	0.03659	0.04444
0.27143	0.22143	0.22155
0.04651	0.02457	0.02239
0.06667	0.01561	0.0152
0.25758	0.25758	0.26316
0.30851	0.20711	0.2044
0.0	0.0	0.0
0.22857	0.17743	0.20325
0.04839	0.03694	0.02857
0.14085	0.09475	0.10229
0.11364	0.05536	0.04571
0.28358	0.23713	0.23244
0.10667	0.0454	0.06452
0.23256	0.13691	0.12967
0.14062	0.13067	0.13756
0.11111	0.08514	0.10445
0.04819	0.01847	0.00413
0.08511	0.03365	0.05027
0.4129	0.3921	0.36272
0.08163	0.0632	0.07407
0.03279	0.03279	0.02778
0.30556	0.12281	0.11371
0.41026	0.35445	0.349
0.0	0.0	0.0
0.44828	0.30095	0.29476
0.10959	0.08705	0.04446
0.2459	0.13966	0.11733
0.06977	0.0604	0.04255
0.23684	0.13712	0.13842
0.06122	0.06122	0.03846
0.08257	0.06172	0.06828
0.35714	0.24714	0.2957
0.62162	0.45343	0.36648
0.35417	0.22146	0.22008
0.32895	0.30157	0.2937
0.24691	0.22999	0.23607
0.26829	0.11376	0.10365
0.12	0.07179	0.06511
0.05	0.03737	0.02215
0.0	0.0	0.0
0.0	0.0	0.0
0.13725	0.11591	0.10909
0.03448	0.0241	0.02222
0.0	0.0	0.0
0.0915	0.07696	0.06818
0.21277	0.21277	0.18519
0.16854	0.13393	0.17314
0.47619	0.33643	0.34934
0.01408	0.00545	0.00921
0.20513	0.18818	0.15
0.175	0.09881	0.07138
0.0	0.0	0.0
0.32051	0.19772	0.16502
0.12963	0.0902	0.07609
0.46377	0.38197	0.34456
0.58163	0.37449	0.36592
0.18056	0.14562	0.12905
0.4	0.32084	0.35248
0.18627	0.18627	0.17241
0.0	0.0	0.0
0.34247	0.27819	0.24964
0.18182	0.13839	0.12735
0.14444	0.1095	0.09678
0.05714	0.05323	0.04542
0.0	0.0	0.0
0.0	0.0	0.0
0.44828	0.42297	0.45455
0.31915	0.26564	0.30707
0.0	0.0	0.0
0.23913	0.17813	0.13676
0.12414	0.09512	0.09838
0.0	0.0	0.0
0.12821	0.07715	0.0726
0.07857	0.07857	0.08861
0.03371	0.02555	0.04641
0.0	0.0	0.0
0.31092	0.31092	0.3125
0.0	0.0	0.0
0.15789	0.09126	0.11553
0.07792	0.05635	0.05115
0.08772	0.08772	0.07576
0.17	0.16339	0.16364
0.0	0.0	0.0
0.12	0.10064	0.12402
0.1134	0.07018	0.07109
0.06154	0.04678	0.05368
0.04	0.02925	0.02439
0.37681	0.285	0.27805
0.07143	0.05262	0.04488
0.11364	0.10081	0.08535
0.05556	0.03875	0.06026
0.18182	0.15617	0.1848
0.15476	0.1108	0.1087
0.42029	0.29143	0.29595
0.09016	0.06452	0.04622
0.04132	0.0344	0.037
0.0	0.0	0.0
0.08904	0.06607	0.05927
0.63636	0.47162	0.44996
0.06667	0.03978	0.03853
0.15294	0.13511	0.14583
0.13333	0.10508	0.08175
0.83673	0.69854	0.67687
0.0	0.0	0.0
0.01053	0.00357	0.0
0.09302	0.0704	0.07397
0.40741	0.35841	0.31336
0.04286	0.04286	0.025
0.20339	0.11127	0.1226
0.04545	0.04545	0.05882
0.17241	0.13776	0.12131
0.17442	0.17442	0.18
0.0	0.0	0.0
0.01481	0.00538	0.00786
0.08696	0.06452	0.08447
0.02985	0.02985	0.02817
0.15038	0.14044	0.15068
0.08036	0.04495	0.05992
0.05155	0.03791	0.0442
0.00769	0.00769	0.0137
0.5	0.31788	0.29806
0.0	0.0	0.0
0.18939	0.18475	0.19444
0.03158	0.02767	0.03017
0.14953	0.14471	0.15297
0.0	0.0	0.0
0.0	0.0	0.0
0.26126	0.20678	0.21855
0.08	0.05452	0.0634
0.24719	0.17922	0.20006
0.0303	0.0303	0.02857
0.0625	0.03246	0.04373
0.0814	0.06772	0.07024
0.35366	0.22173	0.21885
0.23529	0.20076	0.21002
0.14286	0.14286	0.13725
0.025	0.025	0.02222
0.2093	0.1377	0.19078
0.17568	0.1432	0.15263
0.0	0.0	0.0
0.04167	0.03069	0.02292
0.04132	0.03866	0.02688
0.04511	0.0348	0.03053
0.0	0.0	0.0
0.01282	0.01282	0.02273
0.1875	0.13944	0.17857
0.23256	0.22206	0.21739
0.14729	0.12465	0.13147
0.14706	0.13521	0.15385
0.16471	0.06892	0.09142
0.15116	0.13092	0.14002
0.27869	0.21738	0.20679
0.05385	0.03288	0.03509
0.04706	0.03094	0.02747
0.16279	0.09226	0.0516
0.14925	0.12952	0.15233
0.08772	0.07923	0.05241
0.2029	0.16645	0.15621
0.22857	0.1657	0.16131
0.39062	0.28806	0.29862
0.23288	0.13944	0.14979
0.16279	0.16279	0.16667
0.09574	0.04429	0.04932
0.0	0.0	0.0
0.14894	0.13418	0.16008
0.4375	0.30082	0.31082
0.04808	0.04079	0.03448
0.33898	0.26544	0.27219
0.1236	0.10982	0.12029
0.24194	0.18861	0.20532
0.02247	0.01884	0.03422
0.07092	0.05388	0.05807
0.44444	0.40861	0.40582
0.00885	0.00086	0.0
0.51724	0.35764	0.29868
0.1375	0.09092	0.09257
0.27143	0.15484	0.14558
0.1746	0.10013	0.1025
0.06522	0.03998	0.02194
0.16456	0.16456	0.17391
0.04545	0.04545	0.03846
0.38806	0.27855	0.31197
0.17094	0.14944	0.12652
0.0	0.0	0.0
0.0	0.0	0.0
0.02041	0.02041	0.01887
0.1828	0.15852	0.15024
0.0	0.0	0.0
0.1954	0.1181	0.1156
0.03448	0.01334	0.0625
0.08081	0.05344	0.05905
0.0597	0.0123	0.00262
0.15942	0.15942	0.15385
0.25962	0.25962	0.26316
0.05172	0.04894	0.05657
0.07914	0.06997	0.0728
0.09091	0.05707	0.03568
0.25	0.16901	0.16131
0.15909	0.15909	0.14583
0.11504	0.07252	0.06998
0.06475	0.02252	0.017
0.09483	0.08147	0.09405
0.09091	0.07526	0.07649
0.09091	0.04605	0.03428
0.03061	0.0214	0.01818
0.0	0.0	0.0
0.0283	0.00685	0.00645
0.0	0.0	0.0
0.11494	0.08066	0.0746
0.20354	0.16459	0.13621
0.02344	0.01941	0.0212
0.08	0.06044	0.06818
0.5283	0.36096	0.35203
0.01887	0.01319	0.01167
0.1875	0.05215	0.05597
0.31111	0.22458	0.24032
0.15385	0.12006	0.11289
0.11111	0.09439	0.07489
0.07619	0.05761	0.07839
0.12857	0.04519	0.05917
0.07438	0.07438	0.07812
0.48148	0.3754	0.33766
0.02247	0.02247	0.02083
0.0	0.0	0.0
0.0	0.0	0.0
0.14865	0.14691	0.13979
0.32258	0.18183	0.17098
0.12941	0.08542	0.07358
0.67949	0.5395	0.49995
0.09091	0.09091	0.11538
0.04545	0.03544	0.02703
0.0	0.0	0.0
0.82432	0.66351	0.64671
0.0	0.0	0.0
0.01163	0.00394	0.0
0.0	0.0	0.0
0.16447	0.05883	0.04379
0.14844	0.11632	0.12334
0.0	0.0	0.0
0.01923	0.01923	0.03571
0.25676	0.20152	0.21043
0.075	0.05725	0.04651
0.14583	0.08267	0.05137
0.0	0.0	0.0
0.29032	0.18524	0.21266
0.14865	0.08219	0.06902
0.31683	0.23621	0.23755
0.0241	0.01439	0.02222
0.18987	0.18987	0.2
0.0	0.0	0.0
0.17544	0.12168	0.12247
0.14634	0.13559	0.12857
0.0	0.0	0.0
0.13333	0.10462	0.10514
0.00617	0.00209	0.0
0.16216	0.06889	0.0484
0.21875	0.15375	0.18788
0.26027	0.2097	0.21615
0.0339	0.0339	0.02941
0.0	0.0	0.0
0.0678	0.05741	0.04538
0.05882	0.0188	0.03263
0.17188	0.14088	0.12618
0.0	0.0	0.0
0.13542	0.10014	0.11081
0.03571	0.02391	0.0
0.24719	0.23235	0.27002
0.0	0.0	0.0
0.4	0.3896	0.39717
0.01923	0.01923	0.0
0.23529	0.20456	0.20198
0.272	0.19874	0.22866
0.04839	0.03382	0.02941
0.0	0.0	0.0
0.0	0.0	0.0
0.14474	0.1023	0.11327
0.625	0.49196	0.471
0.04545	0.02395	0.01046
0.04587	0.03019	0.03333
0.0	0.0	0.0
0.0	0.0	0.0
0.15873	0.14746	0.15114
0.06612	0.04266	0.05124
0.08955	0.04646	0.03395
0.44565	0.34699	0.2916
0.04098	0.04098	0.04412
0.11765	0.10025	0.10274
0.5514	0.47136	0.49287
0.20619	0.14516	0.12609
0.09333	0.06689	0.08498
0.29134	0.20335	0.21703
0.15748	0.13957	0.1639
0.05682	0.04766	0.06122
0.01562	0.0053	0.0
0.06383	0.01237	0.00539
0.15094	0.10866	0.1129
0.2027	0.16827	0.16168
0.01724	0.00167	0.0
0.15385	0.13855	0.13349
0.09615	0.058	0.06857
0.03704	0.00896	0.00334
0.36364	0.22878	0.23138
0.05714	0.01783	0.01754
0.19178	0.10078	0.07412
0.18868	0.15917	0.19355
0.02941	0.02941	0.02778
0.28889	0.19231	0.21228
0.10204	0.10204	0.10714
0.0	0.0	0.0
0.0	0.0	0.0
0.24	0.21691	0.20453
0.0	0.0	0.0
0.14583	0.09175	0.09907
0.1	0.07581	0.0702
0.11494	0.11494	0.10417
0.04211	0.04211	0.01818
0.0	0.0	0.0
0.0	0.0	0.0
0.0	0.0	0.0
0.13592	0.13592	0.13559
0.24528	0.13028	0.13443
0.0	0.0	0.0
0.08235	0.06471	0.06485
0.15574	0.09811	0.10497
0.0	0.0	0.0
0.27419	0.24089	0.26729
0.0	0.0	0.0
0.01163	0.01163	0.0
0.10989	0.10989	0.09804
0.11538	0.04902	0.07489
0.26471	0.21681	0.23603
0.15957	0.11754	0.0892
0.19118	0.14113	0.1431
0.76543	0.51481	0.47568
0.0	0.0	0.0
0.06494	0.04399	0.02381
0.40476	0.38465	0.37405
0.0	0.0	0.0
0.0	0.0	0.0
0.17143	0.16267	0.16377
0.09184	0.09184	0.08929
0.13725	0.12429	0.10714
0.0	0.0	0.0
0.31429	0.24611	0.24941
0.30882	0.25119	0.24497
0.0381	0.02995	0.04556
0.02564	0.01117	0.01209
0.21569	0.21569	0.2
0.09639	0.08551	0.08907
0.18978	0.15152	0.16045
0.21978	0.21092	0.20408
0.0137	0.0137	0.01149
0.05455	0.03431	0.05606
0.01667	0.00565	0.0
0.0	0.0	0.0
0.07407	0.06412	0.06122
0.47727	0.31898	0.27485
0.09722	0.08468	0.07692
0.1358	0.0707	0.05916
0.18391	0.17854	0.16802
0.05	0.05	0.02326
0.0	0.0	0.0
0.06557	0.06557	0.05882
0.56061	0.53008	0.51429
0.0	0.0	0.0
0.1236	0.06542	0.08548
0.06818	0.06818	0.04167
0.26389	0.15551	0.12828
0.07273	0.04092	0.04302
0.14634	0.09678	0.08696
0.17143	0.11139	0.1198
0.11667	0.07877	0.0699
0.20253	0.16989	0.16169
0.38571	0.28343	0.26387
0.37288	0.32176	0.30829
0.30435	0.28448	0.28465
0.32759	0.20026	0.18058
0.04545	0.02658	0.02174
0.35938	0.33972	0.34391
0.0	0.0	0.0
0.0	0.0	0.0
0.0	0.0	0.0
0.0	0.0	0.0
0.0	0.0	0.0
0.06107	0.03805	0.04054
0.11475	0.11475	0.11429
0.09615	0.06266	0.06293
0.63158	0.34342	0.392
0.22388	0.22388	0.21622
0.51515	0.37342	0.365
0.08451	0.0752	0.05263
0.05455	0.04076	0.03226
0.15254	0.1438	0.16129
0.10959	0.10584	0.09805
0.34021	0.28316	0.26519
0.31944	0.24465	0.21319
0.07059	0.02999	0.03015
0.42254	0.40982	0.35242
0.43902	0.21524	0.22165
0.44118	0.31974	0.22576
0.14706	0.09632	0.04125
0.15464	0.13818	0.12493
0.0	0.0	0.0
0.1223	0.10131	0.10464
0.0	0.0	0.0
0.43836	0.31247	0.31985
0.0	0.0	0.0
0.14	0.14	0.13725
0.0229	0.00702	0.00408
0.0	0.0	0.0
0.02326	0.02326	0.02083
0.0	0.0	0.0
0.0	0.0	0.0
0.25	0.15358	0.20162
0.16667	0.14146	0.15004
0.30233	0.21307	0.27088
0.2	0.2	0.22222
0.14286	0.14286	0.13043
0.22449	0.22449	0.23077
0.14583	0.12802	0.13615
0.02439	0.02439	0.02128
0.19231	0.16176	0.1438
0.14407	0.12357	0.13105
0.07692	0.04515	0.06232
0.06923	0.05806	0.05368
0.1125	0.1125	0.14286
