0.14286	0.11981	0.07143
0.1659	0.15697	0.08209
0.24	0.18192	0.15207
0.104	0.10013	0.05814
0.37931	0.33038	0.3
0.32394	0.32803	0.22778
0.07042	0.07769	0.04
0.29139	0.2478	0.19992
0.33654	0.30707	0.2249
0.33333	0.27446	0.22341
0.16456	0.13923	0.08231
0.21429	0.24136	0.28947
0.07317	0.04012	0.04167
0.0	0.0	0.0
0.38596	0.3073	0.22211
0.16883	0.14871	0.08131
0.14894	0.12972	0.14664
0.24	0.17676	0.11953
0.3	0.29435	0.30822
0.13861	0.14628	0.11423
0.0	0.0	0.0
0.13333	0.1405	0.10215
0.16667	0.14421	0.10709
0.25	0.15725	0.20967
0.6875	0.5605	0.53625
1.0	0.8871	0.56686
0.10345	0.08676	0.0
0.18182	0.17082	0.0795
0.47826	0.38013	0.3226
1.0	1.0	1.0
0.0	0.0	0.0
0.54167	0.38167	0.18817
0.83333	0.83333	1.0
0.21469	0.18534	0.15924
0.05556	0.05556	0.02778
0.0	0.0	0.0
0.2	0.16419	0.11594
0.31429	0.24054	0.19612
0.3913	0.36184	0.27352
0.19697	0.17839	0.10609
0.47619	0.32871	0.34207
0.10959	0.10296	0.08977
0.62162	0.55012	0.50119
0.08696	0.1627	0.09675
0.18182	0.14369	0.08063
0.16071	0.13018	0.07317
0.05128	0.01985	0.00921
0.22059	0.19189	0.14013
0.21053	0.20033	0.11405
0.11111	0.10217	0.10712
0.24	0.25548	0.1855
0.07407	0.07407	0.0
0.13043	0.10026	0.06939
0.26667	0.16773	0.13782
0.2	0.2	0.0
0.26147	0.22935	0.19397
0.0625	0.0625	0.09091
0.0	0.0	0.0
0.2069	0.15462	0.18281
0.12931	0.11874	0.08745
0.16327	0.2008	0.15152
0.0	0.0	0.0
0.07895	0.07258	0.04082
0.27907	0.21079	0.12067
1.33333	1.13976	1.05057
0.13158	0.11671	0.11032
0.19355	0.19146	0.10918
0.22378	0.18385	0.15795
0.37931	0.41934	0.26522
0.33333	0.30896	0.26343
0.18182	0.15982	0.06667
0.15385	0.14474	0.16873
0.13453	0.10849	0.06985
0.14286	0.08663	0.0
0.31579	0.31747	0.20213
0.19259	0.15818	0.0631
0.25926	0.21144	0.19967
0.1768	0.16182	0.15117
0.24	0.19548	0.13282
0.47368	0.48216	0.43008
0.07143	0.07143	0.04762
0.2439	0.21873	0.09181
0.15476	0.13402	0.10753
0.17391	0.12622	0.14919
0.53333	0.4366	0.32264
0.2	0.15851	0.05
0.10294	0.08634	0.05822
0.14729	0.11828	0.10573
0.18605	0.1988	0.14635
0.12121	0.10594	0.06678
0.13684	0.12394	0.12744
0.33333	0.29084	0.19354
0.15909	0.14297	0.11919
0.07143	0.04378	0.03589
0.75	0.75	0.5
0.14286	0.13029	0.10069
0.125	0.10988	0.04545
0.09756	0.10385	0.06452
0.33333	0.33333	0.0
0.03846	0.03846	0.05263
0.25263	0.22954	0.17821
0.06742	0.06742	0.05
0.1871	0.15878	0.10985
0.19355	0.19355	0.2
0.33333	0.34838	0.25917
0.14286	0.11367	0.09907
0.21818	0.20585	0.14165
0.81481	0.6547	0.60081
0.18487	0.15993	0.14176
0.12941	0.08273	0.07397
0.18072	0.15157	0.15094
0.15789	0.15789	0.125
0.2381	0.23195	0.15385
0.10345	0.10957	0.08889
0.18824	0.16546	0.11973
0.29412	0.30929	0.13593
0.11111	0.09062	0.09902
0.52	0.49288	0.31107
0.17886	0.1542	0.14155
0.15385	0.13151	0.12144
0.23223	0.22595	0.15091
2.38462	2.39208	2.242
0.17593	0.14874	0.10796
0.42308	0.34492	0.32258
0.13889	0.10244	0.06365
0.9	0.6613	0.6505
0.21053	0.2026	0.15322
0.11111	0.11111	0.0
0.02564	0.02564	0.0
0.21875	0.17892	0.16398
0.15385	0.15385	0.0
0.28986	0.28425	0.27584
0.375	0.33295	0.25382
0.13208	0.09921	0.08663
0.28814	0.27283	0.21092
0.5	0.4785	0.629
0.12037	0.08183	0.07406
0.30579	0.27272	0.20552
0.27778	0.23656	0.2715
0.78378	0.74454	0.77978
0.27273	0.20918	0.19355
0.20714	0.15367	0.09507
0.18919	0.13688	0.09307
0.14634	0.15815	0.10345
0.18182	0.12609	0.11827
0.01923	0.03846	0.02857
0.67347	0.65635	0.61594
0.22	0.24968	0.30197
0.17647	0.12206	0.08781
0.8125	0.58063	0.56891
0.24138	0.19131	0.181
0.31373	0.26312	0.18824
0.3913	0.30435	0.248
0.13333	0.13333	0.0
0.16058	0.14928	0.10315
0.23077	0.201	0.28225
0.2	0.2	0.16667
0.0625	0.0625	0.0
0.15385	0.15385	0.1
0.0974	0.09531	0.06076
0.0	0.0	0.0
0.15385	0.15426	0.07843
0.0	0.0	0.0
0.2125	0.17553	0.10107
0.07692	0.03969	0.0
0.46154	0.41685	0.3968
0.16	0.13855	0.1049
0.20183	0.15625	0.08945
0.41935	0.26952	0.2758
0.11712	0.11421	0.08926
0.11818	0.11173	0.08674
0.14286	0.14562	0.08172
0.07317	0.05193	0.08333
0.42105	0.43803	0.40909
0.36842	0.31411	0.207
0.18	0.14064	0.10815
0.10738	0.0762	0.05676
0.1	0.07905	0.0284
0.09091	0.1173	0.04762
0.09434	0.11321	0.07895
0.07643	0.07335	0.05505
0.07692	0.10423	0.11111
0.33898	0.26353	0.2596
0.15625	0.1875	0.1887
0.69565	0.51196	0.315
0.14634	0.13376	0.09615
0.28571	0.31336	0.2
0.21429	0.21429	0.19048
0.0	0.0	0.0
0.23333	0.18493	0.12732
0.31579	0.27332	0.18782
0.22642	0.15702	0.07026
0.72414	0.77641	0.83577
0.77372	0.72592	0.72494
0.09424	0.08225	0.08749
0.15029	0.13574	0.11613
0.64286	0.53914	0.69586
0.30435	0.24265	0.17647
0.4186	0.33909	0.28288
0.27586	0.2069	0.1387
0.25926	0.21282	0.17008
0.58333	0.41938	0.32447
0.0625	0.05746	0.04193
0.43478	0.43478	0.5
0.07407	0.05137	0.0303
0.38889	0.32439	0.33333
0.04	0.04	0.05882
0.10132	0.08768	0.07562
0.41935	0.29239	0.18513
0.3	0.1581	0.0
0.09677	0.06868	0.05132
0.4	0.4128	0.172
0.2973	0.24281	0.20304
0.24242	0.18085	0.073
0.14085	0.1238	0.08
0.16071	0.10655	0.02778
0.19231	0.19231	0.26316
0.23077	0.15385	0.16667
0.08929	0.08237	0.07577
1.0	0.90815	0.48925
0.275	0.24031	0.22092
0.5	0.48973	0.49461
0.30244	0.24956	0.21816
0.13483	0.08626	0.07903
0.375	0.30915	0.21332
0.25	0.24192	0.4
0.11702	0.0875	0.04133
0.10345	0.10345	0.1
0.05714	0.05714	0.03774
0.16049	0.16089	0.08159
0.23558	0.21913	0.22238
0.4	0.2887	0.25373
0.16883	0.13803	0.10709
0.07143	0.07143	0.07143
0.83333	0.81717	0.4968
0.19847	0.20635	0.1802
0.37931	0.32479	0.28445
0.06	0.06	0.03448
0.40625	0.31653	0.26509
0.15625	0.13533	0.12832
0.13889	0.12544	0.07692
0.27586	0.24071	0.19489
0.05556	0.05556	0.0
0.31633	0.27945	0.17381
0.375	0.33769	0.25032
0.0	0.0	0.0
0.08257	0.066	0.04245
0.2439	0.21951	0.14819
0.07317	0.07317	0.0339
0.20988	0.16844	0.10495
0.28125	0.23288	0.19064
0.5	0.4258	0.32257
0.13265	0.10302	0.05141
0.06818	0.05132	0.037
0.0531	0.04282	0.02822
0.20833	0.15941	0.13081
0.36957	0.30224	0.31181
0.34848	0.30352	0.23738
0.16393	0.12956	0.09062
0.44	0.4458	0.42105
0.14634	0.13021	0.10311
0.21053	0.21053	0.11111
0.34783	0.37026	0.375
0.13559	0.1088	0.07041
0.11628	0.1024	0.07271
0.13793	0.15907	0.09091
0.26271	0.24876	0.19784
0.17391	0.15007	0.05947
0.20513	0.19603	0.17742
0.28302	0.24953	0.15081
0.41935	0.40168	0.33333
0.15686	0.1341	0.10721
0.2	0.2	0.15
0.29412	0.24288	0.10264
0.08333	0.05375	0.0645
0.38636	0.35116	0.36694
0.32258	0.282	0.28863
0.2069	0.1941	0.191
0.10345	0.10345	0.11111
0.25	0.25	0.24
0.23529	0.23909	0.24
0.13559	0.12083	0.07632
0.0	0.0	0.0
0.0	0.0	0.0
0.14545	0.16129	0.1
0.09449	0.08839	0.07277
0.76923	0.59554	0.595
0.26316	0.27886	0.31354
0.0	0.0	0.0
0.55556	0.56622	0.52683
0.3578	0.2995	0.21354
1.0	0.59133	0.516
0.9	0.758	0.58986
0.1	0.1	0.03227
0.23077	0.25641	0.2
0.32174	0.31276	0.26103
0.14118	0.14004	0.07168
0.1875	0.15451	0.12542
0.2093	0.16053	0.12531
0.15686	0.15686	0.15152
0.14768	0.12236	0.10602
0.59375	0.43041	0.31818
0.08	0.03699	0.03395
0.27586	0.20134	0.20429
0.09091	0.08553	0.0575
0.08108	0.03486	0.00832
1.5	1.145	1.516
0.23077	0.23077	0.11765
0.07692	0.06762	0.02857
0.25926	0.23419	0.15789
0.19167	0.14274	0.08918
0.05333	0.04688	0.03636
0.16923	0.16724	0.12143
0.27273	0.13842	0.08797
0.15094	0.11808	0.0815
0.42857	0.36864	0.2161
0.28302	0.255	0.2737
0.17105	0.1388	0.11786
0.35294	0.241	0.11662
0.05882	0.05882	0.09091
0.5303	0.46432	0.41024
0.13978	0.10197	0.06507
0.76923	0.65301	0.61287
0.39062	0.31703	0.29933
0.02941	0.02941	0.0
0.0	0.0	0.0
0.31481	0.35185	0.25714
0.19149	0.19217	0.12903
0.08475	0.08475	0.08333
0.05	0.05	0.06667
0.55882	0.44685	0.25805
0.2	0.15114	0.12609
0.11765	0.09678	0.04342
0.42857	0.30989	0.35294
0.32877	0.28899	0.19354
0.06452	0.06452	0.05
0.15686	0.13187	0.1171
0.07692	0.06762	0.05263
0.16901	0.16672	0.15242
0.18421	0.14684	0.05831
0.34783	0.32539	0.3125
0.16667	0.14947	0.09844
0.11538	0.1005	0.11422
0.09901	0.08463	0.05882
0.28571	0.22464	0.074
0.0	0.0	0.0
1.0	0.7419	0.74733
0.28571	0.24609	0.18768
0.2439	0.24705	0.1086
0.33333	0.33333	0.0
0.10938	0.125	0.08889
0.17857	0.16762	0.13158
0.07812	0.063	0.08229
0.15385	0.12965	0.08369
0.22581	0.21019	0.09257
0.0	0.0	0.0
0.19355	0.16492	0.16855
0.32468	0.29157	0.26069
0.0	0.0	0.0
0.11111	0.11111	0.0
0.04082	0.04082	0.03125
0.21374	0.21029	0.1598
0.19048	0.19048	0.16667
0.0	0.0	0.0
0.29412	0.2511	0.20187
0.07692	0.07692	0.04167
0.18605	0.09905	0.12503
0.15909	0.14186	0.10361
0.29412	0.26376	0.08067
0.34694	0.22449	0.17203
0.20364	0.19179	0.16012
0.13514	0.13514	0.04167
0.23364	0.20681	0.13273
0.3038	0.26746	0.22704
0.17391	0.1823	0.13282
0.26531	0.23765	0.13759
1.0	1.129	0.645
0.36667	0.26398	0.22495
0.30556	0.35303	0.2215
0.08791	0.08224	0.08406
0.25	0.21316	0.17651
0.0	0.0	0.0
0.61538	0.51615	0.41645
0.18182	0.22291	0.246
0.27273	0.15982	0.10753
0.32353	0.32541	0.29952
0.32353	0.29979	0.19355
0.10638	0.0803	0.11139
0.5	0.45444	0.47543
0.1875	0.22278	0.18768
0.1087	0.08765	0.06989
0.25	0.25	0.125
0.21088	0.18542	0.11213
0.44444	0.41578	0.4388
0.16364	0.13782	0.14286
0.05556	0.10394	0.07143
0.35484	0.28406	0.17155
0.25	0.22797	0.1454
0.3125	0.28965	0.22482
0.18868	0.12781	0.11857
0.125	0.125	0.0
0.14286	0.14286	0.16667
0.16049	0.14695	0.12783
0.53846	0.38708	0.39067
0.06667	0.05591	0.0172
0.277	0.24685	0.19646
0.12791	0.12041	0.10377
0.16432	0.14811	0.10191
0.21667	0.19462	0.1191
0.31429	0.31106	0.31721
0.57895	0.38537	0.56717
0.38961	0.39255	0.28551
0.58824	0.47059	0.3065
0.4	0.39096	0.23891
0.17647	0.12904	0.1051
0.2	0.2258	0.1895
0.24468	0.19937	0.14937
0.15	0.13911	0.04094
0.15556	0.12618	0.11091
0.16	0.16776	0.10526
0.25	0.27419	0.21
0.72727	0.69791	0.37633
0.21296	0.19952	0.14662
0.04651	0.03714	0.03905
0.17647	0.16812	0.11457
0.30556	0.29211	0.19231
0.13514	0.13077	0.1012
0.09677	0.08116	0.04348
0.15152	0.10264	0.1085
0.10606	0.10239	0.10112
0.0597	0.05633	0.02174
0.12579	0.11747	0.06519
0.1	0.0516	0.0
0.03704	0.03704	0.0
0.15625	0.17238	0.14286
0.23529	0.23813	0.18828
0.31481	0.26761	0.22873
0.26316	0.22242	0.08067
0.2	0.16773	0.0516
0.57895	0.68421	0.625
0.85714	0.55757	0.6194
0.12245	0.12245	0.15625
0.27586	0.19576	0.15
0.34286	0.2258	0.22983
0.13699	0.10826	0.0956
0.27907	0.22505	0.2094
0.55556	0.54122	0.75267
0.46667	0.47527	0.21409
0.16667	0.16667	0.0
1.0	1.0	1.0
0.14286	0.10783	0.05032
0.25	0.22225	0.16381
0.18182	0.16715	0.08524
0.1875	0.23788	0.28571
0.33784	0.31735	0.23843
0.13265	0.13265	0.09375
0.35484	0.27681	0.34257
0.19101	0.19064	0.18453
0.10976	0.09323	0.05489
0.26531	0.1922	0.03846
0.11111	0.15589	0.07143
0.12037	0.11589	0.08814
0.75	0.64112	0.68817
0.21875	0.20362	0.19048
0.38095	0.35329	0.35021
0.24138	0.21634	0.18589
0.07595	0.0543	0.0426
0.19444	0.22222	0.14286
0.28889	0.24373	0.19981
0.15068	0.16262	0.16695
0.35	0.3129	0.2715
0.33846	0.25755	0.20007
0.15278	0.14606	0.10204
0.33333	0.30508	0.31306
0.45455	0.45455	0.129
0.3125	0.3125	0.25
0.54054	0.37573	0.25685
0.56522	0.50424	0.52169
0.29496	0.24414	0.1596
0.06383	0.0731	0.06061
0.27434	0.24122	0.22432
0.18182	0.1343	0.09147
0.125	0.11636	0.10046
0.25547	0.22697	0.13779
0.19048	0.20123	0.15692
0.125	0.10483	0.05882
0.21831	0.18196	0.11309
0.125	0.09718	0.09361
0.59375	0.42941	0.23352
0.9375	0.66531	0.7646
0.21277	0.15785	0.16667
0.04762	0.04762	0.0
0.54545	0.54545	0.66667
0.13333	0.1086	0.14809
0.175	0.12904	0.11808
0.13772	0.10644	0.09587
0.35714	0.33525	0.2
0.23585	0.23889	0.1914
0.38095	0.298	0.25808
0.12821	0.12241	0.10274
0.10843	0.1026	0.07937
0.16667	0.17204	0.074
0.10112	0.08735	0.03421
0.08824	0.08824	0.04762
0.4	0.2108	0.132
0.41379	0.33038	0.29297
0.2314	0.20634	0.13148
0.15254	0.11317	0.13158
0.1875	0.13609	0.12904
0.08929	0.08544	0.07028
0.18947	0.21222	0.19596
0.31579	0.27505	0.06454
0.03846	0.02915	0.02778
0.17323	0.15697	0.12903
0.17857	0.14017	0.06279
0.72	0.70704	0.71613
0.08108	0.08457	0.10752
0.21053	0.15111	0.12473
0.19802	0.18461	0.12779
0.19444	0.15681	0.2
0.30556	0.21236	0.14968
0.25	0.25	0.16667
0.08333	0.08333	0.09091
0.23684	0.20797	0.13575
0.09333	0.08301	0.06522
0.5	0.5	0.5
0.1195	0.10549	0.08563
0.06061	0.05914	0.06621
0.22556	0.23283	0.13383
0.25	0.20162	0.18935
0.2619	0.23808	0.15321
0.08571	0.09677	0.04
0.24138	0.208	0.13636
0.41667	0.3457	0.30107
0.14035	0.14488	0.11205
0.16981	0.16981	0.11765
0.6	0.43227	0.35482
0.13158	0.10442	0.07594
0.14754	0.12903	0.11015
0.21053	0.191	0.07692
0.28571	0.46543	0.5
0.0	0.0	0.0
0.23913	0.21248	0.15023
0.21875	0.17792	0.12605
0.13636	0.09236	0.0625
0.04545	0.01173	0.01433
0.31522	0.26858	0.19666
0.05063	0.04328	0.01852
1.0	0.70514	0.70975
0.25862	0.24693	0.17114
0.45161	0.436	0.38095
0.26471	0.24288	0.13936
0.12879	0.12512	0.11111
0.15	0.14193	0.1415
0.20455	0.19648	0.14076
0.1413	0.10379	0.10181
0.35484	0.21955	0.22353
0.17544	0.16582	0.11111
0.09615	0.08188	0.03594
0.58333	0.43008	0.0903
0.3253	0.27361	0.21542
0.18939	0.1608	0.11727
0.05	0.05	0.03333
0.13559	0.13341	0.12205
0.07018	0.07018	0.05128
0.09884	0.09378	0.05777
0.29885	0.24657	0.18655
0.07143	0.0599	0.03333
0.33333	0.23667	0.355
0.25	0.22905	0.3
0.25	0.1705	0.17647
0.36364	0.33821	0.30205
0.14141	0.1287	0.1109
0.27848	0.25194	0.18631
0.57143	0.46543	0.47375
0.14286	0.15898	0.08469
0.64706	0.64706	0.64286
0.10811	0.10026	0.04838
0.26316	0.23768	0.23077
0.10227	0.07844	0.08089
0.21127	0.18673	0.11501
0.54545	0.41055	0.28225
0.5	0.40142	0.37019
0.3125	0.3098	0.2757
0.11688	0.12317	0.10666
0.23529	0.22391	0.15858
0.17989	0.17068	0.13103
0.19802	0.19961	0.13044
0.0	0.0	0.0
0.16	0.16	0.11765
0.36842	0.382	0.3
0.04545	0.02859	0.0086
0.27778	0.23954	0.17655
0.03333	0.03333	0.05556
0.20635	0.23246	0.136
0.20904	0.1755	0.14855
0.51613	0.45574	0.37096
0.41026	0.3751	0.31452
0.18519	0.19474	0.0625
0.08824	0.08824	0.07407
0.77778	0.68337	0.65805
0.07843	0.06894	0.04626
0.25581	0.21642	0.15454
0.31667	0.31235	0.23159
0.11475	0.09466	0.07692
0.0	0.0	0.0
0.31579	0.19016	0.24657
0.35714	0.41471	0.28114
0.22807	0.14091	0.09947
0.2037	0.16338	0.14112
0.17526	0.15031	0.10086
0.71795	0.61456	0.59484
0.29193	0.27909	0.25284
0.23684	0.24024	0.12531
0.30147	0.30123	0.24798
0.25	0.24968	0.20763
0.59259	0.68337	0.7
0.1875	0.15994	0.05483
0.16667	0.13404	0.1129
0.21053	0.18505	0.125
0.10101	0.06484	0.04008
0.18033	0.18456	0.12429
0.3	0.24623	0.149
0.25225	0.22348	0.18055
0.13115	0.0928	0.05465
0.13208	0.14485	0.13564
0.22973	0.21512	0.15465
1.0	1.102	0.9224
0.11207	0.099	0.08362
0.05	0.01775	0.00956
0.28205	0.24482	0.09677
0.17582	0.16484	0.07562
0.11321	0.10408	0.10526
0.13043	0.07854	0.06555
0.22892	0.21142	0.16656
0.33333	0.23833	0.08209
0.28571	0.28571	0.25
0.25	0.23034	0.2107
0.34921	0.2427	0.2304
0.17544	0.1794	0.17624
0.45161	0.45161	0.5
0.17361	0.15165	0.13354
0.21053	0.146	0.21338
0.16993	0.1596	0.11632
0.10606	0.08944	0.05777
0.44444	0.38711	0.301
0.43478	0.39409	0.305
0.41611	0.3347	0.30451
0.16949	0.14325	0.11779
0.19231	0.19231	0.23529
0.33981	0.32321	0.27709
0.45455	0.36945	0.30414
0.125	0.10311	0.05806
0.15152	0.16187	0.14516
0.16279	0.11702	0.10988
0.26389	0.24103	0.19684
0.0	0.0	0.0
0.31169	0.30623	0.24434
0.28205	0.18859	0.19125
0.21053	0.16807	0.12195
0.03846	0.03846	0.0
0.2	0.2	0.21429
0.1	0.1	0.15385
0.2963	0.25926	0.1887
0.13953	0.09151	0.08817
0.19048	0.15624	0.08507
0.20548	0.20681	0.10904
0.3	0.2508	0.25104
0.25	0.24494	0.18124
0.30769	0.2768	0.20984
0.08696	0.06942	0.04336
0.06897	0.06897	0.07317
0.52632	0.41937	0.4344
0.33333	0.33333	0.33333
0.29851	0.26431	0.23268
0.2807	0.206	0.20431
0.23529	0.22771	0.08604
0.23913	0.18793	0.16028
0.23077	0.16626	0.10669
0.23179	0.2273	0.19914
0.0625	0.0625	0.0
0.14286	0.10829	0.0
0.01613	0.00832	0.0
0.42424	0.41348	0.22727
0.0	0.0	0.0
0.26316	0.19184	0.17369
0.25	0.22781	0.14955
0.19355	0.19492	0.14888
0.22881	0.18945	0.15262
0.11111	0.10702	0.053
0.0	0.0	0.0
0.19697	0.16861	0.12939
0.04	0.04	0.0
0.18182	0.16618	0.14517
0.11111	0.11111	0.04762
0.29762	0.26805	0.18519
0.30435	0.33064	0.29708
0.17877	0.14308	0.09331
0.10596	0.08887	0.05396
0.26708	0.23422	0.18526
0.175	0.13065	0.13859
0.18182	0.18182	0.14286
0.26087	0.22206	0.18386
0.09302	0.08177	0.0
0.2069	0.19466	0.13582
0.21739	0.13463	0.1301
0.11111	0.10215	0.09253
0.04762	0.01229	0.0172
0.0	0.0	0.0
0.11111	0.10514	0.07143
0.27778	0.24552	0.19735
0.19608	0.13851	0.09279
0.14634	0.11329	0.10094
0.12	0.1058	0.15114
0.29412	0.22771	0.22581
0.08163	0.06912	0.05947
0.35714	0.33871	0.38712
0.25	0.25303	0.2359
0.26087	0.23278	0.19354
0.31884	0.2784	0.21055
0.71429	0.72579	0.57344
0.21739	0.20196	0.09676
0.30769	0.20346	0.1645
0.25	0.13708	0.125
0.25	0.25	0.11111
0.25	0.24294	0.2
0.34286	0.25163	0.23987
0.09524	0.11214	0.07692
0.27586	0.21134	0.15789
0.16129	0.12955	0.10782
0.24444	0.23153	0.1259
0.1697	0.11886	0.06419
0.19048	0.192	0.09091
0.5	0.5	1.0
0.0	0.0	0.0
0.11628	0.07914	0.03285
0.12941	0.09923	0.07993
0.72	0.63224	0.5
0.33333	0.26164	0.21878
0.21311	0.21205	0.16697
0.10569	0.08654	0.06384
0.16471	0.15862	0.11988
0.19048	0.05838	0.02977
0.0	0.0	0.0
0.0	0.0	0.0
0.14679	0.12577	0.0784
0.19444	0.17383	0.12067
0.34091	0.39148	0.31503
0.07447	0.04357	0.03331
0.24339	0.20395	0.12877
0.10667	0.09075	0.09808
0.06383	0.06383	0.05714
0.20755	0.17406	0.14312
0.19608	0.14895	0.08314
0.01408	0.01408	0.02083
0.27586	0.27366	0.23505
0.29167	0.375	0.44828
0.0	0.0	0.0
0.19403	0.16176	0.12453
0.13725	0.12175	0.13416
0.0	0.0	0.0
0.04545	0.04545	0.06667
0.33333	0.24998	0.2393
0.23529	0.19353	0.043
1.0	0.84329	0.83075
0.11348	0.11805	0.11672
0.18627	0.14737	0.13065
0.18182	0.18182	0.0
0.41667	0.3914	0.36384
0.41667	0.45654	0.50943
0.33333	0.2304	0.16752
0.15789	0.14813	0.13333
0.2268	0.23545	0.21537
0.20661	0.19595	0.12863
0.22222	0.1517	0.15447
0.30435	0.32398	0.28303
0.14286	0.13271	0.12061
0.31429	0.30783	0.22286
0.16667	0.16667	0.2
0.23656	0.20047	0.15018
0.15068	0.15289	0.05628
0.15385	0.13482	0.1051
1.2	1.3226	1.57
0.16393	0.17398	0.09755
0.34091	0.30205	0.24248
0.25	0.17257	0.13027
0.10526	0.12395	0.15385
0.34146	0.29898	0.24028
0.2	0.17072	0.08371
0.10938	0.10938	0.11364
0.3125	0.27485	0.20233
0.18868	0.20208	0.16314
0.09901	0.08815	0.07926
0.15217	0.12761	0.13234
0.12371	0.11772	0.06154
0.12857	0.11843	0.08258
0.07143	0.0811	0.06667
0.03896	0.04022	0.04369
0.12727	0.11378	0.06451
0.29167	0.33333	0.18893
0.47368	0.51105	0.45393
0.06061	0.06061	0.07692
0.15596	0.14915	0.14385
0.05797	0.07059	0.05882
0.24893	0.2312	0.19285
0.04762	0.02995	0.0
0.23214	0.1633	0.16442
0.14286	0.08757	0.11547
0.35294	0.35294	0.23077
0.3913	0.29874	0.24421
0.0	0.0	0.0
0.37037	0.27959	0.28571
0.05455	0.03871	0.0
0.27103	0.2463	0.18536
0.0	0.0	0.0
0.61905	0.63133	0.46488
0.14706	0.13376	0.09091
0.08333	0.08333	0.05882
0.17157	0.15765	0.08996
0.14286	0.13363	0.12432
0.1875	0.1875	0.16667
0.12698	0.09216	0.06667
0.28431	0.22927	0.21289
0.15873	0.1536	0.07895
0.09756	0.09756	0.07692
0.23256	0.17103	0.10682
0.09091	0.07624	0.0547
0.24138	0.17131	0.11547
0.77778	0.34767	0.40317
0.24444	0.22867	0.11342
0.11864	0.11263	0.03494
0.26042	0.25134	0.23763
0.35897	0.354	0.36639
0.20472	0.17653	0.12562
0.20755	0.20511	0.12544
0.24286	0.21244	0.16494
0.22222	0.16488	0.13431
0.09722	0.05421	0.0466
0.14085	0.1313	0.04117
0.5	0.38712	0.542
0.25287	0.24323	0.227
0.31707	0.25098	0.26698
0.16667	0.14148	0.10008
0.17241	0.19244	0.18227
0.05	0.05	0.07692
0.09589	0.06893	0.05818
0.25	0.2242	0.20349
0.10345	0.08676	0.04348
0.41667	0.36825	0.2903
0.38	0.30902	0.25077
0.16667	0.11598	0.10122
0.1954	0.14685	0.14629
0.13636	0.18182	0.125
0.12281	0.06847	0.08972
0.21311	0.22898	0.13413
0.11236	0.09315	0.04839
0.24324	0.24324	0.15385
0.19355	0.16545	0.12532
0.125	0.16531	0.12121
0.58333	0.56989	0.54
0.18182	0.21349	0.13889
0.06667	0.05591	0.05228
0.10569	0.07999	0.06561
0.22222	0.15056	0.10818
0.21569	0.2062	0.13889
0.3	0.2387	0.14398
0.11765	0.10816	0.09091
0.31429	0.29309	0.24486
0.11111	0.11111	0.2
0.29268	0.26985	0.19814
0.15152	0.15786	0.12536
0.11538	0.09512	0.05583
1.83333	1.5376	2.10241
0.15094	0.15581	0.11342
0.225	0.23385	0.19635
0.29245	0.28697	0.22178
0.16981	0.14181	0.11828
0.31579	0.21389	0.129
0.03125	0.0625	0.04348
0.18182	0.13879	0.09823
0.14286	0.13652	0.11892
0.05952	0.06912	0.05085
0.17431	0.18023	0.1682
0.34694	0.30349	0.24953
0.45	0.3758	0.29493
0.17647	0.16506	0.16127
0.08955	0.0804	0.08953
0.23333	0.1645	0.18586
0.22222	0.32256	0.27186
0.32743	0.29289	0.19143
0.33333	0.37037	0.22727
0.08209	0.08787	0.05715
0.14286	0.16087	0.08521
0.0	0.0	0.0
0.0	0.0	0.0
0.17213	0.14885	0.09227
0.28205	0.23158	0.19752
0.18023	0.14759	0.10743
1.0	0.516	0.903
0.23944	0.22854	0.14231
0.08621	0.05672	0.04435
0.12745	0.11512	0.10507
0.13208	0.10468	0.03448
0.08333	0.08333	0.0
0.1	0.1	0.0
0.06061	0.06647	0.04762
0.14667	0.14021	0.0625
0.28169	0.20444	0.18804
0.275	0.26613	0.12067
0.24	0.24096	0.18975
0.0	0.0	0.0
0.5	0.40458	0.38927
0.16667	0.09383	0.01612
0.24603	0.21606	0.11076
0.17801	0.16771	0.14413
0.20833	0.2116	0.18269
0.25773	0.23977	0.18462
0.57143	0.63586	0.742
0.19048	0.17357	0.13885
0.14679	0.12993	0.10859
0.16176	0.16508	0.13284
0.12727	0.08973	0.06272
0.2	0.2129	0.17971
0.61111	0.44628	0.45455
0.13043	0.09257	0.08064
0.15909	0.10191	0.07604
0.08451	0.08451	0.06122
0.18841	0.16877	0.05507
0.0	0.0	0.0
0.0	0.0	0.0
0.18182	0.17302	0.2
0.16667	0.086	0.0
0.22995	0.17974	0.13464
0.04545	0.02345	0.03969
0.18367	0.13494	0.07962
0.03448	0.01779	0.0
0.07143	0.07143	0.04545
0.2	0.19677	0.19048
0.31707	0.27968	0.19439
0.25	0.23065	0.1884
0.06349	0.04403	0.00561
0.2	0.2	0.14286
0.20192	0.18285	0.19961
0.21186	0.18507	0.12984
0.32075	0.25442	0.18157
0.16667	0.12473	0.11877
0.73333	0.48387	0.5355
0.36667	0.46667	0.52174
0.17241	0.13459	0.06989
0.22059	0.19544	0.12029
0.15238	0.149	0.11334
0.11688	0.09174	0.07331
0.53846	0.464	0.496
0.23313	0.19354	0.17696
0.06061	0.06061	0.05
0.0	0.0	0.0
0.04762	0.086	0.06667
0.55556	0.42294	0.35486
0.15152	0.15152	0.08696
0.12766	0.08476	0.05913
0.04938	0.04262	0.0625
0.12903	0.08742	0.0599
0.28	0.24004	0.23942
0.59259	0.49224	0.45335
0.32609	0.30013	0.20789
0.45902	0.35749	0.33577
0.26582	0.26582	0.23636
0.35135	0.22319	0.23077
0.33333	0.30561	0.22222
0.54717	0.43642	0.28451
0.26471	0.29221	0.31579
0.12757	0.1123	0.09127
0.04688	0.04688	0.02564
0.2	0.20107	0.13636
0.12281	0.13865	0.09112
0.15625	0.11694	0.1321
2.5	2.3385	3.516
0.26	0.20516	0.15322
0.11765	0.09012	0.08128
0.10526	0.10866	0.09408
0.32	0.30192	0.15559
0.10526	0.06281	0.02273
0.125	0.08358	0.07217
0.13	0.11419	0.08192
0.15385	0.12371	0.09729
0.07619	0.07005	0.06729
0.30556	0.41039	0.43893
0.07547	0.06634	0.04211
0.11881	0.1121	0.07087
0.15385	0.13697	0.11273
0.15714	0.16451	0.15168
0.25	0.23925	0.3145
0.07407	0.10633	0.06667
0.05769	0.04094	0.00315
0.33929	0.27908	0.18382
0.3617	0.33423	0.29031
0.92	0.83616	0.67567
0.19512	0.21637	0.20039
0.21053	0.16978	0.12701
0.625	0.41125	0.18817
0.36842	0.33616	0.27915
0.11429	0.09216	0.04348
1.0	0.7612	0.96767
0.32857	0.29493	0.18322
0.18478	0.1711	0.13911
0.15476	0.10676	0.11736
0.10638	0.07481	0.05228
0.2	0.18157	0.12573
0.13889	0.1595	0.16667
0.0	0.0	0.0
0.15094	0.11138	0.12903
0.2549	0.24543	0.1587
0.16867	0.15196	0.08855
0.12791	0.11141	0.08546
0.11224	0.10237	0.05361
0.19588	0.21482	0.1638
0.20968	0.19198	0.17949
0.1875	0.17675	0.12524
0.25	0.21775	0.13032
0.28696	0.26732	0.22922
0.0	0.0	0.0
0.08824	0.05724	0.0185
0.03846	0.02915	0.02632
0.53333	0.48387	0.4161
0.23377	0.19481	0.14258
0.12963	0.14396	0.12903
0.17857	0.159	0.09524
0.37879	0.33186	0.24424
0.36667	0.28173	0.23388
0.45	0.41935	0.41379
0.36709	0.30951	0.27233
0.21014	0.20174	0.17852
0.37838	0.2877	0.19074
0.17647	0.12997	0.07813
0.44	0.36192	0.29885
0.41667	0.37096	0.26612
0.21591	0.21077	0.19246
0.32609	0.27911	0.19463
0.13816	0.13667	0.08571
0.14504	0.13691	0.09641
0.27717	0.24017	0.18861
0.09756	0.06451	0.07604
0.25	0.11558	0.14286
0.24224	0.20737	0.17136
0.16216	0.14646	0.09946
0.27273	0.27273	0.23333
0.53846	0.4615	0.33394
0.12319	0.09934	0.03401
0.05128	0.05624	0.01887
0.26667	0.2172	0.18817
0.28	0.30256	0.27674
0.03125	0.03125	0.04762
0.17757	0.13719	0.10843
0.08065	0.07284	0.04545
0.13793	0.12959	0.11591
0.0	0.0	0.0
0.16	0.12644	0.07646
0.25532	0.21413	0.14919
0.01754	0.00453	0.0
0.21212	0.19745	0.15
0.2875	0.25564	0.27419
0.24444	0.19927	0.11924
0.0	0.0	0.0
0.12727	0.12551	0.07444
0.22727	0.23166	0.16667
0.07143	0.07143	0.09091
0.33333	0.31003	0.22464
0.14474	0.12776	0.08904
0.78788	0.78788	0.8
0.075	0.0742	0.07029
0.21302	0.19831	0.15015
0.12195	0.09205	0.06823
0.05714	0.05714	0.0
0.5	0.5	0.4
0.05512	0.04648	0.03448
0.4375	0.40725	0.39067
0.10714	0.06279	0.03068
0.19277	0.16361	0.11352
0.23457	0.19354	0.11505
0.28261	0.26015	0.26362
0.17857	0.16336	0.1304
0.11765	0.09676	0.08333
0.03704	0.03704	0.02564
0.18182	0.17009	0.21775
0.19626	0.14049	0.11988
0.13333	0.12593	0.12202
0.18935	0.15537	0.11202
0.21951	0.21951	0.14286
0.0597	0.05248	0.01136
0.15625	0.126	0.09524
0.06897	0.06897	0.05172
0.16667	0.16667	0.08333
0.1087	0.09701	0.08235
0.13889	0.13889	0.16667
0.25	0.25	0.2
0.23529	0.23529	0.18182
0.0641	0.06286	0.0339
0.09524	0.08371	0.0
0.31313	0.30009	0.21091
0.11364	0.13343	0.11111
0.23404	0.2354	0.17065
0.12329	0.10871	0.07426
0.22222	0.19115	0.15052
0.06897	0.05617	0.034
0.09565	0.0892	0.06335
0.48571	0.53271	0.46596
0.16901	0.1572	0.11255
0.37037	0.26878	0.31015
0.06557	0.02961	0.00662
0.13043	0.07888	0.04863
0.42857	0.3825	0.1516
0.06667	0.05053	0.05
0.09	0.09	0.05714
0.16	0.14796	0.09557
0.21127	0.17355	0.11874
0.12903	0.09832	0.08171
0.66667	0.5791	0.53229
0.2043	0.18314	0.1464
0.08642	0.08522	0.03774
0.07143	0.07143	0.04255
0.4898	0.46478	0.37565
1.5	1.145	1.516
0.56757	0.40192	0.38855
1.04412	1.0351	0.8578
0.1	0.1	0.125
0.71429	0.66814	0.4645
0.14062	0.14062	0.14634
0.37037	0.34289	0.22771
0.15385	0.12531	0.11884
0.20915	0.14927	0.11606
0.02778	0.02778	0.05
0.14013	0.12061	0.08602
0.25532	0.22991	0.14706
0.18817	0.17498	0.14719
0.30488	0.30645	0.24869
0.15574	0.12083	0.05665
0.08333	0.08333	0.0
0.71429	0.35943	0.3225
0.08451	0.07951	0.03656
0.07143	0.07143	0.05556
0.1375	0.13145	0.06897
0.0	0.0	0.0
0.1634	0.12207	0.08887
0.11765	0.10151	0.06
0.8	0.671	0.70967
0.26994	0.24381	0.18228
0.18519	0.17593	0.14103
0.11278	0.0895	0.07299
0.0	0.0	0.0
0.13265	0.09743	0.07742
0.02439	0.02439	0.0303
0.22	0.19418	0.15152
0.10345	0.0901	0.07013
0.23636	0.23813	0.18337
0.23239	0.21694	0.20298
0.07692	0.06451	0.05032
0.24324	0.26678	0.23077
0.13793	0.12179	0.12205
0.22115	0.20378	0.09323
0.10417	0.08602	0.10094
0.10968	0.10156	0.083
0.25641	0.17536	0.08871
0.27273	0.16641	0.19458
0.32353	0.27229	0.19221
0.04762	0.04762	0.03448
0.14286	0.15122	0.13462
0.35616	0.32478	0.23252
0.13208	0.11321	0.06071
0.38462	0.38462	0.375
0.11111	0.11111	0.0
0.07143	0.06267	0.04545
0.14286	0.2765	0.25
0.26144	0.22854	0.21819
0.23404	0.20888	0.14214
0.17708	0.16129	0.11199
0.13333	0.1172	0.0
0.54545	0.53082	0.22988
0.13043	0.11454	0.09804
0.38462	0.38088	0.32447
0.25806	0.25806	0.2381
0.23457	0.24114	0.22216
0.15385	0.15385	0.14286
0.55357	0.55645	0.55858
0.08333	0.08333	0.0
0.14074	0.14002	0.12516
0.07317	0.07317	0.06452
0.20833	0.21642	0.24733
0.13793	0.109	0.1029
0.63636	0.53276	0.45676
0.09677	0.08116	0.0
0.1746	0.15924	0.08889
0.83333	0.84767	0.65758
0.42553	0.3967	0.34172
0.12	0.13032	0.11429
0.26531	0.2506	0.20728
0.35714	0.30183	0.21062
0.22222	0.22222	0.2
0.275	0.20926	0.16248
0.2	0.2	0.11538
0.9	0.8161	0.77417
0.28571	0.17971	0.043
0.21277	0.18017	0.13251
0.61538	0.54592	0.5
0.11628	0.10502	0.07407
0.21429	0.21082	0.27778
0.2	0.13225	0.10829
0.08333	0.0814	0.07407
0.05556	0.05556	0.0
0.18939	0.19306	0.15123
0.22936	0.2042	0.11659
0.23684	0.18124	0.15339
0.15686	0.14737	0.11429
0.31707	0.30212	0.2774
0.57143	0.46543	0.5645
0.05376	0.0614	0.03738
0.5	0.47042	0.2645
0.36364	0.31082	0.3495
0.08696	0.07643	0.06667
0.0641	0.03185	0.01923
0.13483	0.09206	0.10169
0.32143	0.24654	0.17383
1.0	0.939	1.1678
0.45455	0.44573	0.33333
0.13793	0.08286	0.03226
0.23256	0.17702	0.15019
0.23853	0.18704	0.1765
0.17808	0.12152	0.07854
0.11765	0.09639	0.06284
0.14118	0.09487	0.07331
0.26087	0.22674	0.176
0.18182	0.19575	0.10452
0.03333	0.03333	0.04762
0.02703	0.02703	0.03846
0.15556	0.16129	0.16431
0.06977	0.07877	0.04594
0.09211	0.09804	0.07692
0.25862	0.27586	0.22266
0.04167	0.0215	0.0
0.29167	0.23881	0.22791
0.12903	0.13526	0.09091
0.13253	0.10028	0.11653
0.31915	0.291	0.21783
0.0	0.0	0.0
0.3125	0.30645	0.26
0.11765	0.11765	0.08333
0.20468	0.16902	0.11683
0.29231	0.24565	0.15438
0.11111	0.08153	0.0
0.12782	0.12321	0.10071
0.06667	0.06667	0.0
0.09357	0.06754	0.04604
0.09804	0.09233	0.06452
0.14583	0.1297	0.13632
0.0	0.0	0.0
0.22826	0.1981	0.18732
0.0	0.0	0.0
0.28571	0.25114	0.21594
0.18072	0.16361	0.14247
0.1	0.15053	0.10526
0.20588	0.1869	0.10167
0.1	0.11493	0.08
0.21818	0.17889	0.13133
0.18232	0.18125	0.10806
0.1087	0.1157	0.09091
0.18812	0.15394	0.14405
0.22561	0.19885	0.15331
0.10526	0.10526	0.18182
0.16129	0.14603	0.13735
0.13793	0.13793	0.15789
0.06509	0.05363	0.0531
0.22222	0.22222	0.16667
0.07692	0.06	0.0492
0.24074	0.22282	0.11541
0.26667	0.2344	0.276
2.0	2.0	2.0
0.8	0.4904	0.66667
0.20833	0.20429	0.15925
0.375	0.32156	0.25073
0.17241	0.17797	0.13514
0.28302	0.2763	0.13947
0.17284	0.17921	0.13725
0.70455	0.75218	0.75232
0.5	0.46999	0.39722
0.35294	0.29318	0.23059
