0.2	0.11212	0.09681
0.11475	0.08831	0.07692
0.31579	0.15453	0.20507
0.12346	0.07926	0.08469
0.0	0.0	0.0
0.31579	0.14774	0.17743
0.25	0.1694	0.2
0.35714	0.35021	0.212
0.15385	0.14142	0.17647
0.21739	0.15823	0.13968
0.22807	0.09679	0.08511
0.1	0.1	0.0
0.15385	0.09578	0.04762
0.17857	0.091	0.0842
0.2037	0.14188	0.11918
0.09836	0.03966	0.01985
0.0625	0.0625	0.06452
0.17526	0.11839	0.06954
0.25	0.13981	0.1226
0.6875	0.32462	0.36955
0.71795	0.402	0.3652
0.29193	0.24365	0.23595
0.27778	0.18891	0.13268
0.23684	0.21221	0.12035
0.41379	0.36266	0.3
0.22549	0.20003	0.17969
0.29	0.21615	0.17327
0.58974	0.31513	0.42452
0.30147	0.26639	0.21775
0.08	0.05032	0.03261
0.73333	0.73333	0.7
0.11594	0.0755	0.04488
0.2619	0.21507	0.10912
0.13208	0.11198	0.0905
0.25	0.20482	0.18355
0.31818	0.24559	0.23584
0.59259	0.638	0.7
0.13376	0.0639	0.07494
1.0	0.629	0.6774
0.05882	0.05882	0.04545
0.39655	0.35262	0.35314
0.1875	0.14248	0.0441
0.025	0.01693	0.02821
0.70588	0.61865	0.61025
0.16667	0.10217	0.09418
0.16364	0.122	0.16667
0.21053	0.17147	0.125
0.40278	0.31454	0.3212
0.10101	0.05768	0.0352
0.19048	0.19048	0.16667
0.0	0.0	0.0
0.58333	0.5038	0.47116
0.17647	0.05885	0.05779
0.18033	0.13433	0.08656
0.3	0.2398	0.14595
0.54054	0.52049	0.47146
0.27778	0.12128	0.11803
0.25225	0.20053	0.15504
0.13115	0.0788	0.05086
0.0	0.0	0.0
1.0	1.0	1.0
0.18033	0.11425	0.11803
0.13208	0.09128	0.09346
0.54839	0.44173	0.48964
0.20325	0.15473	0.12669
0.07273	0.04398	0.02778
0.22973	0.17175	0.13125
0.16279	0.08405	0.03944
1.0	0.656	0.5614
0.2037	0.12426	0.07233
0.11207	0.08399	0.07048
0.05	0.00887	0.00478
0.28205	0.17536	0.08688
0.14286	0.10343	0.09176
0.17582	0.15385	0.06239
0.15493	0.11448	0.05283
0.26087	0.14029	0.10265
0.76642	0.67603	0.6948
0.24138	0.13352	0.12905
0.27059	0.19621	0.15256
0.35985	0.25527	0.24225
0.28333	0.16238	0.20576
0.10577	0.06639	0.04603
0.44444	0.28678	0.0215
0.10127	0.0927	0.06042
0.11321	0.09921	0.10526
0.58824	0.51326	0.45032
0.2093	0.1373	0.16028
0.13043	0.06102	0.0489
0.42857	0.28571	0.1129
0.425	0.425	0.41379
0.22892	0.18033	0.15602
0.42857	0.42857	0.33333
0.2963	0.23178	0.21967
0.1	0.10325	0.125
0.33333	0.20256	0.04109
0.125	0.10384	0.11524
0.33333	0.29473	0.19662
0.10526	0.06621	0.07692
0.28571	0.28571	0.25
0.24528	0.20389	0.1887
0.25	0.18447	0.15853
0.34921	0.18486	0.18124
0.21739	0.21739	0.125
0.15686	0.07971	0.02773
0.17544	0.16865	0.16129
0.20833	0.14544	0.10497
0.45161	0.45161	0.5
0.46341	0.34227	0.27825
0.17361	0.13194	0.12591
0.21053	0.12563	0.18362
0.09091	0.09091	0.05556
0.22222	0.14957	0.13449
0.16993	0.14842	0.11104
0.0	0.0	0.0
0.26316	0.22411	0.25062
0.1087	0.0796	0.01957
0.02679	0.01354	0.0125
0.10606	0.08261	0.04051
0.41538	0.28216	0.2297
0.32353	0.23388	0.19827
0.44444	0.30467	0.15067
0.2963	0.2963	0.30303
0.13821	0.0855	0.07362
0.43478	0.34922	0.21409
0.0	0.0	0.0
0.33333	0.17557	0.13203
0.26316	0.22411	0.23077
0.25424	0.11758	0.14008
0.41611	0.24098	0.21095
0.16949	0.10551	0.09377
0.21429	0.11293	0.06456
0.37931	0.24094	0.19692
0.59259	0.57707	0.55148
0.5	0.34921	0.31135
0.42857	0.40719	0.38298
0.19231	0.19231	0.23529
0.0	0.0	0.0
0.175	0.1113	0.1
0.29474	0.21734	0.20415
0.49505	0.47685	0.45323
0.33981	0.26056	0.21588
0.28718	0.17073	0.14295
0.85714	0.34114	0.2985
0.0303	0.0303	0.02174
0.45455	0.27573	0.295
0.21053	0.12053	0.21657
0.07843	0.02024	0.0
0.53846	0.35238	0.22588
0.38462	0.34328	0.25916
1.0	1.0	1.0
0.54348	0.28476	0.20824
0.03571	0.00693	0.00924
0.18692	0.10612	0.06212
0.38182	0.25165	0.29403
0.29323	0.20495	0.11874
0.46667	0.25807	0.3548
0.58696	0.39628	0.38714
0.21552	0.19578	0.13798
0.125	0.0922	0.04334
0.22222	0.19856	0.13632
0.15152	0.13392	0.1374
0.33333	0.24097	0.1864
0.11628	0.05741	0.03737
0.2381	0.2381	0.26667
0.16279	0.10502	0.10181
0.52778	0.52958	0.47467
0.13889	0.1165	0.125
0.26389	0.20386	0.19027
0.1828	0.09054	0.06674
0.14754	0.10656	0.09715
0.5	0.5	0.4
0.33898	0.25044	0.24733
0.05263	0.05263	0.07692
0.0	0.0	0.0
0.27273	0.22622	0.19417
0.31169	0.27649	0.22855
0.28205	0.14559	0.13136
0.21053	0.14544	0.12195
0.02381	0.02381	0.0
0.0	0.0	0.0
0.3	0.14454	0.16861
0.31111	0.24802	0.11758
0.15517	0.09207	0.08553
0.03846	0.03846	0.0
0.2	0.2	0.21429
0.24561	0.13582	0.1251
0.29213	0.15626	0.13398
0.26623	0.1029	0.09024
0.21605	0.17483	0.12435
0.15068	0.15026	0.08511
0.58824	0.33971	0.3129
0.0	0.0	0.0
0.27586	0.14852	0.16468
0.22378	0.13694	0.12422
0.69231	0.69231	0.77778
0.22222	0.16844	0.20743
0.17391	0.12343	0.09881
0.48276	0.37376	0.29327
0.32593	0.2576	0.21495
0.0	0.0	0.0
0.30769	0.30769	0.25
0.12766	0.0803	0.03763
0.14286	0.10752	0.07143
0.40741	0.26048	0.14919
0.26901	0.1962	0.17133
0.20588	0.09173	0.08776
0.30645	0.21437	0.15705
0.29762	0.22081	0.12904
0.28261	0.17043	0.131
0.1659	0.14093	0.08209
0.2	0.2	0.2
0.16154	0.14219	0.10989
0.23913	0.17813	0.10588
0.11905	0.10138	0.06667
0.07071	0.06321	0.04545
0.24	0.151	0.1475
0.0	0.0	0.0
0.45455	0.32264	0.05071
0.18966	0.17464	0.13497
0.25926	0.25926	0.27778
0.27273	0.27273	0.23333
0.5	0.38709	0.26167
0.2381	0.22324	0.19268
0.16667	0.15233	0.0
0.13636	0.13636	0.09091
0.2236	0.18935	0.18802
0.104	0.09496	0.05814
0.37931	0.29366	0.3
0.02941	0.02941	0.03704
0.32394	0.25492	0.15343
0.04167	0.01075	0.0
0.0	0.0	0.0
0.03448	0.01559	0.0
0.15842	0.13671	0.12676
0.13889	0.11671	0.10754
0.17647	0.0932	0.07702
0.07042	0.05997	0.04
0.05263	0.05263	0.09091
0.12903	0.10406	0.1
0.29139	0.21707	0.15272
0.33654	0.26892	0.204
0.33333	0.21168	0.16372
0.32143	0.32143	0.22222
0.16456	0.09596	0.07564
0.21429	0.23675	0.28947
0.07317	0.03227	0.04167
0.05455	0.0264	0.0
0.0	0.0	0.0
0.5	0.41131	0.43476
0.26829	0.18059	0.1181
0.38596	0.28523	0.21106
0.26316	0.14432	0.159
0.0	0.0	0.0
0.35417	0.17877	0.11552
0.15789	0.10732	0.12111
0.18182	0.10264	0.09539
0.28333	0.18122	0.11463
0.25974	0.24047	0.19698
0.21569	0.1499	0.18218
0.05357	0.02248	0.02536
0.26087	0.19491	0.22581
0.33333	0.19033	0.14518
0.29697	0.25338	0.24525
0.10588	0.08539	0.03584
0.16883	0.12945	0.07192
0.44444	0.39904	0.36477
0.13978	0.10754	0.06745
0.19767	0.16392	0.12258
0.5	0.29957	0.1936
0.16352	0.15825	0.11627
0.0	0.0	0.0
0.10526	0.02716	0.0
0.14894	0.11804	0.13391
0.24	0.1484	0.08918
0.52	0.51484	0.43383
0.3	0.23468	0.26526
0.125	0.09275	0.04033
0.13861	0.12775	0.09149
0.0	0.0	0.0
0.33333	0.21594	0.07938
1.0	0.63456	0.597
0.34211	0.19613	0.14819
0.32558	0.25881	0.25681
0.14943	0.12422	0.12905
0.21569	0.18976	0.20236
0.21154	0.11044	0.08405
0.0	0.0	0.0
0.13333	0.10754	0.0726
0.06452	0.04058	0.04348
0.16667	0.12018	0.08688
0.22727	0.14518	0.06633
0.44444	0.35335	0.29454
0.25	0.14112	0.18817
0.6875	0.44356	0.33075
0.96552	0.93548	0.95455
0.21875	0.18902	0.18475
0.5	0.5	1.0
0.38095	0.24581	0.19862
0.12121	0.044	0.05132
1.0	0.5872	0.35486
0.23	0.15387	0.1267
0.10345	0.07786	0.0
0.33333	0.28328	0.20433
0.18182	0.15834	0.05761
0.03704	0.03704	0.0
0.0	0.0	0.0
0.04167	0.00806	0.00379
0.47826	0.32126	0.29253
1.0	1.0	1.0
0.24561	0.16412	0.07886
1.0	1.0	1.0
0.17213	0.13907	0.12791
0.16822	0.14079	0.13889
0.10465	0.07558	0.05983
0.22024	0.11753	0.08761
0.0	0.0	0.0
0.43902	0.30134	0.15017
0.39394	0.23661	0.12226
0.54167	0.27425	0.12189
0.83333	0.83333	1.0
0.0	0.0	0.0
0.15894	0.13928	0.09051
0.07534	0.05479	0.04017
0.0	0.0	0.0
0.15625	0.11242	0.10913
0.21469	0.17533	0.15015
0.05556	0.05556	0.02778
0.36364	0.26091	0.17738
0.25	0.15555	0.15382
0.14286	0.0795	0.05774
0.2	0.14681	0.136
0.18519	0.16844	0.22155
0.46667	0.33767	0.15255
0.20833	0.12468	0.10753
0.19697	0.07333	0.06937
0.0	0.0	0.0
0.54412	0.52229	0.51534
0.2	0.1471	0.10145
0.3375	0.27744	0.25178
0.0916	0.06033	0.02438
0.35	0.2806	0.23271
2.5	2.0325	4.0
0.55172	0.41493	0.39967
0.25714	0.18523	0.11005
0.13793	0.06119	0.01613
0.33333	0.17649	0.19771
0.31429	0.20926	0.17812
0.33333	0.41667	0.48276
0.3913	0.23983	0.16467
0.19697	0.14321	0.09749
0.47619	0.24733	0.24156
0.10959	0.09258	0.08734
0.62162	0.51178	0.48209
0.10753	0.08153	0.0717
0.52381	0.47312	0.43673
0.30769	0.27173	0.16132
0.08696	0.08417	0.04842
0.10204	0.07045	0.04268
0.18182	0.11675	0.0535
0.35714	0.20308	0.16446
0.2043	0.1287	0.12158
0.05556	0.01433	0.01843
0.16071	0.10425	0.07317
0.45455	0.40473	0.33333
0.20588	0.05788	0.04087
0.26923	0.18738	0.20379
0.05128	0.00992	0.00461
0.22472	0.14173	0.11183
0.22619	0.1682	0.1135
0.22059	0.16888	0.13458
0.28723	0.12836	0.13962
0.84615	0.84615	0.88235
0.09375	0.07056	0.0599
0.4	0.34638	0.31528
0.13386	0.08102	0.0554
0.21053	0.16596	0.11061
0.85714	0.59443	0.379
0.27273	0.16568	0.08064
0.11111	0.07886	0.07356
0.04878	0.05037	0.0303
0.24	0.16772	0.09269
0.18182	0.16643	0.12121
0.07407	0.07407	0.0
0.13043	0.06102	0.04988
0.26316	0.18166	0.12367
0.26667	0.15053	0.11436
0.16667	0.12367	0.08927
0.22222	0.16306	0.08064
0.25	0.14864	0.10798
0.125	0.09408	0.05882
0.2	0.2	0.0
0.28571	0.20161	0.02276
0.26147	0.20184	0.18253
0.42857	0.28527	0.27317
0.14173	0.07773	0.06489
0.0625	0.0625	0.09091
0.5	0.32083	0.18817
0.05714	0.0304	0.04909
0.21591	0.16128	0.13505
0.25806	0.20187	0.16468
0.14545	0.09735	0.09539
0.0	0.0	0.0
0.29268	0.23107	0.19964
0.14423	0.07103	0.07026
0.2069	0.12903	0.16281
0.26027	0.20504	0.16935
0.21429	0.13863	0.12246
0.12931	0.11541	0.08589
0.17544	0.11884	0.09091
0.2619	0.14673	0.08258
0.07692	0.04342	0.06641
0.16327	0.13953	0.13006
0.0	0.0	0.0
0.0	0.0	0.0
0.51724	0.27034	0.24035
0.01408	0.01408	0.0
0.07895	0.06918	0.04082
0.27907	0.18679	0.11589
1.33333	0.85571	0.73971
0.32609	0.24359	0.21292
0.18868	0.10043	0.0728
0.18182	0.14516	0.07604
0.11628	0.07726	0.04203
0.14286	0.1229	0.11293
0.13534	0.10065	0.1007
0.20833	0.20094	0.17188
0.625	0.4235	0.1775
0.07895	0.0643	0.02857
0.33333	0.2625	0.22833
0.25	0.22884	0.15485
0.29091	0.27742	0.26667
0.26316	0.19863	0.1
0.13158	0.09125	0.10516
0.19355	0.16303	0.08535
0.25225	0.14823	0.1146
0.22378	0.14145	0.1383
0.1746	0.16283	0.13333
0.37931	0.37041	0.24372
0.2	0.2	0.28571
0.31061	0.23803	0.24321
0.04286	0.03273	0.01887
0.33333	0.27673	0.2484
0.5	0.5	0.5
0.22727	0.14514	0.125
0.41667	0.30925	0.1581
0.1129	0.03642	0.03151
0.18182	0.14809	0.06667
0.15385	0.11085	0.12654
0.13453	0.0991	0.06474
0.15909	0.12525	0.0947
0.5	0.258	0.516
0.0	0.0	0.0
0.24648	0.20492	0.18051
0.14286	0.05346	0.0
0.5	0.2582	0.3495
0.25556	0.19679	0.13712
0.30769	0.17869	0.0323
0.31579	0.24789	0.16773
0.36792	0.34206	0.36744
0.07407	0.02809	0.0
0.04348	0.01122	0.01518
0.3617	0.24746	0.17995
0.12121	0.09726	0.03226
0.19259	0.12831	0.04254
0.27586	0.27586	0.19048
0.14286	0.14286	0.14035
0.13333	0.06506	0.07292
0.62121	0.43989	0.32611
0.18033	0.13434	0.09514
0.25926	0.1613	0.14748
0.1768	0.14045	0.13068
0.24	0.18774	0.12524
0.27778	0.12547	0.14921
0.57143	0.41943	0.2646
0.47368	0.34811	0.36833
0.2	0.14115	0.05936
0.43243	0.21451	0.28014
0.0566	0.0286	0.02857
0.07143	0.07143	0.04762
0.2439	0.15976	0.08438
0.15476	0.1325	0.1064
0.17391	0.10661	0.13712
0.09375	0.07056	0.01173
0.20588	0.19644	0.13416
0.53333	0.31827	0.16127
0.18947	0.18268	0.21281
0.2	0.13643	0.05
0.25	0.15323	0.13294
0.10909	0.08211	0.05
0.06806	0.05404	0.06451
0.13043	0.05961	0.04009
0.17045	0.12977	0.1082
0.10294	0.07259	0.05351
0.15865	0.11926	0.08358
0.06504	0.05901	0.05208
0.22222	0.14219	0.09247
0.23529	0.16953	0.10769
0.36508	0.18944	0.14322
0.35514	0.28521	0.19693
0.17822	0.092	0.06637
0.13095	0.10024	0.05416
0.2517	0.17556	0.16222
0.14019	0.08442	0.06313
0.11111	0.11111	0.0
0.14729	0.10178	0.10287
0.22222	0.22222	0.14286
0.18605	0.18079	0.138
0.12121	0.08651	0.06263
0.17241	0.11459	0.05917
0.13684	0.09202	0.11264
0.21429	0.10295	0.07284
0.11321	0.08157	0.08694
0.33333	0.21403	0.16839
0.12245	0.08888	0.09375
0.75	0.43817	0.3
0.25455	0.22991	0.19264
0.44681	0.31779	0.27203
0.27778	0.27778	0.20163
0.07353	0.05882	0.05251
0.15909	0.11693	0.11044
0.22148	0.16801	0.12254
0.0	0.0	0.0
0.22917	0.14183	0.12512
0.07143	0.03081	0.02419
0.23684	0.19439	0.23573
0.31915	0.27179	0.20187
0.77778	0.62722	0.8
0.33333	0.29322	0.2165
0.51852	0.59259	0.6
0.11111	0.06989	0.0
0.42857	0.37329	0.3
0.08571	0.08757	0.08333
0.27143	0.17837	0.14092
0.28125	0.18685	0.14519
0.75	0.75	0.5
0.56436	0.51166	0.44119
0.4	0.4	0.33333
0.17857	0.14839	0.11017
0.14286	0.11709	0.09707
0.36842	0.18847	0.20433
0.125	0.10181	0.04545
0.18072	0.12165	0.08221
0.275	0.23348	0.12322
0.09756	0.05902	0.03226
0.48387	0.23106	0.2811
0.25641	0.1729	0.13277
0.34507	0.25968	0.19497
0.15306	0.1356	0.10269
0.33333	0.33333	0.0
0.44737	0.41934	0.43796
0.22581	0.12177	0.15519
0.03846	0.03846	0.05263
0.25263	0.18948	0.15284
0.06742	0.06742	0.05
0.15789	0.11884	0.0625
0.22785	0.11067	0.12783
0.21818	0.17418	0.0952
0.21739	0.11639	0.17369
0.14286	0.10485	0.05186
0.0	0.0	0.0
0.1871	0.12362	0.07884
0.22449	0.1455	0.11845
0.19355	0.19355	0.2
0.37209	0.17858	0.1207
0.24138	0.18131	0.13849
0.36585	0.3179	0.33296
0.33333	0.25807	0.18134
0.82353	0.82353	0.78261
0.14286	0.10448	0.08529
0.21818	0.13372	0.10052
0.22222	0.147	0.05383
0.09091	0.04985	0.05718
0.81481	0.51267	0.488
0.18487	0.1556	0.13667
0.48	0.38068	0.30661
0.12941	0.06491	0.05171
0.25962	0.16999	0.12419
0.33929	0.33929	0.31429
0.43182	0.29766	0.24627
0.27545	0.21557	0.18058
0.22222	0.16344	0.09873
0.17188	0.13659	0.13508
0.01923	0.02048	0.02857
1.6	1.15173	1.51424
0.34507	0.27648	0.23222
0.14286	0.0432	0.01164
0.41975	0.36838	0.31604
0.13235	0.09868	0.09986
0.42105	0.26602	0.20187
0.22727	0.14811	0.09008
0.10309	0.07249	0.03077
0.16327	0.10007	0.05544
0.18072	0.12047	0.09864
0.0	0.0	0.0
1.0	0.5742	0.785
0.15789	0.11542	0.125
0.41667	0.18283	0.13312
0.25	0.25	0.25
0.12069	0.09343	0.10811
0.71429	0.44714	0.75
0.2381	0.18738	0.15385
0.0	0.0	0.0
0.10345	0.09788	0.08889
0.18824	0.13058	0.10227
0.20652	0.14307	0.13356
0.31915	0.25487	0.15158
0.0	0.0	0.0
0.29412	0.24288	0.10371
0.17557	0.16474	0.1268
0.11111	0.06913	0.09602
0.52	0.35352	0.2305
0.17886	0.14215	0.12678
0.21978	0.18647	0.14861
0.08333	0.07929	0.14286
0.47826	0.30296	0.24671
0.50909	0.27335	0.23839
0.15385	0.11384	0.11956
0.31034	0.28033	0.2973
0.19298	0.07304	0.08284
0.46667	0.3936	0.36378
0.19048	0.0569	0.06656
0.3	0.22797	0.15824
0.275	0.20766	0.18081
0.23223	0.17459	0.12093
0.27273	0.16883	0.09867
0.18605	0.06905	0.0625
2.38462	2.19615	2.12087
0.17593	0.1114	0.08731
0.33333	0.2699	0.21563
0.42308	0.32631	0.31921
0.33333	0.233	0.271
0.13889	0.09289	0.05463
0.9	0.513	0.57533
0.35	0.18445	0.16216
0.2549	0.14298	0.08546
0.26667	0.2011	0.13976
1.0	0.75989	0.63983
0.27273	0.23752	0.22693
0.56897	0.54283	0.43891
0.21951	0.15973	0.13144
0.21053	0.15846	0.14606
0.16327	0.10928	0.06653
0.13514	0.06014	0.03642
0.32877	0.25588	0.19288
0.11111	0.11111	0.0
0.2451	0.19039	0.14065
0.02564	0.02564	0.0
0.20408	0.14286	0.10264
0.21875	0.14669	0.10283
0.15385	0.15385	0.0
0.28986	0.25806	0.27057
0.06667	0.04455	0.03364
0.36842	0.31242	0.078
0.23913	0.16584	0.10538
0.45455	0.40589	0.38402
0.375	0.28227	0.20121
0.75	0.367	0.46636
0.15385	0.15385	0.14286
0.13208	0.07791	0.07189
0.77778	0.6255	0.55727
0.28814	0.24659	0.19523
0.35	0.2758	0.25579
0.5	0.3225	0.5645
0.0	0.0	0.0
0.28571	0.25038	0.14286
0.52	0.49032	0.5
0.12037	0.05945	0.05815
0.57143	0.39636	0.1
0.37681	0.25761	0.19219
0.30579	0.22767	0.18703
0.41667	0.12092	0.14912
0.2	0.12351	0.1
0.1958	0.10039	0.10689
0.27778	0.22939	0.26075
0.09524	0.06298	0.05088
0.18627	0.09617	0.08397
0.78378	0.6243	0.69435
0.376	0.36568	0.36047
0.26471	0.23815	0.25979
0.27586	0.18352	0.09091
0.33333	0.12642	0.0
0.06711	0.05217	0.03846
0.125	0.08147	0.02173
0.19876	0.13465	0.12198
0.20968	0.18574	0.15385
0.27273	0.19552	0.18768
0.21053	0.19695	0.0625
0.6	0.6	0.83333
0.38983	0.27447	0.28013
0.20714	0.12329	0.07913
0.14085	0.14085	0.09804
0.10345	0.07786	0.0629
0.1	0.0258	0.0
0.09677	0.04058	0.01761
0.18919	0.09905	0.07112
0.06897	0.04978	0.0241
0.14634	0.12507	0.10345
0.225	0.19395	0.08145
0.33333	0.24784	0.18458
0.21875	0.14467	0.15973
0.08197	0.05341	0.03068
0.125	0.0968	0.09033
0.325	0.24677	0.11652
0.18182	0.1085	0.09247
0.01923	0.02048	0.02857
0.67347	0.609	0.60484
0.22	0.21484	0.276
0.1131	0.06432	0.05329
0.25564	0.17584	0.15769
1.0	0.542	0.58067
0.17647	0.09045	0.07169
0.8125	0.43156	0.55718
0.24138	0.16462	0.17383
0.09302	0.06151	0.07459
0.31373	0.22362	0.13243
0.26708	0.2224	0.14354
0.20513	0.20513	0.20833
0.76923	0.32523	0.2872
0.24852	0.15157	0.10119
0.15894	0.11793	0.12706
0.07937	0.04302	0.04444
0.4375	0.3105	0.2059
0.12598	0.0955	0.09341
0.08696	0.0477	0.06641
0.0	0.0	0.0
0.3913	0.26087	0.21775
0.21212	0.08021	0.0162
0.25	0.21052	0.2108
0.66667	0.441	0.1615
0.13333	0.09027	0.0
0.09375	0.08772	0.0603
0.13889	0.12544	0.05556
0.14286	0.08521	0.09091
0.29167	0.25673	0.13113
0.13333	0.10067	0.08483
0.16058	0.12762	0.10103
0.14286	0.03686	0.0258
0.23077	0.18549	0.20682
0.23077	0.13892	0.26612
0.2	0.2	0.16667
0.0625	0.0625	0.0
0.15385	0.15385	0.1
0.31579	0.31579	0.30769
0.40816	0.37131	0.34778
0.0974	0.08379	0.0595
0.0	0.0	0.0
0.15385	0.13565	0.07843
0.09804	0.05631	0.04374
0.14286	0.03686	0.0
0.0	0.0	0.0
0.23188	0.21319	0.2426
0.0625	0.0625	0.0
0.2125	0.14073	0.08387
0.0	0.0	0.0
0.31944	0.22764	0.26796
0.30415	0.26045	0.17887
0.07692	0.01985	0.0
0.09091	0.08973	0.05556
0.21429	0.21429	0.11111
0.46154	0.36231	0.3033
0.26471	0.14521	0.03225
0.16	0.11774	0.09517
0.20183	0.12696	0.0714
0.41935	0.21545	0.21295
0.21875	0.06908	0.08333
0.25	0.21201	0.16879
0.28571	0.25962	0.121
0.25862	0.25862	0.19512
0.12069	0.11402	0.06373
0.11712	0.10666	0.08573
0.11818	0.09677	0.07716
0.09434	0.08034	0.09091
0.14286	0.12004	0.07419
0.37143	0.31294	0.28348
0.14286	0.14286	0.0
0.29412	0.22388	0.08064
0.31293	0.22735	0.16417
0.26829	0.26829	0.21429
0.07317	0.05037	0.08333
0.21019	0.19889	0.16604
0.44828	0.34148	0.33111
0.29412	0.29035	0.16667
0.14286	0.14286	0.0
0.25806	0.19113	0.16675
0.42105	0.33868	0.3285
0.36842	0.236	0.14517
0.18	0.11486	0.08353
0.13372	0.07594	0.06283
0.0	0.0	0.0
0.16788	0.1102	0.10458
0.5	0.5	0.2
0.13793	0.07397	0.01613
1.0	0.84262	0.5226
0.48193	0.44696	0.42929
0.10738	0.06495	0.05242
0.22642	0.10226	0.05295
0.1	0.06452	0.0142
0.06	0.0226	0.00224
0.09091	0.08894	0.04762
0.24038	0.15276	0.14593
0.22	0.16646	0.11014
0.19277	0.11505	0.09149
0.09434	0.09557	0.07895
0.18421	0.10866	0.05742
0.0	0.0	0.0
0.21698	0.13939	0.07778
0.21505	0.15645	0.12569
0.07643	0.07171	0.05505
0.28723	0.25051	0.25102
0.2	0.1974	0.25
0.25843	0.14898	0.17205
0.03125	0.03125	0.04762
0.07692	0.05208	0.11111
0.25	0.14666	0.10929
0.28	0.14324	0.0945
0.33898	0.2001	0.18438
0.08333	0.08062	0.05882
0.30233	0.23712	0.21867
0.29412	0.20494	0.17891
0.32432	0.272	0.23204
0.15625	0.125	0.1629
0.0625	0.01612	0.0
0.10606	0.05768	0.06738
0.13333	0.13767	0.08333
0.26316	0.1743	0.10506
0.69565	0.37443	0.18218
0.43902	0.20659	0.15243
0.41228	0.25387	0.22744
0.11364	0.11364	0.08824
0.32468	0.21161	0.20004
0.14634	0.12785	0.09615
0.28571	0.22807	0.2
0.09434	0.0493	0.037
0.2381	0.1664	0.14166
1.04762	0.56076	0.43564
0.21429	0.21429	0.19048
0.0	0.0	0.0
0.11364	0.06159	0.06667
0.16162	0.05801	0.07041
0.14151	0.06361	0.04907
0.23333	0.15917	0.09
0.09091	0.05817	0.02381
0.31579	0.21563	0.12335
0.5	0.3665	0.36204
0.22642	0.1257	0.0557
0.01786	0.00461	0.0
0.72414	0.76755	0.827
0.08955	0.0804	0.04348
0.04545	0.01173	0.01985
0.26471	0.18124	0.12562
0.13158	0.13158	0.10204
0.07273	0.05455	0.02778
0.15556	0.10396	0.08669
0.27778	0.16039	0.09032
0.33476	0.27828	0.27177
0.31148	0.29931	0.24424
0.01852	0.01852	0.02778
0.16667	0.16667	0.25
0.20455	0.14661	0.11903
0.46667	0.2624	0.29036
0.77372	0.6805	0.68508
0.09424	0.07515	0.07974
0.15029	0.11524	0.09677
0.64286	0.48386	0.56214
0.46667	0.4473	0.38709
0.16981	0.15398	0.10815
0.1087	0.03298	0.0441
0.08333	0.05083	0.04823
0.30435	0.19635	0.17647
0.20833	0.13979	0.08675
0.1	0.05577	0.04348
0.4186	0.26935	0.21835
0.27586	0.14459	0.11935
0.13924	0.09107	0.08158
0.25926	0.163	0.13464
0.58333	0.31325	0.20876
0.45455	0.45455	0.5
0.18182	0.07773	0.06667
0.26316	0.19016	0.03223
0.11881	0.05749	0.06893
0.17751	0.1069	0.11391
0.2807	0.19018	0.10039
0.05263	0.05263	0.06667
0.18966	0.17686	0.14949
0.0625	0.05477	0.03763
0.43478	0.43478	0.5
0.07407	0.0442	0.0303
0.56522	0.41522	0.49016
0.08571	0.03963	0.00516
0.0	0.0	0.0
0.0	0.0	0.0
0.38889	0.30111	0.33333
0.21053	0.15669	0.1311
0.875	0.52025	0.16133
0.24138	0.20466	0.09677
0.83942	0.79941	0.78253
0.21212	0.10855	0.0065
0.04	0.04	0.05882
0.2	0.14407	0.18182
0.4	0.3226	0.23271
0.10132	0.08129	0.07353
0.225	0.10245	0.08363
0.40909	0.28155	0.23388
0.41935	0.25916	0.1473
0.0	0.0	0.0
0.3	0.1291	0.0
0.09677	0.06661	0.04841
0.09677	0.07284	0.0
0.07143	0.07143	0.0
0.4	0.2064	0.086
0.2973	0.17091	0.15055
0.05479	0.04463	0.01754
0.24242	0.16621	0.06284
0.14085	0.11472	0.08
0.42105	0.29547	0.285
0.41935	0.31532	0.34257
0.16071	0.08007	0.02778
0.08219	0.02564	0.01902
0.22222	0.08126	0.04584
0.93939	0.93939	0.95
0.33333	0.27337	0.19761
0.19231	0.19231	0.26316
0.09091	0.02345	0.0
0.52174	0.27078	0.22814
0.51786	0.41823	0.32005
0.21667	0.1457	0.14253
0.12632	0.0876	0.07933
0.65517	0.50393	0.39789
0.35714	0.28286	0.22753
0.53125	0.43547	0.26886
0.15625	0.06753	0.03518
0.23077	0.11538	0.16667
0.35714	0.2894	0.26114
0.08929	0.06796	0.07277
1.0	0.62292	0.328
0.275	0.2097	0.17957
0.125	0.01612	0.0215
0.28972	0.16194	0.15361
0.5	0.38123	0.46956
0.23529	0.08918	0.07692
0.4375	0.29689	0.33469
0.0137	0.00353	0.0
0.43333	0.2914	0.18505
0.33333	0.20433	0.14521
0.30244	0.21638	0.1883
0.13483	0.05438	0.06453
0.375	0.27958	0.18732
0.21739	0.07222	0.03704
0.8	0.342	0.66667
0.25	0.20433	0.4
0.31395	0.23969	0.20294
0.52083	0.42406	0.39103
0.14789	0.12336	0.077
0.11702	0.07035	0.0363
0.31579	0.27337	0.33333
0.10345	0.10345	0.1
0.13924	0.13924	0.08163
0.31579	0.18111	0.06963
0.22581	0.18835	0.13183
0.05714	0.05714	0.03774
0.23333	0.14252	0.1342
0.88889	0.82258	0.55338
0.16049	0.12784	0.07022
0.29577	0.21989	0.12576
0.23558	0.17696	0.18395
0.30088	0.22468	0.20395
0.12195	0.07476	0.09288
0.90244	0.41255	0.2426
0.30435	0.21533	0.14516
0.4	0.2661	0.19367
0.16883	0.11837	0.09357
0.30769	0.30769	0.125
0.22449	0.14878	0.03846
0.0	0.0	0.0
0.4878	0.23607	0.23835
0.15385	0.15385	0.16667
0.0	0.0	0.0
0.07143	0.05357	0.07143
0.33962	0.2033	0.21956
0.83333	0.57533	0.3484
0.07143	0.07143	0.04878
0.19847	0.1566	0.17056
0.37931	0.26588	0.218
0.06	0.06	0.03448
0.40625	0.28328	0.22578
0.15625	0.1114	0.11487
0.22951	0.156	0.10836
0.13889	0.11828	0.07692
0.29358	0.13853	0.19178
0.27586	0.20623	0.15927
0.05556	0.05556	0.0
0.13793	0.12793	0.12905
0.31633	0.19914	0.13964
0.04545	0.04545	0.06667
0.375	0.30947	0.24516
0.0	0.0	0.0
0.08257	0.05594	0.03438
0.28049	0.1621	0.12671
0.14394	0.13319	0.11183
0.2439	0.17071	0.09375
0.25532	0.17228	0.10181
0.09524	0.02817	0.00422
0.54348	0.49298	0.46386
0.07317	0.07317	0.0339
0.24444	0.19498	0.17527
0.28814	0.23838	0.20685
0.12707	0.09464	0.07491
0.13253	0.08589	0.08346
0.20988	0.12823	0.0763
0.28125	0.22581	0.18623
0.27419	0.20606	0.19356
0.09259	0.08422	0.02564
0.14286	0.1206	0.04096
0.2	0.13873	0.03475
0.5	0.4129	0.30414
0.13265	0.08722	0.04133
0.06818	0.04839	0.03321
0.2028	0.17257	0.16684
0.0531	0.0334	0.02661
0.20833	0.12071	0.09281
0.36957	0.22724	0.21385
0.125	0.125	0.16667
0.13605	0.07571	0.05386
0.34848	0.23562	0.19854
0.33333	0.23873	0.27273
0.16393	0.1211	0.06914
0.44	0.4129	0.41174
0.02778	0.02778	0.0
0.37037	0.22822	0.14988
0.29167	0.28229	0.28088
0.0	0.0	0.0
0.14634	0.10778	0.09254
0.63636	0.49273	0.30238
0.21053	0.21053	0.11111
0.34783	0.35904	0.375
0.14583	0.09006	0.07685
0.13559	0.09677	0.0657
0.11628	0.08027	0.04483
0.11932	0.07716	0.08078
0.36585	0.31393	0.2959
0.1	0.1	0.0
0.13793	0.13124	0.09091
0.0	0.0	0.0
0.10656	0.04337	0.02581
0.18	0.18	0.11765
0.27941	0.14425	0.11113
0.26667	0.12861	0.11714
0.26271	0.1919	0.15661
0.03125	0.00403	0.00614
0.8	0.342	0.66667
0.2931	0.23809	0.12905
0.32759	0.20859	0.21615
0.33333	0.19356	0.183
0.11111	0.06272	0.09524
0.17391	0.14026	0.04538
0.12613	0.0956	0.07733
0.6	0.6	0.66667
0.20513	0.1621	0.17204
0.2	0.16806	0.14695
0.22727	0.23023	0.1875
0.07407	0.06033	0.06061
0.28302	0.18806	0.11595
0.0	0.0	0.0
0.41935	0.32987	0.27778
0.04444	0.04444	0.04
0.15686	0.09108	0.09774
0.2	0.2	0.15
0.29412	0.23912	0.09682
0.08333	0.02692	0.0323
0.14286	0.11106	0.06344
0.5	0.28947	0.2736
0.17143	0.13779	0.13796
0.17073	0.10859	0.09181
0.17391	0.14165	0.0
0.04348	0.0463	0.05263
0.16667	0.16125	0.1
0.125	0.04758	0.01667
0.26582	0.14868	0.12535
0.38636	0.27789	0.25006
0.32258	0.2539	0.24958
0.0678	0.04812	0.0497
0.08333	0.06272	0.03333
0.15447	0.0598	0.04639
0.2069	0.19188	0.18761
0.36	0.2452	0.20013
0.14	0.07998	0.06641
0.10345	0.10345	0.11111
0.11111	0.11111	0.0
0.25	0.25	0.24
0.23529	0.14894	0.18968
0.45714	0.32994	0.25211
0.13559	0.1028	0.07476
0.29885	0.21508	0.1898
0.28125	0.25806	0.2381
0.3128	0.22948	0.18138
0.0	0.0	0.0
0.88235	0.62812	0.63364
0.0	0.0	0.0
0.1875	0.1875	0.16667
0.14545	0.14427	0.09842
0.35075	0.25016	0.20497
0.27778	0.21569	0.16321
0.34545	0.24342	0.19526
0.04938	0.03067	0.01887
0.0	0.0	0.0
0.19318	0.12208	0.12062
0.33333	0.31613	0.2
0.34524	0.24233	0.14862
0.09449	0.07061	0.07127
0.24324	0.19227	0.16447
0.21875	0.16231	0.0799
0.1	0.07527	0.0
0.0	0.0	0.0
0.76923	0.41946	0.42289
0.18421	0.11334	0.09349
0.2	0.11212	0.09681
0.11475	0.08831	0.07692
0.31579	0.15453	0.20507
0.12346	0.07926	0.08469
0.0	0.0	0.0
0.31579	0.14774	0.17743
0.25	0.1694	0.2
0.35714	0.35021	0.212
0.15385	0.14142	0.17647
0.21739	0.15823	0.13968
0.22807	0.09679	0.08511
0.1	0.1	0.0
0.15385	0.09578	0.04762
0.17857	0.091	0.0842
0.2037	0.14188	0.11918
0.09836	0.03966	0.01985
0.0625	0.0625	0.06452
0.17526	0.11839	0.06954
0.25	0.13981	0.1226
0.6875	0.32462	0.36955
0.71795	0.402	0.3652
0.29193	0.24365	0.23595
0.27778	0.18891	0.13268
0.23684	0.21221	0.12035
0.41379	0.36266	0.3
0.22549	0.20003	0.17969
0.29	0.21615	0.17327
0.58974	0.31513	0.42452
0.30147	0.26639	0.21775
0.08	0.05032	0.03261
0.73333	0.73333	0.7
0.11594	0.0755	0.04488
0.2619	0.21507	0.10912
0.13208	0.11198	0.0905
0.25	0.20482	0.18355
0.31818	0.24559	0.23584
0.59259	0.638	0.7
0.13376	0.0639	0.07494
1.0	0.629	0.6774
0.05882	0.05882	0.04545
0.39655	0.35262	0.35314
0.1875	0.14248	0.0441
0.025	0.01693	0.02821
0.70588	0.61865	0.61025
0.16667	0.10217	0.09418
0.16364	0.122	0.16667
0.21053	0.17147	0.125
0.40278	0.31454	0.3212
0.10101	0.05768	0.0352
0.19048	0.19048	0.16667
0.0	0.0	0.0
0.58333	0.5038	0.47116
0.17647	0.05885	0.05779
0.18033	0.13433	0.08656
0.3	0.2398	0.14595
0.54054	0.52049	0.47146
0.27778	0.12128	0.11803
0.25225	0.20053	0.15504
0.13115	0.0788	0.05086
0.0	0.0	0.0
1.0	1.0	1.0
0.18033	0.11425	0.11803
0.13208	0.09128	0.09346
0.54839	0.44173	0.48964
0.20325	0.15473	0.12669
0.07273	0.04398	0.02778
0.22973	0.17175	0.13125
0.16279	0.08405	0.03944
1.0	0.656	0.5614
0.2037	0.12426	0.07233
0.11207	0.08399	0.07048
0.05	0.00887	0.00478
0.28205	0.17536	0.08688
0.14286	0.10343	0.09176
0.17582	0.15385	0.06239
0.15493	0.11448	0.05283
0.26087	0.14029	0.10265
0.76642	0.67603	0.6948
0.24138	0.13352	0.12905
0.27059	0.19621	0.15256
0.35985	0.25527	0.24225
0.28333	0.16238	0.20576
0.10577	0.06639	0.04603
0.44444	0.28678	0.0215
0.10127	0.0927	0.06042
0.11321	0.09921	0.10526
0.58824	0.51326	0.45032
0.2093	0.1373	0.16028
0.13043	0.06102	0.0489
0.42857	0.28571	0.1129
0.425	0.425	0.41379
0.22892	0.18033	0.15602
0.42857	0.42857	0.33333
0.2963	0.23178	0.21967
0.1	0.10325	0.125
0.33333	0.20256	0.04109
0.125	0.10384	0.11524
0.33333	0.29473	0.19662
0.10526	0.06621	0.07692
0.28571	0.28571	0.25
0.24528	0.20389	0.1887
0.25	0.18447	0.15853
0.34921	0.18486	0.18124
0.21739	0.21739	0.125
0.15686	0.07971	0.02773
0.17544	0.16865	0.16129
0.20833	0.14544	0.10497
0.45161	0.45161	0.5
0.46341	0.34227	0.27825
0.17361	0.13194	0.12591
0.21053	0.12563	0.18362
0.09091	0.09091	0.05556
0.22222	0.14957	0.13449
0.16993	0.14842	0.11104
0.0	0.0	0.0
0.26316	0.22411	0.25062
0.1087	0.0796	0.01957
0.02679	0.01354	0.0125
0.10606	0.08261	0.04051
0.41538	0.28216	0.2297
0.32353	0.23388	0.19827
0.44444	0.30467	0.15067
0.2963	0.2963	0.30303
0.13821	0.0855	0.07362
0.43478	0.34922	0.21409
0.0	0.0	0.0
0.33333	0.17557	0.13203
0.26316	0.22411	0.23077
0.25424	0.11758	0.14008
0.41611	0.24098	0.21095
0.16949	0.10551	0.09377
0.21429	0.11293	0.06456
0.37931	0.24094	0.19692
0.59259	0.57707	0.55148
0.5	0.34921	0.31135
0.42857	0.40719	0.38298
0.19231	0.19231	0.23529
0.0	0.0	0.0
0.175	0.1113	0.1
0.29474	0.21734	0.20415
0.49505	0.47685	0.45323
0.33981	0.26056	0.21588
0.28718	0.17073	0.14295
0.85714	0.34114	0.2985
0.0303	0.0303	0.02174
0.45455	0.27573	0.295
0.21053	0.12053	0.21657
0.07843	0.02024	0.0
0.53846	0.35238	0.22588
0.38462	0.34328	0.25916
1.0	1.0	1.0
0.54348	0.28476	0.20824
0.03571	0.00693	0.00924
0.18692	0.10612	0.06212
0.38182	0.25165	0.29403
0.29323	0.20495	0.11874
0.46667	0.25807	0.3548
0.58696	0.39628	0.38714
0.21552	0.19578	0.13798
0.125	0.0922	0.04334
0.22222	0.19856	0.13632
0.15152	0.13392	0.1374
0.33333	0.24097	0.1864
0.11628	0.05741	0.03737
0.2381	0.2381	0.26667
0.16279	0.10502	0.10181
0.52778	0.52958	0.47467
0.13889	0.1165	0.125
0.26389	0.20386	0.19027
0.1828	0.09054	0.06674
0.14754	0.10656	0.09715
0.5	0.5	0.4
0.33898	0.25044	0.24733
0.05263	0.05263	0.07692
0.0	0.0	0.0
0.27273	0.22622	0.19417
0.31169	0.27649	0.22855
0.28205	0.14559	0.13136
0.21053	0.14544	0.12195
0.02381	0.02381	0.0
0.0	0.0	0.0
0.3	0.14454	0.16861
0.31111	0.24802	0.11758
0.15517	0.09207	0.08553
0.03846	0.03846	0.0
0.2	0.2	0.21429
0.24561	0.13582	0.1251
0.29213	0.15626	0.13398
0.26623	0.1029	0.09024
0.21605	0.17483	0.12435
0.15068	0.15026	0.08511
0.58824	0.33971	0.3129
0.0	0.0	0.0
0.27586	0.14852	0.16468
0.22378	0.13694	0.12422
0.69231	0.69231	0.77778
0.22222	0.16844	0.20743
0.17391	0.12343	0.09881
0.48276	0.37376	0.29327
0.21739	0.11639	0.17369
0.16981	0.14058	0.05541
0.28205	0.24318	0.17265
0.26316	0.25936	0.2968
0.29032	0.19252	0.18182
0.22018	0.19	0.17488
0.4898	0.4898	0.5
0.0	0.0	0.0
0.36364	0.31262	0.28776
0.55556	0.31922	0.43033
0.05	0.05	0.03571
0.27907	0.19212	0.18147
0.31677	0.25568	0.22982
0.26446	0.21755	0.18254
0.3578	0.27495	0.20538
0.06897	0.05783	0.07291
0.38571	0.20234	0.19688
1.0	0.46233	0.258
0.9	0.526	0.295
0.07692	0.05208	0.11111
0.52	0.37876	0.39944
0.53333	0.53333	0.42105
0.1	0.0946	0.01614
0.32609	0.16235	0.15778
0.8	0.342	0.66667
0.85714	0.34114	0.2985
0.23077	0.24072	0.2
0.25	0.25	0.2
0.36207	0.26309	0.13531
0.32174	0.28023	0.239
0.16364	0.16364	0.15789
0.14118	0.11119	0.06759
0.1875	0.11988	0.10272
0.47368	0.40747	0.36968
0.24242	0.12515	0.09848
0.31959	0.30962	0.24917
0.2093	0.12681	0.12038
0.17073	0.09127	0.06956
0.15686	0.14991	0.14762
0.14768	0.10972	0.09124
0.59375	0.32466	0.23182
0.41667	0.27825	0.21575
0.15493	0.09132	0.06344
0.0	0.0	0.0
0.25	0.25	0.125
0.08	0.01851	0.017
0.27586	0.15579	0.17362
0.09091	0.08065	0.0505
0.36	0.2684	0.18029
0.1	0.08384	0.10103
0.08108	0.01743	0.00416
0.08511	0.05832	0.00445
0.16364	0.11789	0.06451
0.8	0.342	0.66667
0.2093	0.1339	0.09296
0.4	0.28894	0.20388
1.5	0.8225	1.258
0.23077	0.23077	0.11765
0.07692	0.06265	0.02857
0.27907	0.1898	0.14217
0.24409	0.17476	0.17268
0.25926	0.22819	0.15789
0.58333	0.44892	0.39919
0.19167	0.10887	0.07829
0.38889	0.26342	0.18485
0.05333	0.04344	0.03636
0.16923	0.13598	0.11127
0.3	0.17748	0.15533
0.06667	0.06667	0.0
0.27273	0.1056	0.0743
0.11321	0.08886	0.08014
0.25352	0.11952	0.11602
0.15094	0.09677	0.06705
0.42857	0.27834	0.3695
0.0	0.0	0.0
0.13333	0.13333	0.125
0.42857	0.32721	0.1581
0.28302	0.21242	0.25806
0.17105	0.09718	0.0691
0.10185	0.07556	0.05242
0.35294	0.16318	0.09677
0.075	0.03548	0.03704
0.05882	0.05882	0.09091
0.5303	0.4008	0.34646
0.39241	0.30709	0.30771
0.13978	0.08325	0.0584
0.30556	0.18417	0.14698
0.76923	0.44301	0.43285
0.08148	0.07599	0.06
0.16234	0.11815	0.08258
0.02564	0.02564	0.0
0.20904	0.14217	0.14375
0.39062	0.27927	0.2356
0.0	0.0	0.0
0.17391	0.10939	0.09091
0.02941	0.02941	0.0
0.10204	0.07132	0.04365
0.0	0.0	0.0
0.35714	0.18974	0.09674
0.31481	0.33454	0.25714
0.13333	0.11077	0.15514
0.22549	0.11671	0.10025
0.19149	0.1613	0.12903
0.13514	0.07846	0.02977
0.08475	0.08475	0.08333
0.05	0.05	0.06667
0.15	0.15	0.15385
0.35135	0.19359	0.08871
0.33333	0.30585	0.30769
0.55882	0.36629	0.1936
0.2	0.10966	0.1085
0.11688	0.09678	0.06513
0.09859	0.05406	0.0453
0.11765	0.08196	0.04094
0.51786	0.30709	0.24019
0.42857	0.28	0.35294
0.38889	0.21867	0.17036
0.32143	0.15093	0.19048
0.15686	0.11419	0.08139
0.32877	0.24349	0.18012
0.22727	0.08945	0.16667
0.06667	0.06667	0.04545
0.06452	0.06452	0.05
0.15686	0.10025	0.10429
0.16129	0.05726	0.10757
0.8125	0.2985	0.32808
0.07692	0.06265	0.05263
0.09091	0.09091	0.04545
0.16901	0.10768	0.1137
0.0	0.0	0.0
0.18421	0.08658	0.04838
0.27059	0.19659	0.15587
0.15789	0.13582	0.11566
0.59459	0.54186	0.50957
0.38571	0.23089	0.13889
0.85	0.85	0.8
0.34783	0.29313	0.28431
0.10526	0.04753	0.0088
0.16667	0.12473	0.06203
0.14706	0.10247	0.10324
0.11538	0.08871	0.09765
0.09901	0.07697	0.05882
0.17937	0.11053	0.06986
0.19802	0.1169	0.1096
0.0	0.0	0.0
0.78947	0.78947	0.83333
0.28571	0.18896	0.06641
0.37705	0.21793	0.13321
0.60606	0.44776	0.44516
0.13333	0.13333	0.11111
0.0354	0.02284	0.01492
0.375	0.30144	0.29914
0.0875	0.06654	0.04049
0.0	0.0	0.0
0.14286	0.14286	0.0
0.21053	0.14873	0.11475
1.0	0.4807	0.457
0.08824	0.06074	0.05263
0.1938	0.12029	0.10789
0.28571	0.17971	0.0
0.17647	0.14041	0.12609
0.11111	0.09737	0.08571
0.11972	0.09268	0.07
0.21429	0.20736	0.25
0.28571	0.1844	0.14077
0.2439	0.22107	0.1043
0.33333	0.33333	0.0
0.10938	0.11039	0.08889
0.30488	0.26318	0.26042
0.09302	0.06002	0.03125
0.17857	0.16418	0.13158
0.41026	0.27213	0.30189
0.16541	0.12492	0.11488
0.11111	0.07497	0.08225
0.07812	0.05494	0.07176
0.125	0.125	0.03846
0.18367	0.09745	0.13509
0.15385	0.09862	0.05744
0.42857	0.29729	0.2258
0.09836	0.08885	0.10369
0.16327	0.12882	0.1148
0.06667	0.04193	0.05
0.22581	0.16961	0.08978
0.20755	0.14668	0.10303
0.29268	0.25727	0.15782
0.0	0.0	0.0
0.33333	0.23893	0.17971
0.32075	0.2246	0.12408
0.29412	0.11865	0.05132
0.19355	0.13892	0.14678
0.1875	0.16431	0.1129
0.29032	0.27368	0.25038
0.14815	0.05978	0.05263
0.34483	0.21583	0.19302
0.13235	0.10959	0.07614
0.32468	0.25597	0.23239
0.09231	0.07492	0.04762
0.05263	0.05263	0.09091
0.4	0.4	0.35294
0.0	0.0	0.0
0.11111	0.11111	0.0
0.32	0.22716	0.13409
0.04082	0.04082	0.03125
0.14667	0.08325	0.07014
0.21374	0.20143	0.15462
0.22535	0.15359	0.08955
0.19048	0.19048	0.16667
1.0	1.0	1.0
0.0	0.0	0.0
0.44444	0.44444	0.5
0.34286	0.19357	0.19008
0.51724	0.42791	0.42952
0.29412	0.2138	0.16545
0.35185	0.22824	0.1134
0.16352	0.15338	0.10551
0.07692	0.07692	0.04167
0.18605	0.07279	0.09375
0.12727	0.09795	0.091
0.15	0.08677	0.10332
0.29167	0.26617	0.27778
0.26829	0.19434	0.15515
0.15909	0.11491	0.08148
0.28571	0.11521	0.14286
0.02703	0.00697	0.0
0.33333	0.22632	0.16534
0.45455	0.36953	0.32444
0.29412	0.20494	0.04033
0.64103	0.64103	0.68
0.34694	0.18373	0.15273
0.22857	0.14931	0.11083
0.07692	0.03973	0.05437
0.19697	0.07943	0.08555
0.0	0.0	0.0
0.40984	0.33687	0.29118
0.20364	0.17184	0.1526
0.13966	0.09012	0.06479
0.10256	0.06701	0.03104
0.15596	0.09841	0.09381
0.425	0.25652	0.17261
0.09559	0.08349	0.07112
0.02174	0.02174	0.02778
0.31618	0.2237	0.22752
0.2549	0.19798	0.12534
0.44118	0.26097	0.20442
0.71429	0.54386	0.3323
0.18478	0.1136	0.08735
0.13514	0.13514	0.04167
0.23364	0.16672	0.10923
0.23404	0.18396	0.17171
0.29268	0.17234	0.16388
0.3038	0.20622	0.20969
0.17647	0.14485	0.13227
0.89474	0.67742	0.74627
0.17391	0.108	0.08159
0.11927	0.06542	0.02929
0.26531	0.17808	0.1235
0.13953	0.08628	0.10217
0.09459	0.07891	0.05061
1.0	0.968	0.323
0.37383	0.28553	0.27494
0.66667	0.36833	0.30414
0.65854	0.57202	0.45736
0.33962	0.19783	0.12903
0.36667	0.19737	0.20461
0.30556	0.25894	0.21077
0.0	0.0	0.0
0.28571	0.09774	0.05338
0.21693	0.1246	0.11091
0.25	0.15262	0.10307
0.32653	0.23373	0.17816
0.08791	0.07409	0.07724
0.19355	0.19565	0.2
0.22222	0.22222	0.15385
0.0	0.0	0.0
0.25	0.15914	0.14699
0.21154	0.15694	0.15893
0.0	0.0	0.0
0.05405	0.01395	0.0
0.61538	0.28292	0.29918
0.18182	0.11145	0.1855
0.16949	0.1036	0.09835
0.27273	0.10264	0.05373
0.5	0.27332	0.06615
0.32353	0.26565	0.22581
0.14286	0.14286	0.22222
0.32394	0.17268	0.121
0.59459	0.49784	0.48867
0.32353	0.22203	0.14223
0.07143	0.07143	0.09091
0.6875	0.37306	0.29041
0.16867	0.12476	0.10147
0.24444	0.20502	0.15803
0.03125	0.03125	0.04762
0.24096	0.16672	0.13834
0.28571	0.12448	0.09185
0.0	0.0	0.0
0.15646	0.09898	0.09033
0.34211	0.28525	0.30712
0.16	0.12904	0.2
0.14474	0.10271	0.0987
0.29412	0.17384	0.15309
0.10638	0.07207	0.11039
0.46154	0.28538	0.375
0.5	0.41844	0.43343
0.25862	0.17852	0.15279
0.16667	0.08875	0.05917
0.1875	0.20059	0.18477
0.1087	0.07643	0.06272
0.25	0.25	0.125
0.84211	0.74537	0.70223
0.09756	0.09756	0.04167
0.33333	0.26644	0.24309
0.22917	0.18651	0.21775
0.21088	0.13737	0.10448
0.44444	0.20789	0.2192
0.48718	0.39703	0.43554
0.61538	0.44408	0.3516
0.13793	0.13793	0.11111
0.16364	0.11438	0.14286
0.13514	0.06493	0.04838
0.31429	0.16777	0.2065
0.09449	0.07061	0.07127
0.09677	0.08047	0.01985
0.33913	0.31613	0.25509
0.48387	0.48387	0.5
0.25	0.13786	0.09132
0.05556	0.05194	0.07143
0.74074	0.74074	0.66667
0.14634	0.085	0.06956
0.35484	0.23835	0.154
0.46753	0.44492	0.45031
0.30769	0.29528	0.2043
0.19079	0.1543	0.12966
0.25	0.20535	0.12655
0.3125	0.21371	0.14761
0.35811	0.23453	0.16478
0.16667	0.16667	0.2
0.18868	0.08279	0.11335
0.0	0.0	0.0
0.33333	0.086	0.0
0.27	0.16871	0.09952
0.125	0.10481	0.0
0.19231	0.10858	0.10465
0.2	0.14241	0.06796
0.14286	0.14286	0.16667
0.22472	0.14862	0.09436
0.16049	0.14138	0.11948
0.52778	0.51031	0.48968
0.05882	0.02391	0.00445
0.15789	0.11205	0.08685
0.05085	0.03717	0.02778
0.17568	0.13296	0.12133
0.43455	0.38947	0.37302
0.09554	0.09082	0.08257
0.53846	0.34738	0.362
0.01515	0.00391	0.0
0.53571	0.35832	0.30563
0.06667	0.05018	0.0086
0.277	0.19507	0.16421
0.12791	0.10091	0.09355
0.16432	0.11647	0.0886
0.16279	0.10653	0.10384
0.21667	0.15487	0.10259
0.31429	0.27283	0.26348
0.57895	0.32437	0.492
0.12857	0.08894	0.098
0.38961	0.27313	0.186
0.13757	0.09916	0.07823
0.58824	0.30365	0.2032
0.3125	0.24498	0.21508
0.5	0.35793	0.24583
0.34375	0.25103	0.17891
0.4	0.29746	0.16938
0.02083	0.02083	0.03226
0.48649	0.27724	0.26048
0.08696	0.07083	0.03931
0.8	0.342	0.66667
0.4	0.28454	0.10184
0.2	0.1212	0.11255
0.17949	0.13482	0.09408
0.17647	0.09425	0.07284
0.2	0.1462	0.15725
0.24468	0.15888	0.11315
0.15	0.1375	0.03971
0.15556	0.10753	0.08669
0.28571	0.18436	0.0581
0.16	0.12388	0.10526
0.48148	0.35248	0.37585
0.01923	0.02048	0.02857
0.14103	0.10008	0.0794
0.18519	0.18438	0.15686
0.26415	0.20147	0.16914
0.33333	0.1936	0.09681
0.25	0.1944	0.17143
0.25444	0.20578	0.16807
0.72727	0.43991	0.24378
0.21296	0.17564	0.13826
0.04651	0.02438	0.0283
0.16981	0.11258	0.06897
0.17647	0.14954	0.10902
0.25	0.16589	0.06641
0.30556	0.27328	0.19231
0.23404	0.13486	0.09529
0.06667	0.06883	0.09091
0.11828	0.07112	0.05448
0.13514	0.10681	0.08982
0.04706	0.02884	0.03333
0.23864	0.16002	0.11811
0.03571	0.03571	0.05556
0.09677	0.0489	0.04348
0.07143	0.07143	0.04762
0.15152	0.09679	0.09973
0.10606	0.10044	0.10112
0.18571	0.14149	0.08531
0.18301	0.11638	0.10408
0.14286	0.09676	0.13333
0.05714	0.05714	0.0
0.25	0.25	0.22222
0.27632	0.19271	0.11548
0.39205	0.31142	0.29755
0.2	0.18145	0.15385
0.04348	0.04348	0.0
0.28571	0.08757	0.1226
0.28467	0.20439	0.21592
0.46875	0.36494	0.38009
0.13889	0.04706	0.03584
0.0597	0.05055	0.02174
0.77778	0.491	0.3806
0.07576	0.06353	0.04762
0.54545	0.52509	0.375
0.61111	0.33757	0.31214
0.34682	0.21874	0.22055
0.19231	0.06704	0.06272
0.0	0.0	0.0
0.29101	0.18075	0.13756
0.12752	0.08964	0.08048
0.12579	0.11219	0.06384
0.15294	0.07819	0.08009
0.17073	0.09128	0.04593
0.53846	0.43423	0.5
0.20548	0.14716	0.06109
0.1	0.0258	0.0
0.30769	0.17992	0.22222
0.35484	0.23032	0.2298
0.24742	0.15965	0.16181
0.2891	0.24767	0.21003
0.12791	0.10428	0.08037
0.03704	0.03704	0.0
0.10526	0.08489	0.06853
0.23602	0.16612	0.10863
0.13333	0.0416	0.03747
0.15625	0.13509	0.11524
0.08571	0.08571	0.08
0.08696	0.01683	0.00806
0.23529	0.17503	0.12902
0.31481	0.22641	0.2053
0.05556	0.05556	0.02778
0.26316	0.19016	0.04033
0.2381	0.172	0.07143
0.2	0.15053	0.0258
0.57895	0.61632	0.60688
0.29126	0.17319	0.15882
0.20946	0.13927	0.08475
0.85714	0.35029	0.4
0.29032	0.26223	0.23314
0.12245	0.12245	0.15625
0.06977	0.03376	0.02788
0.27586	0.15131	0.15
0.34286	0.21294	0.21913
0.06061	0.06061	0.1
0.47561	0.32732	0.29513
0.10526	0.05942	0.08685
0.13699	0.10208	0.08562
0.27907	0.1737	0.15844
0.33333	0.2172	0.20665
0.09783	0.0668	0.05113
0.0	0.0	0.0
0.55556	0.43722	0.47317
0.27273	0.218	0.21053
0.19118	0.1556	0.12824
0.10526	0.06113	0.04342
0.56452	0.24823	0.19207
0.46667	0.37853	0.15255
0.54839	0.34552	0.23122
0.16667	0.16667	0.0
0.15741	0.13022	0.09041
0.17647	0.10435	0.18182
0.16304	0.10871	0.09175
1.0	1.0	1.0
0.14286	0.09677	0.04516
0.17518	0.14174	0.09398
0.25	0.13208	0.15907
0.33333	0.28225	0.2968
0.25	0.16667	0.12035
0.55208	0.50875	0.49785
0.19048	0.14401	0.11902
0.18182	0.14418	0.05455
0.08929	0.06105	0.03379
0.06667	0.06667	0.0
0.32632	0.28796	0.31972
0.25	0.16481	0.12679
0.1875	0.18144	0.28571
0.21429	0.21429	0.19298
0.50267	0.37316	0.34508
0.33784	0.29381	0.22791
0.13265	0.13265	0.09375
0.09756	0.09756	0.07692
0.35484	0.23519	0.29033
0.6	0.5258	0.33333
0.25532	0.20203	0.12196
0.19753	0.18977	0.15791
0.225	0.225	0.2
0.06667	0.04193	0.05
0.35583	0.26106	0.18201
0.35556	0.30322	0.20603
0.26667	0.17242	0.1054
0.19101	0.15404	0.16082
0.10976	0.08616	0.05377
0.38053	0.30289	0.22072
0.26531	0.13694	0.03846
0.11111	0.10572	0.07143
0.28777	0.23302	0.18582
0.12037	0.10424	0.08134
0.15584	0.14621	0.12391
0.75	0.63312	0.6775
0.375	0.36894	0.44229
0.07692	0.05707	0.0436
0.27273	0.16864	0.07953
0.20779	0.13491	0.10688
0.27273	0.15639	0.10752
0.08621	0.04672	0.06953
0.53333	0.42755	0.38447
0.18571	0.12214	0.08217
0.11828	0.11377	0.11111
0.20833	0.13274	0.05947
0.21875	0.19556	0.19048
0.38095	0.2719	0.24657
0.29167	0.19894	0.15298
0.07143	0.07143	0.04762
0.24138	0.1574	0.15111
0.15455	0.10792	0.10724
0.07595	0.04614	0.04017
0.0	0.0	0.0
0.19444	0.19625	0.14286
0.28889	0.23298	0.19668
0.0	0.0	0.0
0.15068	0.14979	0.16242
0.35	0.30645	0.26075
0.33846	0.19061	0.1525
0.22963	0.18639	0.11733
0.12121	0.0743	0.066
0.15278	0.14247	0.10204
0.2	0.06777	0.10757
0.33333	0.25675	0.24482
0.45455	0.43691	0.06457
0.31925	0.18283	0.16624
0.1374	0.08938	0.04598
0.22581	0.18626	0.10526
0.18033	0.13856	0.10071
0.3125	0.26812	0.25
0.17647	0.10013	0.07085
0.28358	0.15793	0.13315
0.20588	0.12144	0.09808
0.54054	0.27384	0.15415
0.56522	0.37165	0.38152
0.37908	0.33271	0.28667
0.2931	0.23069	0.18556
0.30435	0.21836	0.15678
0.13636	0.1195	0.10486
0.29496	0.20425	0.13712
0.17391	0.06874	0.10371
0.12821	0.10587	0.08841
0.22857	0.23409	0.239
0.06383	0.06314	0.06061
0.27717	0.21321	0.17936
0.27434	0.19981	0.18724
0.18182	0.10206	0.07911
0.125	0.11175	0.09309
0.13245	0.06923	0.07147
0.25547	0.18061	0.10696
0.36047	0.26258	0.25045
0.12963	0.10694	0.12335
0.4	0.25592	0.19518
0.19048	0.15361	0.09786
0.07042	0.04862	0.02653
0.125	0.09408	0.05882
0.375	0.26816	0.21032
0.06	0.04516	0.02857
0.18557	0.13768	0.068
0.26549	0.18583	0.14262
0.21831	0.14743	0.09969
0.06957	0.03197	0.03925
0.30508	0.17691	0.09431
0.17978	0.07144	0.07
0.125	0.09235	0.07467
0.59375	0.34478	0.1768
0.19	0.14114	0.1504
0.33333	0.21061	0.22865
0.9375	0.52025	0.6001
1.14286	0.72043	0.54843
0.0625	0.0625	0.09091
0.66667	0.621	0.5565
0.14815	0.12067	0.1129
0.24742	0.18191	0.1236
0.21277	0.14277	0.14087
0.04762	0.03688	0.0
0.3038	0.29237	0.20408
0.63636	0.63636	0.75
0.50345	0.40647	0.37434
0.17442	0.07053	0.09565
0.0	0.0	0.0
0.54545	0.54545	0.66667
0.13333	0.1043	0.14223
0.33696	0.21671	0.21927
0.175	0.11454	0.11566
0.16667	0.15472	0.11268
0.2875	0.17865	0.15772
0.3617	0.25326	0.14016
0.06593	0.04963	0.04225
0.13772	0.09813	0.09466
0.11765	0.09981	0.09615
0.14706	0.0933	0.057
0.35714	0.25811	0.2
0.23585	0.1966	0.17377
0.38095	0.192	0.21233
0.08475	0.02898	0.02754
0.12821	0.10587	0.08841
0.22917	0.13577	0.07724
0.28058	0.15365	0.11999
0.10843	0.08745	0.07937
0.20183	0.1261	0.13561
0.75	0.79545	0.80645
0.6	0.42908	0.45169
0.46377	0.4273	0.32452
0.16667	0.12767	0.06641
0.17419	0.12425	0.09769
0.24419	0.15607	0.07769
0.10112	0.083	0.03226
0.08824	0.08824	0.04762
0.33058	0.27355	0.20698
0.06452	0.04058	0.04545
0.14286	0.08054	0.07315
0.19588	0.12305	0.10315
0.33333	0.21507	0.11145
0.37255	0.30869	0.21023
0.0	0.0	0.0
0.35088	0.29881	0.2715
0.03125	0.03125	0.03846
0.4	0.17207	0.11145
0.41379	0.27031	0.19446
0.2314	0.18822	0.12904
0.21739	0.17674	0.1875
0.06329	0.06329	0.05556
0.125	0.09823	0.09724
0.1831	0.12858	0.04838
0.15873	0.10344	0.06943
0.15254	0.09897	0.13158
0.1875	0.11494	0.103
0.0566	0.02619	0.03856
0.05229	0.0312	0.02885
0.05172	0.04005	0.00873
0.08929	0.07546	0.06163
1.0	0.629	0.0
0.8125	0.8125	0.77778
0.38596	0.30677	0.21936
0.1358	0.10514	0.08346
0.35065	0.33055	0.28571
0.18947	0.17453	0.18007
0.31579	0.24279	0.03223
0.27551	0.1817	0.12209
0.03846	0.02419	0.02778
0.17323	0.13361	0.11503
0.42391	0.41132	0.3689
0.2	0.14598	0.10679
0.17857	0.12943	0.05818
0.50893	0.35717	0.34115
0.72	0.4606	0.41287
0.18072	0.12282	0.09779
0.10204	0.04114	0.03871
0.05263	0.00679	0.0086
0.08108	0.05578	0.10138
0.21053	0.10189	0.0624
0.29787	0.23678	0.23641
0.22156	0.12516	0.10069
0.28696	0.18824	0.15108
0.38776	0.25248	0.14067
0.19802	0.1517	0.12159
0.44444	0.27256	0.1775
0.19444	0.14789	0.2
0.30556	0.17564	0.1084
0.25	0.25	0.16667
0.14286	0.09576	0.05263
0.08333	0.08333	0.09091
0.23684	0.1715	0.13037
0.09333	0.06817	0.06383
0.32609	0.23916	0.23
0.45	0.43308	0.39037
0.12821	0.10918	0.0
0.5	0.21375	0.4
0.44156	0.31969	0.2781
0.5	0.5	0.5
0.1195	0.09048	0.07918
0.23077	0.10421	0.13711
0.26087	0.23987	0.19787
0.06061	0.03714	0.05942
0.26667	0.10827	0.05544
0.22556	0.18337	0.11531
0.6875	0.59984	0.57164
0.0	0.0	0.0
0.14286	0.07219	0.0
0.24	0.18776	0.13785
0.15789	0.11884	0.0625
0.21212	0.08021	0.11736
0.11765	0.06832	0.08333
0.25	0.14281	0.14589
0.2619	0.19127	0.1302
0.25926	0.19684	0.18853
0.08571	0.06266	0.04
0.24138	0.19021	0.13636
0.41667	0.2624	0.2244
0.15625	0.11894	0.0261
0.14035	0.12507	0.10866
0.05556	0.05556	0.08333
0.16981	0.16981	0.11765
0.44444	0.40429	0.40269
0.33333	0.1588	0.16961
0.23529	0.19165	0.16667
0.6	0.38287	0.31382
0.12727	0.06422	0.0464
0.13953	0.10653	0.0625
0.13265	0.09448	0.08587
1.5	0.9675	2.258
0.29	0.2155	0.17743
0.13043	0.09817	0.08986
0.14433	0.09878	0.04992
0.13158	0.07683	0.06923
0.2459	0.22051	0.21967
0.11538	0.11538	0.05882
0.38235	0.25897	0.24062
0.14754	0.11369	0.10385
0.21053	0.16892	0.07692
0.15663	0.15663	0.09616
0.28571	0.447	0.5
0.10112	0.06888	0.06883
0.0	0.0	0.0
0.13043	0.07574	0.11459
0.0	0.0	0.0
0.28302	0.17653	0.10549
0.23913	0.20407	0.14654
0.21875	0.12498	0.10353
0.05556	0.04392	0.02324
0.05357	0.0213	0.02632
0.21739	0.10939	0.05882
0.13636	0.06891	0.0625
0.18421	0.06878	0.07318
0.125	0.08872	0.04545
0.04545	0.00586	0.00717
0.25926	0.14459	0.066
0.23243	0.11458	0.10552
0.29787	0.24023	0.23138
0.08475	0.08475	0.08333
0.31522	0.20057	0.16026
0.05063	0.0343	0.01852
0.8	0.342	0.66667
0.16667	0.16667	0.04762
0.36486	0.29076	0.26302
1.0	0.56686	0.60475
0.25862	0.21134	0.15503
0.16216	0.12554	0.05242
0.17857	0.1298	0.10635
0.45161	0.42768	0.38095
0.26471	0.1945	0.10968
0.13115	0.09044	0.07605
0.06723	0.05259	0.04287
0.12879	0.12317	0.10072
0.15	0.12097	0.12757
0.10959	0.0897	0.04693
0.0	0.0	0.0
0.09677	0.06661	0.09386
0.20455	0.17964	0.131
0.1413	0.09537	0.09778
0.0	0.0	0.0
0.35484	0.15821	0.1583
0.24	0.14064	0.05942
0.125	0.08869	0.08075
0.10526	0.0798	0.03529
0.66667	0.34571	0.27692
0.14286	0.08986	0.11111
0.04167	0.04167	0.06667
0.17544	0.14884	0.11111
0.21324	0.17077	0.15574
0.09615	0.07815	0.03226
0.28571	0.15276	0.13474
0.5	0.5	1.0
0.58333	0.33875	0.0452
0.3253	0.21222	0.18536
0.14634	0.09207	0.10617
0.25	0.14973	0.13166
0.27451	0.26945	0.2934
0.18939	0.13759	0.10721
0.05	0.05	0.03333
0.11321	0.11321	0.05882
0.1547	0.13777	0.09678
0.26271	0.15255	0.08833
0.0	0.0	0.0
0.51515	0.51515	0.53488
0.16071	0.06682	0.02778
0.13559	0.11754	0.11508
0.07018	0.06789	0.05128
0.09884	0.08195	0.04604
0.17073	0.17073	0.13462
0.29885	0.20949	0.15538
0.18182	0.12309	0.0
0.07143	0.05376	0.03333
0.33333	0.11833	0.1775
0.25	0.1694	0.3
0.08824	0.04079	0.01756
0.12346	0.07407	0.08929
0.28099	0.1749	0.13849
0.25	0.15671	0.17647
0.52113	0.47799	0.45294
0.36364	0.29033	0.24195
0.25	0.1694	0.3
0.19355	0.16961	0.15
0.19048	0.11981	0.09091
0.14141	0.11991	0.10121
0.13559	0.07763	0.06361
0.27848	0.24624	0.185
0.32727	0.21935	0.1603
0.05263	0.05263	0.0
0.4	0.4	0.36364
0.11765	0.09109	0.07407
0.22917	0.20833	0.18121
0.15476	0.09178	0.0818
0.57143	0.35186	0.39319
0.13333	0.12216	0.06033
0.14286	0.11519	0.07359
0.15385	0.09244	0.10378
0.1	0.09072	0.09434
0.06579	0.05603	0.04082
0.18841	0.07575	0.07161
0.1411	0.08648	0.0992
0.41935	0.18942	0.22733
0.42857	0.42857	0.25
0.64706	0.64706	0.64286
0.10811	0.06451	0.04342
0.08824	0.07403	0.04545
0.26316	0.22411	0.23077
0.10227	0.06452	0.07891
0.10101	0.08668	0.0778
0.21127	0.16654	0.10098
0.54545	0.31091	0.26612
0.375	0.18688	0.15273
0.48936	0.42279	0.36593
0.17021	0.13819	0.1021
0.07042	0.04861	0.04804
0.5	0.30114	0.31648
0.06061	0.06061	0.03846
0.3125	0.27084	0.25606
0.33333	0.30106	0.19231
0.34641	0.26588	0.24104
1.0	0.63478	0.81361
0.13333	0.09027	0.0
0.29193	0.21619	0.16164
0.24324	0.15781	0.17331
0.22059	0.15324	0.14396
0.3913	0.18589	0.13739
0.41026	0.35154	0.35484
0.11688	0.10053	0.09365
0.33051	0.22173	0.16307
0.25668	0.13509	0.10144
0.33333	0.29282	0.26923
0.23529	0.14135	0.121
0.17989	0.14918	0.10629
1.4	0.942	0.914
0.19802	0.15937	0.10201
0.0	0.0	0.0
0.18868	0.10653	0.03905
0.07692	0.07692	0.0
0.16	0.16	0.11765
0.38235	0.36053	0.33333
0.08696	0.08696	0.11111
0.36842	0.32258	0.3
0.27778	0.16311	0.11524
0.38095	0.17052	0.21447
0.04545	0.02566	0.0043
0.2451	0.19482	0.17365
0.27778	0.20313	0.14095
0.03333	0.03333	0.05556
0.07407	0.07407	0.0
0.0396	0.01565	0.01471
0.20635	0.18384	0.09503
0.2	0.16776	0.18671
0.20904	0.15838	0.14008
0.51613	0.36526	0.35217
0.15132	0.08468	0.06596
0.44186	0.29407	0.24438
0.22162	0.11998	0.0915
0.41026	0.35317	0.28341
0.13793	0.11234	0.09091
0.30769	0.22997	0.16381
0.18519	0.13856	0.0625
0.08824	0.08824	0.07407
0.31034	0.17761	0.10957
0.77778	0.56519	0.57905
0.08333	0.08218	0.07271
0.54839	0.39026	0.24835
0.47368	0.31921	0.25974
0.07843	0.06388	0.04287
0.18627	0.12177	0.12373
0.25581	0.16598	0.12729
0.31667	0.25862	0.16956
0.2	0.11212	0.09681
0.11475	0.08831	0.07692
0.31579	0.15453	0.20507
0.12346	0.07926	0.08469
0.0	0.0	0.0
0.31579	0.14774	0.17743
0.25	0.1694	0.2
0.35714	0.35021	0.212
0.15385	0.14142	0.17647
0.21739	0.15823	0.13968
0.22807	0.09679	0.08511
0.1	0.1	0.0
0.15385	0.09578	0.04762
0.17857	0.091	0.0842
0.2037	0.14188	0.11918
0.09836	0.03966	0.01985
0.0625	0.0625	0.06452
0.17526	0.11839	0.06954
0.25	0.13981	0.1226
0.6875	0.32462	0.36955
0.71795	0.402	0.3652
0.29193	0.24365	0.23595
0.27778	0.18891	0.13268
0.23684	0.21221	0.12035
0.41379	0.36266	0.3
0.22549	0.20003	0.17969
0.29	0.21615	0.17327
0.58974	0.31513	0.42452
0.30147	0.26639	0.21775
0.08	0.05032	0.03261
0.73333	0.73333	0.7
0.11594	0.0755	0.04488
0.2619	0.21507	0.10912
0.13208	0.11198	0.0905
0.25	0.20482	0.18355
0.31818	0.24559	0.23584
0.59259	0.638	0.7
0.13376	0.0639	0.07494
1.0	0.629	0.6774
0.05882	0.05882	0.04545
0.39655	0.35262	0.35314
0.1875	0.14248	0.0441
0.025	0.01693	0.02821
0.70588	0.61865	0.61025
0.16667	0.10217	0.09418
0.16364	0.122	0.16667
0.21053	0.17147	0.125
0.40278	0.31454	0.3212
0.10101	0.05768	0.0352
0.19048	0.19048	0.16667
0.0	0.0	0.0
0.58333	0.5038	0.47116
0.17647	0.05885	0.05779
0.18033	0.13433	0.08656
0.3	0.2398	0.14595
0.54054	0.52049	0.47146
0.27778	0.12128	0.11803
0.25225	0.20053	0.15504
0.13115	0.0788	0.05086
0.0	0.0	0.0
1.0	1.0	1.0
0.18033	0.11425	0.11803
0.13208	0.09128	0.09346
0.54839	0.44173	0.48964
0.20325	0.15473	0.12669
0.07273	0.04398	0.02778
0.22973	0.17175	0.13125
0.16279	0.08405	0.03944
1.0	0.656	0.5614
0.2037	0.12426	0.07233
0.11207	0.08399	0.07048
0.05	0.00887	0.00478
0.28205	0.17536	0.08688
0.14286	0.10343	0.09176
0.17582	0.15385	0.06239
0.15493	0.11448	0.05283
0.26087	0.14029	0.10265
0.76642	0.67603	0.6948
0.24138	0.13352	0.12905
0.27059	0.19621	0.15256
0.35985	0.25527	0.24225
0.28333	0.16238	0.20576
0.10577	0.06639	0.04603
0.44444	0.28678	0.0215
0.10127	0.0927	0.06042
0.11321	0.09921	0.10526
0.58824	0.51326	0.45032
0.2093	0.1373	0.16028
0.13043	0.06102	0.0489
0.42857	0.28571	0.1129
0.425	0.425	0.41379
0.22892	0.18033	0.15602
0.42857	0.42857	0.33333
0.2963	0.23178	0.21967
0.1	0.10325	0.125
0.33333	0.20256	0.04109
0.125	0.10384	0.11524
0.33333	0.29473	0.19662
0.10526	0.06621	0.07692
0.28571	0.28571	0.25
0.24528	0.20389	0.1887
0.25	0.18447	0.15853
0.34921	0.18486	0.18124
0.21739	0.21739	0.125
0.15686	0.07971	0.02773
0.17544	0.16865	0.16129
0.20833	0.14544	0.10497
0.45161	0.45161	0.5
0.46341	0.34227	0.27825
0.17361	0.13194	0.12591
0.21053	0.12563	0.18362
0.09091	0.09091	0.05556
0.22222	0.14957	0.13449
0.16993	0.14842	0.11104
0.0	0.0	0.0
0.26316	0.22411	0.25062
0.1087	0.0796	0.01957
0.02679	0.01354	0.0125
0.10606	0.08261	0.04051
0.41538	0.28216	0.2297
0.32353	0.23388	0.19827
0.44444	0.30467	0.15067
0.2963	0.2963	0.30303
0.13821	0.0855	0.07362
0.43478	0.34922	0.21409
0.0	0.0	0.0
0.33333	0.17557	0.13203
0.26316	0.22411	0.23077
0.25424	0.11758	0.14008
0.41611	0.24098	0.21095
0.16949	0.10551	0.09377
0.21429	0.11293	0.06456
0.37931	0.24094	0.19692
0.59259	0.57707	0.55148
0.5	0.34921	0.31135
0.42857	0.40719	0.38298
0.19231	0.19231	0.23529
0.0	0.0	0.0
0.175	0.1113	0.1
0.29474	0.21734	0.20415
0.49505	0.47685	0.45323
0.33981	0.26056	0.21588
0.28718	0.17073	0.14295
0.85714	0.34114	0.2985
0.0303	0.0303	0.02174
0.45455	0.27573	0.295
0.21053	0.12053	0.21657
0.07843	0.02024	0.0
0.53846	0.35238	0.22588
0.38462	0.34328	0.25916
1.0	1.0	1.0
0.54348	0.28476	0.20824
0.03571	0.00693	0.00924
0.18692	0.10612	0.06212
0.38182	0.25165	0.29403
0.29323	0.20495	0.11874
0.46667	0.25807	0.3548
0.58696	0.39628	0.38714
0.21552	0.19578	0.13798
0.125	0.0922	0.04334
0.22222	0.19856	0.13632
0.15152	0.13392	0.1374
0.33333	0.24097	0.1864
0.11628	0.05741	0.03737
0.2381	0.2381	0.26667
0.16279	0.10502	0.10181
0.52778	0.52958	0.47467
0.13889	0.1165	0.125
0.26389	0.20386	0.19027
0.1828	0.09054	0.06674
0.14754	0.10656	0.09715
0.5	0.5	0.4
0.33898	0.25044	0.24733
0.05263	0.05263	0.07692
0.0	0.0	0.0
0.27273	0.22622	0.19417
0.31169	0.27649	0.22855
0.28205	0.14559	0.13136
0.21053	0.14544	0.12195
0.02381	0.02381	0.0
0.0	0.0	0.0
0.3	0.14454	0.16861
0.31111	0.24802	0.11758
0.15517	0.09207	0.08553
0.03846	0.03846	0.0
0.2	0.2	0.21429
0.24561	0.13582	0.1251
0.29213	0.15626	0.13398
0.26623	0.1029	0.09024
0.21605	0.17483	0.12435
0.15068	0.15026	0.08511
0.58824	0.33971	0.3129
0.0	0.0	0.0
0.27586	0.14852	0.16468
0.22378	0.13694	0.12422
0.69231	0.69231	0.77778
0.22222	0.16844	0.20743
0.17391	0.12343	0.09881
0.48276	0.37376	0.29327
0.775	0.61935	0.59431
0.10959	0.1087	0.06383
0.46154	0.33746	0.34767
0.11538	0.07941	0.06388
0.5	0.5	0.4
0.52381	0.28576	0.26062
0.1	0.1	0.15385
0.05556	0.05556	0.0
0.2807	0.15789	0.0863
0.2234	0.13762	0.10472
0.21296	0.13264	0.13541
0.21101	0.14917	0.09421
0.29197	0.19828	0.11854
0.37419	0.33113	0.31182
0.30882	0.259	0.19985
0.2963	0.16011	0.1694
0.13953	0.06902	0.07743
0.19048	0.12927	0.07685
0.18182	0.15249	0.11664
0.12346	0.09956	0.06769
0.18137	0.14705	0.0727
0.20548	0.16484	0.08452
0.46923	0.29308	0.32489
0.04762	0.02764	0.03125
0.59091	0.35927	0.28541
0.24	0.18448	0.14047
0.0	0.0	0.0
0.3	0.2129	0.23422
0.31818	0.23806	0.24123
0.42857	0.21889	0.20488
0.41071	0.318	0.25555
0.0	0.0	0.0
0.2	0.1258	0.0
0.11538	0.06741	0.05414
0.25	0.15831	0.13829
0.0274	0.01723	0.0
0.30769	0.21204	0.15991
0.08696	0.05646	0.03808
0.06897	0.06897	0.07317
0.52632	0.38205	0.36993
0.13462	0.11163	0.06911
0.1	0.1	0.0
0.25	0.23831	0.23657
0.45238	0.35948	0.38997
0.33333	0.33333	0.33333
0.29851	0.20945	0.19083
0.36957	0.27559	0.14815
0.45455	0.33725	0.29244
0.23333	0.1785	0.12662
0.2807	0.15847	0.17041
1.0	0.7098	0.828
0.23529	0.20209	0.043
0.2766	0.24194	0.16874
0.29412	0.12841	0.14568
0.88889	0.75278	0.62917
0.23913	0.15922	0.12706
0.34211	0.25045	0.19977
0.10784	0.09867	0.09524
0.1	0.1	0.15385
0.26316	0.12821	0.04975
0.375	0.22662	0.18021
0.23077	0.14723	0.09181
0.28729	0.18717	0.1062
0.43056	0.31724	0.34169
0.23179	0.20081	0.18992
0.0625	0.0625	0.0
0.22727	0.08945	0.16667
0.14286	0.08986	0.0
0.01613	0.00416	0.0
0.0	0.0	0.0
0.52459	0.38184	0.31895
0.42424	0.31676	0.18186
0.0	0.0	0.0
0.19512	0.16446	0.10217
0.07692	0.06762	0.02857
0.26316	0.17489	0.16377
0.05556	0.05556	0.1
0.0	0.0	0.0
0.09259	0.05585	0.02452
0.29851	0.19549	0.15081
0.21127	0.14358	0.07227
0.25	0.20769	0.12027
0.20455	0.18695	0.17875
0.19355	0.14188	0.1206
0.22467	0.19213	0.18392
0.2	0.1256	0.14375
0.10714	0.09523	0.06288
0.0	0.0	0.0
0.2625	0.18269	0.15164
0.24561	0.13188	0.0863
0.09259	0.09259	0.05263
0.22881	0.15502	0.12532
0.11111	0.08552	0.0384
0.0	0.0	0.0
0.19697	0.14492	0.12581
0.08955	0.04262	0.04699
0.35	0.30645	0.33333
0.12195	0.12195	0.07692
0.4	0.2291	0.14286
0.04	0.04	0.0
0.31579	0.29372	0.29167
0.22222	0.14834	0.08485
0.13208	0.08583	0.08571
0.18182	0.1437	0.11425
0.25714	0.18529	0.14223
0.75	0.68817	0.8
0.1134	0.08645	0.06815
0.11111	0.11111	0.04762
0.32394	0.1613	0.1867
0.26087	0.23987	0.19787
0.2	0.12402	0.13306
0.29762	0.2235	0.16128
0.08876	0.06738	0.05807
0.85714	0.49321	0.45157
0.26364	0.16364	0.13836
0.11613	0.07617	0.05082
0.14062	0.14062	0.14634
0.45161	0.31119	0.31862
0.36842	0.25466	0.20968
0.30435	0.32293	0.28565
0.39683	0.31387	0.28776
0.44966	0.42889	0.37542
0.24561	0.13582	0.1251
0.5	0.3726	0.4433
0.44928	0.33755	0.2738
0.2375	0.18994	0.19608
0.17877	0.13301	0.08692
0.30303	0.18867	0.18768
0.36842	0.26153	0.13712
0.18182	0.18182	0.14286
0.18182	0.14856	0.13212
0.0678	0.05632	0.02326
0.38235	0.15659	0.1368
0.10596	0.07498	0.05036
0.26708	0.19937	0.1477
0.16901	0.15948	0.15987
0.175	0.09678	0.10633
0.15385	0.10222	0.07526
0.08163	0.07504	0.09091
0.18182	0.18182	0.14286
0.02899	0.02804	0.03922
0.31111	0.2466	0.22997
0.41667	0.29423	0.25092
0.18519	0.095	0.07471
0.30682	0.24268	0.20014
0.0	0.0	0.0
0.26087	0.18936	0.12326
0.09302	0.07577	0.0
0.75	0.75	0.7
0.25	0.18042	0.16627
0.12069	0.09564	0.02632
0.2069	0.15019	0.12055
0.36842	0.24111	0.18738
0.21739	0.09889	0.11507
0.25	0.17269	0.06733
0.14583	0.14652	0.09091
0.36	0.2484	0.18339
0.1039	0.06452	0.09091
0.11111	0.09737	0.08574
0.29245	0.23129	0.20172
0.36842	0.12742	0.17742
0.23684	0.15534	0.07616
0.04762	0.00614	0.0086
0.0	0.0	0.0
0.11111	0.09041	0.07143
0.11243	0.05765	0.05596
0.27778	0.20609	0.15747
0.19608	0.1183	0.08751
0.14286	0.05589	0.03698
0.14634	0.10149	0.09468
0.16667	0.10483	0.03225
0.2	0.2	0.14583
0.79487	0.46368	0.47604
0.10465	0.10465	0.07407
0.17073	0.10624	0.15872
0.5	0.19092	0.2581
0.2	0.13258	0.13979
0.11321	0.08034	0.05914
0.38462	0.30587	0.30041
0.0	0.0	0.0
0.12	0.09292	0.13274
0.0	0.0	0.0
0.2973	0.16484	0.16631
0.06349	0.03994	0.02439
0.18519	0.13622	0.20494
0.21348	0.12761	0.0869
0.29412	0.20021	0.17847
0.08163	0.05793	0.05302
0.06522	0.04909	0.02857
0.08333	0.06272	0.08333
0.35714	0.20964	0.20962
0.25	0.19909	0.19292
0.26087	0.15987	0.17369
0.09836	0.07986	0.05336
0.83333	0.6345	0.542
0.31884	0.22441	0.14465
0.5	0.21375	0.4
0.66667	0.73306	0.82409
0.19167	0.12366	0.09454
0.71429	0.64279	0.509
0.0	0.0	0.0
0.27059	0.24669	0.26244
0.08333	0.08333	0.1
0.21739	0.15713	0.07782
0.10256	0.10256	0.07692
0.20588	0.14232	0.16129
0.16	0.10126	0.09962
0.30769	0.17869	0.1323
0.2	0.11615	0.11111
0.25	0.11025	0.125
0.25	0.25	0.11111
0.0	0.0	0.0
0.12821	0.12821	0.10714
0.25	0.19959	0.17745
0.05882	0.05882	0.09091
0.13208	0.10064	0.08535
0.34286	0.19726	0.18517
0.09524	0.07986	0.07692
0.27586	0.17469	0.15789
0.29078	0.20294	0.1346
0.16129	0.1051	0.09337
0.24444	0.17778	0.11135
0.1697	0.0958	0.05735
0.07547	0.07547	0.05882
0.31579	0.20797	0.17314
0.19048	0.11981	0.09091
0.10204	0.10204	0.07812
0.24859	0.17898	0.14282
0.28571	0.25461	0.16667
0.25	0.1778	0.17005
0.54167	0.4691	0.44876
0.28994	0.14643	0.1226
0.5	0.5	1.0
0.0	0.0	0.0
0.0	0.0	0.0
0.77778	0.58422	0.37633
0.15385	0.08192	0.09091
1.0	1.0	1.0
0.35	0.13875	0.10844
0.11628	0.06565	0.0257
0.52	0.40904	0.32257
0.0	0.0	0.0
0.08333	0.08333	0.05128
0.69231	0.41192	0.41138
0.2	0.14193	0.10264
0.31915	0.2066	0.20627
0.2069	0.2069	0.14286
0.12941	0.07609	0.07536
0.72	0.52388	0.40333
0.2562	0.16476	0.10859
1.0	0.5742	0.785
0.43478	0.30296	0.26264
0.09091	0.0522	0.02778
0.25397	0.16284	0.14026
0.14815	0.09559	0.0086
0.33333	0.23569	0.19639
0.21311	0.16339	0.14232
0.34146	0.10468	0.09563
0.10569	0.06924	0.04536
0.10127	0.07146	0.06272
0.36782	0.22697	0.1968
0.16471	0.1146	0.10162
0.19048	0.02924	0.01492
1.86667	1.44197	2.01529
0.0	0.0	0.0
0.08434	0.04393	0.04467
0.0	0.0	0.0
0.1	0.09129	0.04967
0.14679	0.08583	0.05196
0.22727	0.18917	0.15887
0.19444	0.17025	0.11589
0.22727	0.13345	0.07108
0.34091	0.29032	0.27423
0.26471	0.15592	0.11265
0.0625	0.0625	0.0
0.12	0.04772	0.074
0.07447	0.02711	0.02485
0.44898	0.27394	0.16032
0.58333	0.52686	0.46543
0.24339	0.16659	0.1077
0.10667	0.06537	0.07965
0.23529	0.13282	0.10486
0.29545	0.18695	0.22488
0.06383	0.06383	0.05714
0.20755	0.14366	0.10284
0.36364	0.29424	0.25659
0.07407	0.07407	0.0
0.19608	0.11861	0.06272
0.13725	0.12555	0.12121
0.01408	0.01408	0.02083
0.27586	0.24028	0.18895
0.24339	0.18232	0.12406
0.2	0.1258	0.14286
0.29167	0.375	0.44828
0.53226	0.36787	0.3886
0.04348	0.0463	0.05263
0.02941	0.01138	0.01548
0.0	0.0	0.0
0.2381	0.16743	0.09091
0.28333	0.1879	0.16579
0.30303	0.19255	0.13636
0.19403	0.1406	0.10877
0.52273	0.46407	0.4312
0.13725	0.105	0.11468
1.5	0.9675	2.258
0.0	0.0	0.0
0.03774	0.0284	0.02053
0.0	0.0	0.0
0.36082	0.28038	0.28276
0.23457	0.13301	0.09798
0.18692	0.12332	0.09139
0.30556	0.25404	0.25315
0.18824	0.126	0.10957
0.33333	0.11833	0.1775
0.04545	0.04545	0.06667
0.33333	0.18335	0.20105
0.23529	0.13659	0.0215
0.24883	0.21793	0.17602
0.26316	0.20671	0.16592
1.0	0.636	0.54025
0.11348	0.09516	0.09543
0.02469	0.02549	0.03922
0.26761	0.20176	0.162
0.28395	0.24056	0.17635
0.07447	0.02711	0.02485
0.26667	0.2172	0.0258
0.18519	0.11589	0.13306
0.18627	0.11733	0.09032
0.36842	0.24411	0.1736
0.17143	0.14931	0.14793
0.03448	0.0089	0.0
0.0	0.0	0.0
0.31667	0.1683	0.19807
0.27559	0.2182	0.18763
0.24	0.17548	0.12563
0.18182	0.12309	0.0
0.14286	0.08849	0.09198
0.36364	0.25218	0.33333
0.41667	0.3188	0.35635
0.28302	0.21364	0.13379
0.06897	0.04114	0.04762
0.41667	0.41758	0.50943
0.0	0.0	0.0
0.11321	0.09675	0.10526
0.33333	0.16286	0.10716
0.15789	0.14643	0.13333
0.2268	0.21019	0.19213
0.31481	0.20848	0.13377
0.20661	0.15996	0.11921
0.22222	0.09441	0.10358
0.36145	0.28142	0.21316
0.14286	0.06684	0.0359
0.30435	0.23072	0.23829
0.43902	0.27695	0.2235
0.24324	0.13862	0.11785
0.16	0.09006	0.03625
0.14286	0.09491	0.10378
0.33333	0.086	0.0
0.48649	0.46122	0.38462
0.31429	0.28203	0.20236
0.33333	0.19356	0.15067
0.16667	0.16667	0.2
0.19231	0.1129	0.10237
0.23656	0.17553	0.14067
0.08889	0.05878	0.05672
0.15625	0.08066	0.04516
0.15068	0.13567	0.04943
0.19753	0.14696	0.11935
0.18079	0.1272	0.10996
0.8	0.342	0.66667
0.0	0.0	0.0
0.15385	0.13151	0.10094
0.13333	0.0828	0.0528
0.26316	0.17914	0.15138
1.2	0.8388	1.11833
0.125	0.11139	0.10638
0.16393	0.12903	0.06067
0.0	0.0	0.0
1.5	1.226	1.258
0.34091	0.24195	0.22472
0.26667	0.26667	0.16942
0.04545	0.01173	0.0
0.09836	0.0698	0.05507
0.25	0.16132	0.12285
0.10526	0.08826	0.15385
0.34146	0.22505	0.22359
0.33333	0.29211	0.25
0.33803	0.19357	0.12239
0.2	0.13994	0.07757
0.51724	0.42934	0.30645
0.30435	0.19635	0.17647
0.8	0.342	0.66667
0.125	0.05646	0.04076
0.02778	0.02778	0.04
0.10938	0.10938	0.11364
0.3125	0.23521	0.15736
0.08571	0.06637	0.04
0.15909	0.10705	0.09893
0.29457	0.21281	0.19248
0.49351	0.28661	0.22264
0.18868	0.15762	0.153
0.09836	0.09836	0.05128
0.2459	0.22105	0.13376
0.26316	0.15451	0.14606
0.02941	0.02941	0.04167
0.09901	0.06388	0.06821
0.22772	0.17725	0.18338
0.2963	0.23419	0.21065
0.15217	0.08557	0.08345
0.12371	0.09311	0.06154
0.12857	0.09494	0.0813
0.28571	0.17971	0.07097
0.69231	0.69231	0.66667
0.08571	0.06266	0.08696
0.58333	0.5215	0.28225
0.07143	0.06913	0.06667
0.18182	0.12983	0.11923
0.03896	0.02597	0.03225
0.12727	0.11144	0.06083
0.1	0.0258	0.0
0.17073	0.13141	0.09185
0.21429	0.15174	0.10484
0.29167	0.27287	0.16593
0.13274	0.09706	0.07822
0.08696	0.03623	0.02595
0.47368	0.33947	0.33407
0.06061	0.06061	0.07692
0.20349	0.14253	0.12174
0.15596	0.12963	0.13123
0.6	0.4258	0.0
0.05797	0.05703	0.05882
0.24893	0.19424	0.17916
0.27273	0.19552	0.15645
0.04348	0.04348	0.0
0.19565	0.14446	0.15919
0.21739	0.21739	0.125
0.36	0.24518	0.29982
0.44444	0.19	0.4
0.19403	0.11797	0.09677
0.10976	0.07985	0.07933
0.0625	0.04704	0.03333
0.05714	0.05714	0.04545
0.09677	0.06199	0.03731
0.04762	0.02688	0.0
0.21481	0.11877	0.05851
0.32609	0.24875	0.19499
0.2	0.14338	0.1007
0.11364	0.07735	0.08693
0.22059	0.20068	0.19509
0.17695	0.1427	0.10761
0.0	0.0	0.0
0.23214	0.13336	0.13489
0.14286	0.0795	0.11037
0.67925	0.47357	0.40867
0.25758	0.196	0.1547
0.35294	0.35294	0.23077
0.52	0.44776	0.33694
0.2907	0.15495	0.12641
0.3913	0.25809	0.19357
0.0	0.0	0.0
0.0	0.0	0.0
0.20548	0.16968	0.12294
0.37037	0.24256	0.21967
0.22388	0.12327	0.14253
0.48649	0.47385	0.4362
0.35294	0.23088	0.16741
0.36667	0.33977	0.35904
0.69444	0.44358	0.38223
0.05455	0.03755	0.0
0.18421	0.0743	0.10238
0.27103	0.18933	0.14976
0.60606	0.42817	0.3142
0.0	0.0	0.0
0.61905	0.41471	0.37953
0.05556	0.02807	0.02632
0.14706	0.111	0.09091
0.0	0.0	0.0
0.08333	0.0625	0.05882
0.25352	0.1477	0.16543
0.17157	0.13615	0.08723
0.14286	0.10649	0.11093
0.22892	0.15275	0.14142
0.1875	0.1875	0.16667
0.12698	0.07784	0.06667
0.28431	0.19799	0.16529
0.15873	0.12443	0.07895
0.23457	0.17205	0.17026
0.21192	0.11922	0.1265
0.07792	0.04566	0.04839
0.29412	0.24139	0.19355
0.09756	0.09756	0.07692
0.35484	0.23726	0.27343
0.07692	0.03288	0.05556
0.24848	0.11888	0.05801
0.09091	0.09091	0.0
0.23256	0.1553	0.10259
0.23611	0.15547	0.1398
0.0625	0.0373	0.04345
0.16667	0.12809	0.05136
0.09091	0.03812	0.04909
0.76923	0.66008	0.69762
0.45161	0.38658	0.3363
1.2	0.742	0.58067
0.24138	0.15462	0.11037
0.10417	0.07326	0.05209
0.61905	0.45929	0.37194
0.45455	0.33603	0.31892
0.39286	0.25118	0.27905
0.01923	0.00496	0.0
0.33333	0.23758	0.15852
0.02857	0.02857	0.0
0.36842	0.30393	0.24731
0.25373	0.12593	0.11291
0.04255	0.02677	0.02857
0.5	0.5	1.0
0.25806	0.11348	0.13609
0.2967	0.14996	0.13825
0.77778	0.22956	0.28517
0.24444	0.18638	0.07284
0.11864	0.0902	0.03136
0.26042	0.24025	0.2215
0.81356	0.76981	0.75416
0.2439	0.13241	0.11373
0.45161	0.42768	0.38095
0.2931	0.16909	0.19271
0.16867	0.16867	0.16327
0.35897	0.28123	0.30071
0.20472	0.14733	0.09224
0.2	0.04712	0.09203
0.16	0.04992	0.02405
0.20755	0.18745	0.11828
0.40404	0.25581	0.22385
0.24286	0.1765	0.14851
0.22222	0.10954	0.09445
0.5	0.31278	0.29424
0.5	0.33775	0.29332
0.17757	0.14501	0.09679
0.19149	0.08306	0.08757
0.07143	0.0645	0.14286
0.42	0.36904	0.34463
0.25926	0.2963	0.33803
0.16667	0.043	0.0
0.0	0.0	0.0
0.34118	0.22998	0.21562
0.69231	0.69231	0.66667
0.8	0.342	0.66667
0.17	0.10292	0.07327
0.46078	0.3612	0.29169
0.21008	0.17782	0.1337
0.28261	0.18445	0.13595
0.29139	0.18672	0.13959
0.09722	0.03406	0.03442
0.14085	0.10087	0.02062
0.2	0.2	0.21429
0.5	0.19362	0.271
0.25287	0.22506	0.22461
0.54545	0.37636	0.31382
0.31707	0.19121	0.21349
0.05556	0.03494	0.0
0.44118	0.44118	0.44444
0.66667	0.40007	0.25518
0.17742	0.10892	0.0984
0.2069	0.15352	0.14518
0.16667	0.11292	0.08046
0.24528	0.09617	0.14138
0.28205	0.23162	0.16667
0.3913	0.25575	0.28683
0.17241	0.15944	0.15323
0.05	0.05	0.07692
0.21053	0.12563	0.13312
0.09589	0.06186	0.05588
0.3038	0.22541	0.22273
0.25	0.20377	0.15882
0.3	0.2161	0.02683
0.10345	0.07786	0.04348
0.10145	0.07435	0.0625
0.29333	0.16219	0.20871
0.35	0.23497	0.11005
0.57576	0.43303	0.44516
0.19048	0.14748	0.23823
0.41667	0.30917	0.2452
0.19048	0.10448	0.04117
0.38	0.24066	0.20606
0.16667	0.09391	0.0851
0.05882	0.05882	0.0
0.12644	0.07789	0.05284
0.1954	0.11939	0.11624
0.13636	0.13932	0.125
0.60145	0.51522	0.4223
0.12281	0.04302	0.06047
0.25	0.14463	0.14411
0.21311	0.17928	0.10613
0.33333	0.26715	0.23618
0.0566	0.0426	0.0
0.11236	0.08591	0.04839
0.24324	0.24324	0.14392
0.19355	0.14985	0.11978
0.17188	0.14366	0.16202
0.24719	0.20117	0.16339
0.16129	0.14987	0.16615
0.125	0.12569	0.12121
0.48	0.46	0.44737
0.0	0.0	0.0
0.25	0.18728	0.11538
0.20755	0.10711	0.0663
0.02778	0.00717	0.0
0.58333	0.56272	0.54
0.18293	0.12943	0.14002
0.18182	0.17945	0.13889
0.15385	0.1216	0.06651
0.13333	0.09678	0.06536
0.52	0.36904	0.3125
0.56627	0.40969	0.3882
0.06667	0.05018	0.04338
0.36364	0.346	0.06457
0.23529	0.23529	0.07692
0.38596	0.30847	0.31656
0.10569	0.06846	0.05726
0.23256	0.19805	0.1577
0.28571	0.20743	0.0
0.22222	0.11233	0.08347
0.0	0.0	0.0
0.43939	0.33285	0.24579
0.11111	0.11111	0.0
0.0	0.0	0.0
0.21569	0.20114	0.13889
0.21875	0.16634	0.13326
0.25	0.15957	0.17403
0.3	0.21668	0.133
0.45545	0.29642	0.24982
0.11765	0.1031	0.09091
0.25	0.23698	0.23043
0.0	0.0	0.0
0.31429	0.23594	0.23609
0.21739	0.16339	0.07786
0.11111	0.11111	0.2
0.4717	0.39196	0.39817
0.0	0.0	0.0
0.29268	0.2282	0.17054
0.04878	0.04563	0.03448
0.15152	0.13195	0.1195
0.12766	0.09949	0.07341
0.27778	0.27061	0.32745
0.11538	0.08603	0.04715
1.83333	1.33563	1.93371
0.27273	0.23021	0.24003
0.28947	0.21437	0.25562
0.22222	0.1656	0.16545
0.15094	0.13451	0.1051
0.225	0.16855	0.18513
0.45536	0.35027	0.33067
0.25424	0.23073	0.1673
0.29245	0.25992	0.19859
0.16981	0.11932	0.11472
0.16129	0.08326	0.01346
0.02703	0.00697	0.0
0.31579	0.15284	0.06458
1.22059	1.08307	0.87102
0.38095	0.27077	0.28366
0.03125	0.03328	0.04348
0.18519	0.15533	0.00882
0.21053	0.15618	0.1315
0.18182	0.09973	0.07186
0.27119	0.19464	0.15057
0.28177	0.23526	0.18208
0.03571	0.03571	0.0
0.375	0.31402	0.3125
0.14286	0.13076	0.11454
0.41096	0.32259	0.30715
0.23529	0.21347	0.18516
0.26984	0.22429	0.22045
0.36522	0.33886	0.28821
0.18605	0.13843	0.10811
0.05952	0.05837	0.05085
0.17431	0.17728	0.16744
0.34694	0.24359	0.22774
0.50459	0.31256	0.27262
0.45	0.36295	0.29036
0.46154	0.33746	0.34767
0.15152	0.10166	0.07778
0.17647	0.11194	0.12609
0.08955	0.07752	0.08559
0.23333	0.13227	0.16438
0.26087	0.19038	0.18702
0.5	0.38579	0.12706
0.20364	0.13608	0.11417
0.5	0.4129	0.30414
0.10345	0.06676	0.05263
0.40816	0.26994	0.22585
0.35	0.28068	0.20908
0.47368	0.41486	0.39815
0.04762	0.043	0.06667
0.37179	0.20596	0.16778
0.35714	0.26618	0.22583
0.22222	0.16844	0.20743
0.52703	0.37928	0.29037
0.14286	0.06457	0.0
0.35583	0.30398	0.29214
0.07692	0.07692	0.0
0.32743	0.22407	0.14305
0.33333	0.37037	0.22727
0.07692	0.01985	0.0
0.0	0.0	0.0
0.22564	0.14276	0.13202
0.08642	0.07727	0.0504
0.19718	0.13782	0.12623
0.26087	0.18422	0.19482
0.17143	0.12994	0.09677
0.40984	0.25969	0.21043
0.08209	0.07102	0.05575
0.14286	0.13322	0.08034
0.05882	0.04301	0.06452
0.26667	0.1226	0.16133
0.14815	0.09202	0.02778
0.0	0.0	0.0
0.51852	0.29396	0.28631
0.01887	0.00487	0.0
0.2963	0.29549	0.29412
0.34286	0.31614	0.3226
0.0	0.0	0.0
0.17213	0.1137	0.07579
0.15385	0.07192	0.11111
0.28205	0.17418	0.15285
0.08571	0.07604	0.04545
0.22222	0.20161	0.125
0.57812	0.42595	0.40121
0.18023	0.10689	0.08416
0.19149	0.14002	0.14087
0.17857	0.18779	0.26316
0.16667	0.12544	0.01173
1.0	0.2585	0.452
0.23944	0.19356	0.13978
0.08621	0.04562	0.0347
0.16964	0.11405	0.11169
0.38542	0.36694	0.36947
0.20732	0.1617	0.11002
0.24096	0.24096	0.26531
0.27778	0.21861	0.4
0.12745	0.09677	0.0954
0.03846	0.03846	0.05263
0.84615	0.355	0.413
0.0	0.0	0.0
0.21739	0.1038	0.09172
0.31579	0.176	0.12364
0.13208	0.09008	0.03448
0.11364	0.06966	0.05736
0.26606	0.12077	0.09956
0.0	0.0	0.0
0.24468	0.1582	0.13748
0.08333	0.08333	0.0
0.15385	0.15385	0.11111
0.1	0.1	0.0
0.125	0.09408	0.05882
0.06061	0.04838	0.04762
0.10204	0.07639	0.05447
0.19231	0.10423	0.10059
0.14667	0.13677	0.0625
0.28169	0.15859	0.1366
0.19355	0.13945	0.05071
0.54545	0.44773	0.50808
0.34483	0.34483	0.22222
0.275	0.23305	0.11589
0.06977	0.051	0.03812
0.29661	0.21298	0.17745
0.0	0.0	0.0
0.25714	0.21291	0.16774
0.24	0.19903	0.176
0.0	0.0	0.0
0.09877	0.06651	0.02933
0.5	0.33067	0.36133
0.16667	0.07724	0.00808
0.17969	0.11593	0.1216
0.24603	0.14798	0.08553
0.22989	0.14534	0.13712
0.4127	0.35078	0.32693
0.1519	0.09963	0.07119
0.0	0.0	0.0
0.84615	0.44923	0.39643
0.04478	0.03419	0.03261
0.18797	0.14383	0.10161
0.33333	0.26078	0.21949
0.17801	0.14507	0.12979
0.20833	0.18625	0.17547
0.18868	0.10713	0.08632
0.32911	0.20746	0.18365
0.25773	0.21318	0.15783
0.57143	0.318	0.621
0.27879	0.18222	0.13753
0.19048	0.14798	0.12063
0.24528	0.21425	0.21603
0.15596	0.14294	0.13942
0.38	0.23744	0.20262
0.14679	0.10063	0.10315
0.16176	0.13238	0.11415
0.12727	0.07215	0.03672
0.10526	0.02718	0.08333
0.2	0.1064	0.16129
0.0	0.0	0.0
0.42105	0.42105	0.35714
0.075	0.075	0.07143
0.61111	0.32089	0.45455
0.13043	0.08978	0.07607
0.0	0.0	0.0
0.15909	0.08507	0.07375
0.20779	0.14391	0.13185
0.08451	0.08451	0.06122
0.43902	0.32183	0.18488
0.46154	0.22712	0.17663
0.28571	0.19475	0.15519
0.34756	0.25022	0.21689
0.33333	0.28892	0.18406
0.27	0.15326	0.11634
0.30488	0.16368	0.12225
0.13953	0.07428	0.03763
0.09524	0.04762	0.07277
0.13333	0.11398	0.12903
0.18841	0.14399	0.05195
0.14286	0.14286	0.0
0.27778	0.22672	0.17857
0.2125	0.12099	0.08904
0.24528	0.24528	0.20588
0.0	0.0	0.0
0.0	0.0	0.0
0.02564	0.02564	0.04167
0.92754	0.90417	0.93878
0.22222	0.22222	0.2
0.15385	0.10669	0.1815
0.36923	0.28291	0.28571
0.18182	0.16833	0.1936
0.17949	0.15797	0.10714
0.2809	0.23489	0.23484
0.16667	0.043	0.0
0.09677	0.02863	0.0363
0.30263	0.20628	0.18278
0.28125	0.28125	0.15385
0.15116	0.07391	0.04063
0.21429	0.09911	0.15391
0.53333	0.4796	0.5735
0.22995	0.15921	0.10975
0.25397	0.17128	0.08514
0.06667	0.05018	0.04193
0.04545	0.01173	0.01985
0.02778	0.02778	0.05
0.18367	0.09808	0.05544
0.1	0.1	0.06667
0.5	0.37779	0.23529
0.10256	0.06451	0.07692
0.03448	0.0089	0.0
0.12941	0.09375	0.10265
0.2	0.06777	0.10757
0.07143	0.07143	0.04545
0.12069	0.04784	0.06292
0.2	0.18173	0.19048
0.66667	0.44633	0.29971
0.41667	0.345	0.28648
0.33981	0.28155	0.28785
0.0	0.0	0.0
0.6	0.27753	0.3969
0.23288	0.22182	0.16833
0.31707	0.21874	0.16499
0.16667	0.16667	0.2
0.18325	0.13866	0.13185
1.19118	1.19118	1.0
0.25	0.21532	0.1742
0.06349	0.03789	0.0028
0.07937	0.04659	0.03461
0.2	0.1661	0.14286
0.6	0.60186	0.59279
0.09804	0.08349	0.06061
0.20192	0.17123	0.17775
0.21186	0.13314	0.10244
0.32075	0.18868	0.1622
0.16667	0.09573	0.08214
0.73333	0.34207	0.3678
0.18824	0.16851	0.09779
0.50943	0.43764	0.35865
0.36667	0.46667	0.52174
0.14286	0.09954	0.09091
0.25714	0.17789	0.16132
0.0	0.0	0.0
0.0	0.0	0.0
0.7	0.4661	0.39636
0.17241	0.11014	0.06272
0.20261	0.15307	0.11756
0.22059	0.18597	0.11225
0.15238	0.12043	0.11073
0.11688	0.07835	0.06395
0.53846	0.28046	0.3105
0.1746	0.09935	0.0676
0.23313	0.16724	0.15378
0.11364	0.07407	0.05736
0.06061	0.06061	0.05
0.25	0.13792	0.08604
0.26744	0.17706	0.13062
0.32727	0.21291	0.22397
0.2844	0.25185	0.16766
0.32051	0.18982	0.12561
0.14286	0.09217	0.05915
0.53333	0.1828	0.12609
0.0	0.0	0.0
0.17742	0.13215	0.10852
0.64286	0.47236	0.49771
0.1	0.1	0.05882
0.0	0.0	0.0
0.36559	0.33923	0.3128
0.04762	0.043	0.06667
0.37931	0.37931	0.5
0.18293	0.06415	0.07244
0.55556	0.37817	0.32029
0.28713	0.21688	0.19587
0.13636	0.13636	0.11111
0.13462	0.08563	0.08333
0.05769	0.02296	0.02754
0.28571	0.08757	0.1226
0.2	0.11212	0.09681
0.11475	0.08831	0.07692
0.31579	0.15453	0.20507
0.12346	0.07926	0.08469
0.0	0.0	0.0
0.31579	0.14774	0.17743
0.25	0.1694	0.2
0.35714	0.35021	0.212
0.15385	0.14142	0.17647
0.21739	0.15823	0.13968
0.22807	0.09679	0.08511
0.1	0.1	0.0
0.15385	0.09578	0.04762
0.17857	0.091	0.0842
0.2037	0.14188	0.11918
0.09836	0.03966	0.01985
0.0625	0.0625	0.06452
0.17526	0.11839	0.06954
0.25	0.13981	0.1226
0.6875	0.32462	0.36955
0.71795	0.402	0.3652
0.29193	0.24365	0.23595
0.27778	0.18891	0.13268
0.23684	0.21221	0.12035
0.41379	0.36266	0.3
0.22549	0.20003	0.17969
0.29	0.21615	0.17327
0.58974	0.31513	0.42452
0.30147	0.26639	0.21775
0.08	0.05032	0.03261
0.73333	0.73333	0.7
0.11594	0.0755	0.04488
0.2619	0.21507	0.10912
0.13208	0.11198	0.0905
0.25	0.20482	0.18355
0.31818	0.24559	0.23584
0.59259	0.638	0.7
0.13376	0.0639	0.07494
1.0	0.629	0.6774
0.05882	0.05882	0.04545
0.39655	0.35262	0.35314
0.1875	0.14248	0.0441
0.025	0.01693	0.02821
0.70588	0.61865	0.61025
0.16667	0.10217	0.09418
0.16364	0.122	0.16667
0.21053	0.17147	0.125
0.40278	0.31454	0.3212
0.10101	0.05768	0.0352
0.19048	0.19048	0.16667
0.0	0.0	0.0
0.58333	0.5038	0.47116
0.17647	0.05885	0.05779
0.18033	0.13433	0.08656
0.3	0.2398	0.14595
0.54054	0.52049	0.47146
0.27778	0.12128	0.11803
0.25225	0.20053	0.15504
0.13115	0.0788	0.05086
0.0	0.0	0.0
1.0	1.0	1.0
0.18033	0.11425	0.11803
0.13208	0.09128	0.09346
0.54839	0.44173	0.48964
0.20325	0.15473	0.12669
0.07273	0.04398	0.02778
0.22973	0.17175	0.13125
0.16279	0.08405	0.03944
1.0	0.656	0.5614
0.2037	0.12426	0.07233
0.11207	0.08399	0.07048
0.05	0.00887	0.00478
0.28205	0.17536	0.08688
0.14286	0.10343	0.09176
0.17582	0.15385	0.06239
0.15493	0.11448	0.05283
0.26087	0.14029	0.10265
0.76642	0.67603	0.6948
0.24138	0.13352	0.12905
0.27059	0.19621	0.15256
0.35985	0.25527	0.24225
0.28333	0.16238	0.20576
0.10577	0.06639	0.04603
0.44444	0.28678	0.0215
0.10127	0.0927	0.06042
0.11321	0.09921	0.10526
0.58824	0.51326	0.45032
0.2093	0.1373	0.16028
0.13043	0.06102	0.0489
0.42857	0.28571	0.1129
0.425	0.425	0.41379
0.22892	0.18033	0.15602
0.42857	0.42857	0.33333
0.2963	0.23178	0.21967
0.1	0.10325	0.125
0.33333	0.20256	0.04109
0.125	0.10384	0.11524
0.33333	0.29473	0.19662
0.10526	0.06621	0.07692
0.28571	0.28571	0.25
0.24528	0.20389	0.1887
0.25	0.18447	0.15853
0.34921	0.18486	0.18124
0.21739	0.21739	0.125
0.15686	0.07971	0.02773
0.17544	0.16865	0.16129
0.20833	0.14544	0.10497
0.45161	0.45161	0.5
0.46341	0.34227	0.27825
0.17361	0.13194	0.12591
0.21053	0.12563	0.18362
0.09091	0.09091	0.05556
0.22222	0.14957	0.13449
0.16993	0.14842	0.11104
0.0	0.0	0.0
0.26316	0.22411	0.25062
0.1087	0.0796	0.01957
0.02679	0.01354	0.0125
0.10606	0.08261	0.04051
0.41538	0.28216	0.2297
0.32353	0.23388	0.19827
0.44444	0.30467	0.15067
0.2963	0.2963	0.30303
0.13821	0.0855	0.07362
0.43478	0.34922	0.21409
0.0	0.0	0.0
0.33333	0.17557	0.13203
0.26316	0.22411	0.23077
0.25424	0.11758	0.14008
0.41611	0.24098	0.21095
0.16949	0.10551	0.09377
0.21429	0.11293	0.06456
0.37931	0.24094	0.19692
0.59259	0.57707	0.55148
0.5	0.34921	0.31135
0.42857	0.40719	0.38298
0.19231	0.19231	0.23529
0.0	0.0	0.0
0.175	0.1113	0.1
0.29474	0.21734	0.20415
0.49505	0.47685	0.45323
0.33981	0.26056	0.21588
0.28718	0.17073	0.14295
0.85714	0.34114	0.2985
0.0303	0.0303	0.02174
0.45455	0.27573	0.295
0.21053	0.12053	0.21657
0.07843	0.02024	0.0
0.53846	0.35238	0.22588
0.38462	0.34328	0.25916
1.0	1.0	1.0
0.54348	0.28476	0.20824
0.03571	0.00693	0.00924
0.18692	0.10612	0.06212
0.38182	0.25165	0.29403
0.29323	0.20495	0.11874
0.46667	0.25807	0.3548
0.58696	0.39628	0.38714
0.21552	0.19578	0.13798
0.125	0.0922	0.04334
0.22222	0.19856	0.13632
0.15152	0.13392	0.1374
0.33333	0.24097	0.1864
0.11628	0.05741	0.03737
0.2381	0.2381	0.26667
0.16279	0.10502	0.10181
0.52778	0.52958	0.47467
0.13889	0.1165	0.125
0.26389	0.20386	0.19027
0.1828	0.09054	0.06674
0.14754	0.10656	0.09715
0.5	0.5	0.4
0.33898	0.25044	0.24733
0.05263	0.05263	0.07692
0.0	0.0	0.0
0.27273	0.22622	0.19417
0.31169	0.27649	0.22855
0.28205	0.14559	0.13136
0.21053	0.14544	0.12195
0.02381	0.02381	0.0
0.0	0.0	0.0
0.3	0.14454	0.16861
0.31111	0.24802	0.11758
0.15517	0.09207	0.08553
0.03846	0.03846	0.0
0.2	0.2	0.21429
0.24561	0.13582	0.1251
0.29213	0.15626	0.13398
0.26623	0.1029	0.09024
0.21605	0.17483	0.12435
0.15068	0.15026	0.08511
0.58824	0.33971	0.3129
0.0	0.0	0.0
0.27586	0.14852	0.16468
0.22378	0.13694	0.12422
0.69231	0.69231	0.77778
0.22222	0.16844	0.20743
0.17391	0.12343	0.09881
0.48276	0.37376	0.29327
0.05	0.05	0.07692
0.37615	0.30307	0.22674
0.15152	0.15152	0.08696
0.35849	0.35849	0.36364
0.13953	0.0743	0.04346
0.12766	0.05834	0.04625
0.22222	0.06994	0.08333
0.28571	0.16094	0.10281
0.40698	0.35522	0.35185
0.13333	0.13333	0.08696
0.28	0.1497	0.09997
0.04938	0.03983	0.0625
0.20792	0.18397	0.19307
0.07826	0.06844	0.03614
0.0	0.0	0.0
0.12903	0.07597	0.05376
0.28	0.16128	0.14768
0.09091	0.09091	0.0
0.23913	0.20898	0.13889
0.78205	0.45046	0.44626
0.31915	0.26838	0.27925
0.59259	0.37398	0.30781
0.15909	0.12391	0.07836
0.28571	0.13458	0.17874
0.25	0.16006	0.12534
0.51163	0.2836	0.28753
0.32609	0.26015	0.178
0.2963	0.2963	0.15
0.45902	0.30993	0.30284
0.26582	0.26582	0.23636
0.35135	0.177	0.19231
0.33333	0.29316	0.22222
0.12712	0.04512	0.03149
0.28571	0.26805	0.23077
0.52778	0.45118	0.4486
0.20183	0.13527	0.11106
0.28571	0.18078	0.15907
0.54717	0.30251	0.19769
0.26471	0.26376	0.30563
0.12757	0.10965	0.08976
0.04688	0.03983	0.02564
0.2	0.16883	0.13636
0.03191	0.03191	0.0303
0.0625	0.0625	0.09091
0.12281	0.09565	0.08308
0.22124	0.15615	0.14424
0.31169	0.26981	0.22246
0.15625	0.08972	0.11367
0.28125	0.16131	0.13491
2.5	1.9195	3.258
1.2	0.7742	1.129
0.26	0.17808	0.13912
0.22078	0.16129	0.12281
0.11765	0.05976	0.06064
0.10526	0.08063	0.08871
0.32	0.271	0.13665
0.10526	0.04018	0.02273
0.10317	0.04864	0.03848
0.125	0.07589	0.06998
0.09091	0.06452	0.05376
0.13	0.09064	0.07271
0.15385	0.09111	0.07221
0.16438	0.09545	0.0834
0.07619	0.05408	0.04793
0.20611	0.10737	0.08568
0.30556	0.345	0.41593
0.07547	0.06147	0.03494
0.7	0.3807	0.37633
0.10345	0.10345	0.08333
0.21978	0.13824	0.10241
0.17431	0.11454	0.08532
0.8	0.342	0.66667
0.13187	0.11946	0.06557
0.11881	0.10062	0.06362
0.15385	0.12432	0.11131
0.06061	0.03812	0.03846
0.27027	0.1857	0.13646
0.15714	0.14654	0.1476
0.28571	0.18657	0.0
0.3038	0.22785	0.15184
0.25	0.16125	0.28225
0.07407	0.07167	0.06667
0.15657	0.11259	0.10227
0.34211	0.20827	0.17485
0.05769	0.03971	0.00159
0.25	0.19894	0.16301
0.08791	0.08011	0.07632
0.33929	0.23157	0.15999
0.2	0.10064	0.10526
0.36667	0.28335	0.24703
0.14286	0.03686	0.0258
0.3617	0.30543	0.26586
0.10112	0.06707	0.07235
0.30732	0.18918	0.1477
0.92	0.5522	0.53228
0.16471	0.13852	0.12128
0.19512	0.14556	0.15155
0.21053	0.13392	0.09506
0.625	0.33075	0.1775
0.36842	0.32597	0.27419
0.42857	0.23657	0.22814
0.08571	0.03963	0.00516
0.375	0.26481	0.22582
0.11429	0.07466	0.04348
0.13924	0.07678	0.06206
1.0	0.5808	0.81733
0.04	0.04	0.05714
0.08696	0.08696	0.09677
0.32857	0.24057	0.14324
0.34746	0.25835	0.24905
0.23529	0.08918	0.07692
0.04545	0.01173	0.01985
0.27885	0.17867	0.13179
0.425	0.425	0.38462
0.18478	0.13991	0.13005
0.25	0.1725	0.1758
0.12121	0.09873	0.09817
0.10256	0.04879	0.02764
0.15	0.1379	0.06788
0.15476	0.0891	0.10178
0.28662	0.1761	0.1818
0.10185	0.05168	0.03269
0.21053	0.09337	0.17971
0.10638	0.06932	0.04338
0.2963	0.28433	0.26316
0.18386	0.13989	0.10191
0.18803	0.13262	0.10565
0.68919	0.6347	0.62843
0.23404	0.13249	0.1623
0.2	0.15299	0.1139
0.02564	0.00662	0.0
0.30556	0.19533	0.1796
0.13889	0.13531	0.15596
0.26667	0.19498	0.17527
0.0	0.0	0.0
0.1371	0.1306	0.0927
0.0	0.0	0.0
0.15094	0.10287	0.12512
0.08955	0.0496	0.02437
0.2549	0.1828	0.10638
0.19608	0.15213	0.12037
0.42857	0.29957	0.23781
0.33333	0.18996	0.10529
0.20172	0.16087	0.1476
0.17188	0.07664	0.0932
0.16867	0.14225	0.0639
0.15385	0.15385	0.1
0.12791	0.09641	0.06905
0.11224	0.08359	0.0409
0.19588	0.14866	0.12402
0.3125	0.17641	0.14064
0.22222	0.11203	0.1226
0.47368	0.39221	0.371
0.2931	0.21414	0.17597
0.15789	0.13837	0.098
0.20968	0.15555	0.17949
0.1875	0.13171	0.12144
0.25	0.155	0.09032
0.47222	0.30022	0.21661
0.54545	0.34609	0.20433
0.0	0.0	0.0
0.35115	0.2827	0.20208
0.60465	0.5274	0.49008
0.28696	0.20926	0.18634
0.0	0.0	0.0
0.12195	0.10385	0.09091
0.08333	0.06077	0.01502
0.08824	0.03542	0.0166
0.48837	0.37774	0.3707
0.2	0.2	0.0
0.31707	0.1841	0.18626
0.09524	0.06757	0.04234
0.0	0.0	0.0
0.16071	0.13077	0.11429
0.27632	0.19767	0.17433
0.02941	0.02941	0.0
0.03846	0.02419	0.02632
0.53333	0.40867	0.3581
0.14545	0.05513	0.04762
0.04762	0.04762	0.07143
0.23377	0.14958	0.13678
0.21569	0.13788	0.08692
0.125	0.11341	0.12245
0.3578	0.32141	0.26749
0.12963	0.09976	0.11716
0.56	0.45936	0.33965
0.13043	0.07341	0.06578
0.18557	0.15033	0.12479
0.12903	0.09677	0.1
0.20339	0.18536	0.16046
0.29787	0.25511	0.20775
0.14894	0.09231	0.05645
0.17857	0.12325	0.09524
0.37879	0.25856	0.17052
0.73684	0.65537	0.7
0.36667	0.23603	0.21695
0.23944	0.16583	0.14277
0.45	0.40968	0.41379
0.36709	0.28463	0.26117
0.21014	0.15522	0.14738
0.05286	0.03268	0.03247
0.21472	0.15834	0.14367
0.26667	0.26233	0.08333
0.37838	0.21449	0.12904
0.17073	0.12983	0.1051
0.17647	0.1091	0.0724
0.44	0.28904	0.28179
0.23438	0.15927	0.14328
0.14667	0.07571	0.06849
0.13333	0.10647	0.09973
0.41667	0.31046	0.25806
0.15625	0.15625	0.09091
0.21591	0.1679	0.15475
0.32609	0.23109	0.15917
0.09375	0.08736	0.09677
0.25806	0.20084	0.22727
0.0	0.0	0.0
0.31522	0.21635	0.13442
0.23529	0.17932	0.20507
0.18367	0.11872	0.0891
0.13816	0.12245	0.08571
0.14504	0.10958	0.0871
0.21053	0.21053	0.13333
0.31034	0.21583	0.12748
0.27717	0.18936	0.14519
0.12245	0.12245	0.09375
0.05	0.05	0.07692
0.09756	0.05666	0.07375
0.29921	0.17402	0.09832
0.52941	0.23912	0.20167
0.3617	0.28002	0.15085
0.15385	0.134	0.0
0.25	0.0995	0.14286
0.5	0.36696	0.27329
0.03571	0.03571	0.0
0.17143	0.10414	0.1085
0.5098	0.48609	0.43173
0.74074	0.44691	0.40459
0.08333	0.07929	0.14286
0.02439	0.00629	0.0
0.16667	0.07812	0.05517
0.75	0.75	0.66667
0.22857	0.17419	0.07713
0.05556	0.05556	0.08333
0.8	0.342	0.66667
1.0	0.4968	0.67733
0.24224	0.1595	0.13778
0.23684	0.13328	0.1465
0.15	0.15	0.18519
0.51613	0.38606	0.28678
0.08824	0.04364	0.02655
0.16216	0.1273	0.09142
0.27273	0.27273	0.23333
0.53846	0.36727	0.28471
0.37037	0.20315	0.09106
0.12319	0.08368	0.03332
0.33333	0.33333	0.2
0.05128	0.04178	0.01887
0.36667	0.26453	0.20459
0.26667	0.2086	0.17742
0.28	0.22968	0.24618
0.19565	0.10311	0.10217
0.05172	0.05172	0.05405
0.41176	0.30365	0.18817
0.03125	0.03125	0.04762
0.14286	0.14286	0.0
0.16667	0.043	0.0
0.07609	0.02034	0.00497
0.26623	0.26623	0.23839
0.17757	0.11969	0.09587
0.10714	0.06299	0.08231
0.2037	0.15801	0.15303
0.38889	0.30914	0.28358
0.08065	0.06868	0.04545
0.22222	0.1444	0.0914
0.44444	0.37756	0.25805
0.0	0.0	0.0
0.04348	0.01122	0.0
0.12766	0.0803	0.03226
0.08824	0.02276	0.01173
0.12903	0.05516	0.09091
0.13793	0.10623	0.09903
0.3	0.2097	0.17742
0.17647	0.13474	0.06096
0.0	0.0	0.0
0.16	0.10322	0.06293
0.25532	0.19217	0.10491
0.01754	0.00226	0.0
0.8	0.342	0.66667
0.22222	0.15463	0.12228
0.21212	0.18964	0.15
0.2875	0.21532	0.24133
0.24444	0.16631	0.08994
0.33333	0.27321	0.22015
0.0	0.0	0.0
0.15094	0.15094	0.13158
0.31034	0.22469	0.2
0.13889	0.09589	0.13636
0.12727	0.10793	0.06287
0.22727	0.18182	0.2
0.16901	0.13356	0.08322
0.22727	0.19355	0.125
0.12987	0.12987	0.125
0.34568	0.29152	0.27598
0.88235	0.60912	0.63136
0.07143	0.07143	0.09091
0.31429	0.15763	0.12626
0.23077	0.1334	0.08916
0.03774	0.03774	0.05263
0.33333	0.26617	0.20164
0.03448	0.0089	0.0
0.23077	0.22577	0.25
0.25	0.25	0.26087
0.4	0.1807	0.07371
0.24691	0.17446	0.11322
0.0	0.0	0.0
0.0625	0.0625	0.0
0.2973	0.15608	0.20386
0.03448	0.0089	0.0
0.44444	0.19	0.4
0.26667	0.03873	0.02055
0.25333	0.12735	0.06335
0.32258	0.16448	0.16135
0.14474	0.11417	0.07742
0.78788	0.78788	0.8
0.10526	0.10526	0.06667
0.19048	0.1751	0.15385
0.075	0.0621	0.053
0.21302	0.16302	0.13873
0.41304	0.27983	0.25016
0.16234	0.10894	0.07689
0.21918	0.12462	0.07732
0.1	0.0129	0.01843
0.11561	0.08447	0.07566
0.14706	0.08062	0.09032
0.45	0.17226	0.20194
0.33058	0.23994	0.20878
0.17241	0.17241	0.16667
0.48649	0.37665	0.31843
0.12195	0.08261	0.05335
0.05714	0.05714	0.0
0.5	0.5	0.4
0.24364	0.17961	0.14593
0.2439	0.2439	0.16667
0.22727	0.1533	0.12776
0.05512	0.03505	0.03448
0.4375	0.39112	0.362
0.0	0.0	0.0
0.33333	0.18878	0.1875
0.31034	0.17798	0.23365
0.02632	0.00679	0.0
0.10714	0.04034	0.02754
0.2766	0.19491	0.12144
0.77778	0.91756	1.16667
0.19277	0.13604	0.10485
0.23457	0.18321	0.10753
0.28261	0.22791	0.25252
0.36	0.25552	0.2065
0.11111	0.049	0.00325
0.17857	0.14954	0.10777
0.14286	0.11175	0.1
0.17647	0.08604	0.09126
0.19084	0.14873	0.14349
0.11765	0.07782	0.08333
0.03704	0.03704	0.02564
0.32203	0.26083	0.26347
0.18182	0.1305	0.1505
0.81818	0.75955	0.62214
0.19626	0.12634	0.11219
0.04286	0.04286	0.06667
0.35484	0.16237	0.11208
0.64286	0.48621	0.48389
0.46667	0.228	0.20236
0.91667	1.25	1.1
0.45833	0.328	0.19156
0.1087	0.0603	0.01779
0.18349	0.12904	0.07097
0.13333	0.11852	0.11536
0.12037	0.08603	0.09469
0.18935	0.13496	0.10033
0.21951	0.21951	0.14286
0.0597	0.0467	0.01136
0.26154	0.15858	0.14463
0.15625	0.10988	0.09524
0.625	0.37912	0.242
0.15385	0.15385	0.21053
0.23288	0.16926	0.111
0.23636	0.17715	0.17511
0.10256	0.08271	0.03827
0.38462	0.22585	0.17009
0.41667	0.25487	0.22349
0.15517	0.11569	0.06809
0.06897	0.06897	0.05172
0.04762	0.00614	0.0086
0.10417	0.05746	0.03872
0.2	0.17313	0.11547
0.38889	0.27156	0.30439
0.21053	0.19225	0.14286
0.225	0.1879	0.12204
0.16667	0.15233	0.08333
0.12844	0.08317	0.04404
0.1087	0.08064	0.06414
0.2381	0.11981	0.14286
0.25269	0.20674	0.20304
0.24051	0.13925	0.10409
0.13889	0.13889	0.16667
0.28906	0.19055	0.18614
0.12821	0.09885	0.06638
0.19118	0.11979	0.12468
0.25	0.25	0.2
0.30108	0.27749	0.20351
0.23529	0.23529	0.18182
0.27586	0.24084	0.15346
0.0641	0.04424	0.0339
0.36667	0.16563	0.22145
0.0	0.0	0.0
0.09524	0.07757	0.0
0.04348	0.04254	0.05882
0.25352	0.21262	0.10638
0.17822	0.15172	0.14176
0.3	0.2097	0.26075
0.34965	0.29553	0.2763
0.125	0.125	0.16667
0.31313	0.26852	0.19009
0.11364	0.08943	0.11111
0.21277	0.17296	0.12177
0.36559	0.28342	0.2348
0.1875	0.18144	0.28571
0.23404	0.17296	0.14987
0.12329	0.09545	0.056
0.46429	0.2385	0.22388
0.32143	0.25925	0.30553
0.26316	0.11211	0.11825
0.22222	0.16967	0.1229
0.12	0.10388	0.09679
0.05634	0.04589	0.02
0.34043	0.26702	0.25606
0.27778	0.36111	0.42857
0.20192	0.17152	0.11268
0.06897	0.05395	0.03051
0.01266	0.01348	0.01818
0.09565	0.08697	0.0618
0.48571	0.412	0.41819
0.58333	0.37108	0.3194
0.28302	0.25381	0.21563
0.39394	0.2757	0.22877
0.48	0.40644	0.32426
0.48485	0.35488	0.37771
0.16901	0.12401	0.08234
0.8	0.342	0.66667
0.09375	0.04638	0.0617
0.14286	0.10752	0.0
0.20482	0.16673	0.13872
0.13043	0.13043	0.17647
0.37037	0.18996	0.27046
0.0	0.0	0.0
0.3	0.27957	0.29495
0.06557	0.0148	0.00331
0.13043	0.05575	0.03971
0.42857	0.26271	0.1258
0.0	0.0	0.0
0.06667	0.04193	0.05
0.67188	0.5222	0.53116
0.21429	0.21429	0.16
0.125	0.11394	0.06309
0.31818	0.30352	0.26952
0.09	0.09	0.05714
0.29167	0.21238	0.18218
0.16	0.12733	0.08483
0.21127	0.14311	0.0913
0.23179	0.13651	0.10824
0.12903	0.05723	0.06309
0.53333	0.32473	0.30162
0.66667	0.45314	0.37329
0.03571	0.03571	0.0
0.2043	0.1599	0.12308
0.42857	0.37786	0.25
0.43478	0.43478	0.5
0.08642	0.0673	0.03774
0.32203	0.23673	0.16705
0.10345	0.06672	0.07291
0.07143	0.07143	0.04255
0.14286	0.08986	0.0
0.52941	0.29703	0.2371
0.21229	0.16401	0.13437
0.4898	0.4451	0.36526
1.5	0.8225	1.258
0.125	0.09907	0.036
0.21053	0.16054	0.14396
0.14	0.08968	0.069
0.56757	0.28949	0.27564
0.23077	0.23077	0.11765
1.04412	1.01754	0.84137
0.8	0.342	0.66667
0.51724	0.28259	0.13367
0.30357	0.24943	0.22914
0.08889	0.0724	0.0
0.53846	0.16138	0.24378
0.36667	0.26775	0.20185
0.63043	0.49443	0.509
0.1	0.1	0.125
0.71429	0.54843	0.4323
0.19355	0.09573	0.04951
0.10577	0.05399	0.05312
0.14062	0.14062	0.14634
0.30233	0.18307	0.10284
0.07576	0.06208	0.07045
0.47059	0.43074	0.49791
0.37037	0.29152	0.17265
0.30263	0.27208	0.22845
0.20492	0.14595	0.12979
0.24138	0.15462	0.05605
0.15385	0.12035	0.11205
0.43421	0.29884	0.22153
0.20915	0.12694	0.10443
0.23762	0.19802	0.18774
0.02778	0.02778	0.05
0.25352	0.18492	0.16445
0.14013	0.11445	0.08468
0.21429	0.21429	0.25
0.25532	0.2107	0.14706
0.44444	0.19	0.4
0.18817	0.14396	0.13662
0.81081	0.54759	0.61022
0.30488	0.24157	0.20705
0.15574	0.10339	0.04756
0.08333	0.08333	0.0
0.25758	0.13589	0.13579
0.71429	0.17986	0.1615
0.51613	0.45784	0.35943
0.08824	0.06829	0.08333
0.08451	0.07497	0.0294
0.18868	0.10653	0.07662
0.25	0.10688	0.2
0.20513	0.20513	0.20833
0.22835	0.15952	0.1073
0.07143	0.07143	0.05556
0.0	0.0	0.0
0.45714	0.177	0.14814
0.16327	0.10271	0.04941
0.09756	0.09756	0.0
0.15152	0.10461	0.05752
0.1375	0.1254	0.06897
0.13208	0.10042	0.07284
0.0	0.0	0.0
0.1634	0.10353	0.07505
0.11765	0.09488	0.05872
0.18391	0.12794	0.10457
0.0	0.0	0.0
0.8	0.432	0.35467
0.8	0.342	0.66667
0.44444	0.41219	0.35645
0.26994	0.20345	0.15826
0.8	0.342	0.66667
0.19577	0.13315	0.09779
0.35714	0.35714	0.375
0.14286	0.14286	0.16667
0.05556	0.05556	0.0
0.18519	0.1574	0.13978
0.85714	0.53	0.4355
0.11278	0.07107	0.06775
0.21176	0.17534	0.10608
0.0	0.0	0.0
0.13265	0.06978	0.05855
0.21053	0.08832	0.03223
0.15625	0.06756	0.01909
0.02439	0.02439	0.0303
0.08475	0.02898	0.02754
0.40816	0.29102	0.19143
0.22	0.16712	0.15152
0.25	0.17533	0.09033
0.10345	0.06228	0.03504
0.20588	0.16794	0.14809
0.06742	0.02901	0.03442
0.23636	0.20998	0.17063
0.23239	0.20354	0.20055
0.07692	0.0401	0.02516
0.07463	0.05152	0.027
0.24324	0.21446	0.20846
0.24771	0.17905	0.11183
0.39512	0.34478	0.3233
0.28571	0.19406	0.15976
0.13793	0.10402	0.11508
0.22115	0.14672	0.08086
0.23529	0.23529	0.07692
0.30719	0.16071	0.11985
0.10417	0.08469	0.09887
0.23529	0.15055	0.12715
0.10968	0.08948	0.06753
0.25641	0.15967	0.08604
0.27273	0.11736	0.13635
0.15	0.13657	0.10587
1.5	0.9675	2.258
0.32353	0.20968	0.15862
0.11111	0.08346	0.06451
0.35	0.1404	0.09085
0.04762	0.04762	0.03448
0.41379	0.2281	0.1859
0.28431	0.2097	0.17236
0.14286	0.10808	0.09613
0.26761	0.19976	0.19154
0.35616	0.27175	0.22046
0.14403	0.1297	0.11253
0.13208	0.09434	0.03038
0.0	0.0	0.0
0.04	0.0374	0.05
0.12	0.09032	0.03594
0.36667	0.23067	0.22995
0.5	0.46292	0.43216
0.30137	0.22493	0.18565
0.17391	0.08067	0.06883
0.38462	0.26427	0.18029
0.26667	0.26667	0.25
0.32	0.22776	0.20588
0.08235	0.07096	0.08231
0.38462	0.38462	0.375
0.30769	0.30441	0.2242
0.11111	0.11111	0.0
0.07143	0.04561	0.04545
0.14286	0.20964	0.25
0.2449	0.13365	0.16431
0.21875	0.20262	0.35
0.26144	0.17563	0.18595
0.37273	0.3047	0.28565
0.23404	0.1764	0.10707
0.0	0.0	0.0
0.17708	0.14381	0.10139
0.13333	0.1086	0.0
0.05674	0.05011	0.06186
0.125	0.10384	0.05
0.54545	0.393	0.17738
0.0	0.0	0.0
0.3871	0.31945	0.298
0.13043	0.09491	0.08033
0.38462	0.263	0.29424
0.08108	0.02703	0.04096
0.25806	0.25806	0.2381
0.35135	0.28946	0.33604
0.13861	0.08146	0.09915
0.0	0.0	0.0
0.06452	0.04058	0.04348
0.23577	0.14767	0.11926
0.23457	0.22163	0.21593
0.12844	0.09293	0.04407
0.25	0.20362	0.09091
0.0	0.0	0.0
0.27536	0.14167	0.17322
0.15385	0.15385	0.14286
0.28571	0.28571	0.25
0.55357	0.54609	0.54245
0.1	0.0742	0.04532
0.08824	0.06009	0.05
0.08333	0.08333	0.0
0.10811	0.04795	0.04167
0.29412	0.19547	0.1475
0.14074	0.12927	0.12258
0.07317	0.07317	0.06452
0.20833	0.17071	0.22367
0.08	0.08	0.0
0.13793	0.089	0.07529
0.34375	0.28731	0.27859
0.28261	0.30926	0.29656
0.13889	0.12395	0.05815
0.55556	0.48569	0.47619
0.14286	0.14286	0.0
0.58824	0.49335	0.4
0.63636	0.43991	0.42844
0.09677	0.07284	0.0
0.05455	0.05455	0.04054
0.29464	0.19243	0.10386
0.16667	0.11896	0.13793
0.06923	0.04392	0.02247
0.24444	0.20718	0.21077
0.03846	0.03846	0.05263
0.76471	0.76471	0.70833
0.24561	0.18658	0.134
0.1746	0.15105	0.08889
0.19178	0.14142	0.08518
0.07143	0.07143	0.09091
0.14286	0.11244	0.12902
0.07547	0.03347	0.03448
0.83333	0.75719	0.63646
0.42553	0.32123	0.26416
0.43478	0.25317	0.2484
0.12	0.12516	0.11429
0.26531	0.21024	0.17729
0.19277	0.14341	0.11751
0.14493	0.11734	0.09867
0.31731	0.23885	0.17085
0.53846	0.25315	0.32262
0.35714	0.24195	0.16415
0.22222	0.22222	0.2
0.17978	0.14789	0.14993
0.17544	0.16074	0.07471
0.26316	0.18847	0.03418
0.275	0.1605	0.11828
0.2	0.175	0.11538
0.75	0.66925	0.5
0.9	0.7581	0.7205
0.28571	0.16129	0.0215
0.21277	0.15923	0.11018
0.17391	0.14165	0.0625
0.38136	0.26275	0.21776
0.27778	0.27083	0.22581
0.15758	0.11339	0.0917
0.11111	0.11111	0.14286
0.61538	0.34238	0.25
0.11628	0.09902	0.07407
0.21429	0.19471	0.27778
0.34483	0.32152	0.29037
0.2	0.11615	0.08986
0.2234	0.16199	0.15838
0.08333	0.06451	0.07407
0.13793	0.13793	0.141
0.05556	0.05556	0.0
0.24	0.1555	0.10486
0.34146	0.23211	0.17744
0.18939	0.15224	0.11728
0.22936	0.16898	0.1037
0.11765	0.10674	0.0625
0.35135	0.21797	0.11226
0.45455	0.305	0.26612
0.23684	0.12437	0.09412
0.20833	0.10217	0.13767
0.2029	0.19028	0.12508
0.15686	0.14231	0.11429
0.31707	0.22424	0.15872
0.0	0.0	0.0
0.26702	0.2106	0.20594
0.5	0.30722	0.28369
0.65517	0.39272	0.36414
0.57143	0.447	0.53225
0.29032	0.20397	0.21642
0.05376	0.04682	0.02662
0.5	0.36567	0.2323
0.46939	0.21008	0.2151
0.175	0.11775	0.13333
0.36364	0.24636	0.258
0.08696	0.07083	0.06667
0.0641	0.02233	0.01923
0.13483	0.07975	0.08475
0.32143	0.23046	0.17028
1.0	0.59489	0.8838
0.45455	0.40473	0.33333
0.13793	0.10234	0.0726
0.13793	0.06064	0.01613
0.34783	0.3317	0.28571
0.23256	0.13509	0.12203
0.11765	0.09015	0.05263
0.23853	0.15214	0.15256
0.07692	0.06265	0.05263
0.15385	0.15385	0.1
0.17808	0.08796	0.06102
0.11765	0.07173	0.05729
0.2623	0.2348	0.20779
0.14118	0.08275	0.06395
0.17857	0.11661	0.0864
0.41379	0.27809	0.16489
0.26087	0.19171	0.14237
0.36667	0.22048	0.11664
0.11111	0.06333	0.03381
0.12821	0.09019	0.04992
0.22807	0.18677	0.14069
0.18182	0.17741	0.07224
0.25926	0.21326	0.18573
0.03333	0.03333	0.04762
0.34375	0.12803	0.15545
0.22414	0.22191	0.18421
0.02703	0.02703	0.03846
0.15556	0.1362	0.16028
0.10227	0.07039	0.04431
0.14706	0.11147	0.05904
0.22807	0.12905	0.14146
0.11765	0.11765	0.09091
0.06977	0.051	0.03812
0.0	0.0	0.0
0.47826	0.37026	0.24288
0.09211	0.08192	0.07692
0.0	0.0	0.0
1.0	0.656	1.0644
0.25862	0.23526	0.19671
0.04167	0.01075	0.0
0.325	0.28593	0.31081
0.29167	0.18999	0.19009
0.2973	0.16828	0.17524
0.24	0.17445	0.12346
0.34483	0.23252	0.19356
0.38596	0.31467	0.23411
0.8	0.342	0.66667
0.0	0.0	0.0
0.38636	0.26468	0.16758
0.25974	0.16129	0.11255
0.12903	0.0999	0.06014
0.35714	0.21491	0.17744
0.32075	0.20634	0.14563
0.18182	0.14811	0.11011
0.27273	0.1396	0.13685
0.13253	0.08629	0.09018
0.31915	0.22308	0.15642
0.16514	0.16987	0.15783
0.5	0.31006	0.2043
0.21429	0.18617	0.22642
0.09559	0.0574	0.05654
0.0	0.0	0.0
0.3125	0.27825	0.24196
0.11765	0.11765	0.08333
0.20468	0.15395	0.11034
0.71429	0.71429	0.57143
0.63636	0.42227	0.26333
0.29885	0.15314	0.20133
0.29231	0.21342	0.13671
0.1	0.09072	0.08
0.34783	0.33378	0.33869
0.30303	0.21875	0.20217
0.6875	0.64112	0.58422
0.63303	0.40637	0.35759
0.11111	0.05467	0.0
0.18269	0.12532	0.093
0.12782	0.11423	0.09913
0.06667	0.06667	0.0
0.275	0.21692	0.18513
0.10377	0.09586	0.12
0.30189	0.24532	0.22181
0.31373	0.2562	0.17487
0.09357	0.06301	0.04439
0.15957	0.11083	0.0625
0.31373	0.24922	0.16847
0.09804	0.06578	0.06452
0.32468	0.27525	0.25069
0.14667	0.14667	0.08333
0.14583	0.10585	0.11032
0.34483	0.24725	0.20754
0.10119	0.07258	0.0492
0.42857	0.2385	0.15411
0.0	0.0	0.0
0.0	0.0	0.0
0.04478	0.04478	0.02174
0.16	0.0658	0.00921
0.22826	0.14798	0.13753
0.17347	0.12082	0.09778
0.0	0.0	0.0
0.28571	0.21773	0.17208
0.92308	0.74692	0.78225
0.14286	0.07651	0.0813
0.18072	0.14808	0.12958
0.1	0.07743	0.10526
0.20588	0.16509	0.08346
0.1	0.08871	0.08
0.24138	0.24138	0.21622
0.18571	0.14424	0.09032
0.10256	0.09388	0.07843
0.33333	0.33333	0.0
0.41379	0.22917	0.21264
0.21818	0.12318	0.1014
0.18232	0.14544	0.09222
0.09091	0.02345	0.0
0.5	0.4216	0.37484
0.46667	0.22807	0.19364
0.04839	0.01248	0.0
0.04444	0.04444	0.03448
0.25	0.19518	0.18712
0.1087	0.09046	0.09091
0.13333	0.057	0.09091
0.18812	0.13638	0.12682
0.22561	0.14754	0.12617
0.10526	0.10526	0.18182
0.20548	0.14229	0.10552
0.38636	0.35266	0.25252
0.175	0.13547	0.12307
0.5	0.46627	0.5
0.17647	0.07071	0.02174
0.16129	0.12141	0.11195
0.3913	0.15009	0.22771
0.168	0.11588	0.09453
0.54167	0.49462	0.6
0.19231	0.14021	0.11491
0.13793	0.13793	0.15789
0.03704	0.03704	0.04762
0.29032	0.26016	0.27568
0.16667	0.15322	0.11111
0.06509	0.04753	0.0531
0.22222	0.22222	0.16667
0.07692	0.04917	0.03976
0.24074	0.19474	0.09996
0.0	0.0	0.0
0.1982	0.16623	0.13125
0.26667	0.15053	0.19356
0.12791	0.06827	0.0629
2.0	2.0	2.0
0.14516	0.12123	0.05128
1.5	1.5	1.0
0.1	0.1	0.09524
0.8	0.4452	0.66667
0.20833	0.14383	0.11094
0.375	0.27019	0.19359
0.38889	0.21867	0.25343
0.46	0.26712	0.21072
0.24242	0.09582	0.10645
0.17073	0.12983	0.1051
0.375	0.375	0.375
0.17241	0.15795	0.13514
0.54545	0.46484	0.4826
0.28302	0.21487	0.09109
0.03226	0.03226	0.0
0.0	0.0	0.0
0.17284	0.16368	0.13725
0.70455	0.71702	0.7149
0.5	0.46415	0.39469
0.08929	0.04839	0.08571
0.35294	0.22585	0.20789
