0.0122	0.0122	0.01923
0.11475	0.08831	0.07692
0.22222	0.11289	0.13646
0.0241	0.0241	0.0
0.5	0.5	0.5645
0.05556	0.05556	0.08333
0.0	0.0	0.0
0.28571	0.28571	0.25
0.15385	0.14142	0.17647
0.06897	0.03255	0.03034
0.05556	0.04063	0.00554
0.1	0.1	0.0
0.01538	0.01538	0.0
0.10714	0.07257	0.0842
0.16071	0.10542	0.08893
0.0	0.0	0.0
0.0625	0.0625	0.06452
0.14	0.1184	0.06895
0.08571	0.08571	0.04348
0.1875	0.14712	0.125
0.66667	0.47644	0.39196
0.18367	0.16019	0.16618
0.11765	0.09336	0.07064
0.09091	0.08894	0.04167
0.33333	0.33333	0.3
0.15979	0.15214	0.15591
0.13542	0.12836	0.12121
0.48718	0.35818	0.41104
0.27737	0.25031	0.21221
0.0068	0.0068	0.0
0.73333	0.73333	0.7
0.0	0.0	0.0
0.16667	0.14902	0.06648
0.07407	0.05556	0.06278
0.12766	0.12353	0.10448
0.23016	0.19021	0.19089
0.25	0.25	0.28571
0.0	0.0	0.0
1.0	0.61275	0.629
0.0	0.0	0.0
0.11628	0.11628	0.11111
0.08163	0.06782	0.01042
0.0	0.0	0.0
0.70588	0.61865	0.61025
0.10465	0.06153	0.04703
0.0	0.0	0.0
0.0	0.0	0.0
0.27273	0.23608	0.28152
0.07071	0.05246	0.03129
0.19048	0.19048	0.16667
0.0	0.0	0.0
0.58065	0.51305	0.48025
0.0303	0.00782	0.01122
0.09836	0.06452	0.06295
0.29032	0.26223	0.14286
0.54054	0.52049	0.45032
0.17308	0.11038	0.06542
0.23214	0.18175	0.14232
0.04959	0.0296	0.02488
0.0	0.0	0.0
1.0	1.0	1.0
0.0339	0.035	0.05405
0.11321	0.08398	0.09346
0.51613	0.43132	0.48536
0.15517	0.10873	0.08509
0.07273	0.04398	0.02778
0.06618	0.05218	0.0228
0.0	0.0	0.0
1.5	1.1695	1.4675
0.0	0.0	0.0
0.0137	0.00663	0.00174
0.13158	0.06708	0.04342
0.23077	0.14477	0.05036
0.11111	0.08449	0.07111
0.13483	0.12504	0.06882
0.125	0.09678	0.04704
0.09774	0.07591	0.03788
0.33333	0.22582	0.1409
0.3	0.18173	0.13753
0.23256	0.17931	0.14864
0.20076	0.18646	0.15504
0.2	0.13765	0.15681
0.00952	0.01014	0.01471
0.44444	0.28678	0.0215
0.01389	0.00449	0.00621
0.0	0.0	0.0
0.48485	0.48288	0.3913
0.04444	0.03871	0.06061
0.13043	0.06102	0.0489
0.23529	0.15365	0.1129
0.5	0.4739	0.41379
0.11268	0.11268	0.12116
0.11111	0.11111	0.14286
0.25	0.18275	0.11765
0.0	0.0	0.0
0.29412	0.17459	0.04109
0.0303	0.0303	0.04348
0.21212	0.20283	0.14593
0.0	0.0	0.0
0.28571	0.28571	0.25
0.11321	0.11625	0.132
0.17391	0.12623	0.1058
0.28125	0.14267	0.12541
0.0	0.0	0.0
0.09804	0.05155	0.02955
0.10909	0.09209	0.07662
0.09583	0.08615	0.0797
0.0	0.0	0.0
0.36585	0.3281	0.30717
0.13699	0.12175	0.09783
0.15	0.1629	0.23271
0.0	0.0	0.0
0.12766	0.11188	0.09315
0.07362	0.07164	0.05044
0.0	0.0	0.0
0.13636	0.14809	0.2172
0.0	0.0	0.0
0.00893	0.00893	0.0125
0.10938	0.04234	0.0637
0.23704	0.15653	0.12051
0.14865	0.12076	0.08822
0.44444	0.30467	0.15067
0.32143	0.32143	0.32353
0.00794	0.00794	0.01163
0.29167	0.2715	0.13975
0.0	0.0	0.0
0.1828	0.1516	0.12606
0.0	0.0	0.0
0.2069	0.09347	0.11684
0.42759	0.25008	0.19723
0.13333	0.10053	0.09377
0.21429	0.11293	0.06456
0.09859	0.09246	0.08602
0.55556	0.55556	0.52381
0.21212	0.14664	0.08448
0.30769	0.29378	0.275
0.0	0.0	0.0
0.0	0.0	0.0
0.02564	0.02564	0.03571
0.1573	0.12542	0.12216
0.44086	0.42214	0.375
0.30392	0.24003	0.19312
0.12308	0.09232	0.07215
0.375	0.375	0.4
0.0	0.0	0.0
0.23077	0.16377	0.1
0.10526	0.10526	0.08333
0.0	0.0	0.0
0.07143	0.07143	0.11111
0.25	0.21072	0.13985
1.0	1.0	1.0
0.4	0.2832	0.17341
0.03571	0.00693	0.00924
0.01905	0.0126	0.01917
0.28	0.2368	0.21675
0.10145	0.08088	0.03033
0.0	0.0	0.0
0.45455	0.35925	0.35714
0.14286	0.13304	0.08272
0.10909	0.07569	0.04334
0.0	0.0	0.0
0.10429	0.0948	0.09136
0.28788	0.23852	0.15484
0.09877	0.08722	0.05676
0.2381	0.2381	0.21429
0.07143	0.07143	0.06452
0.45455	0.45455	0.42857
0.02703	0.02703	0.0
0.14516	0.10927	0.06452
0.05618	0.04965	0.04244
0.0084	0.0084	0.0119
0.5	0.5	0.4
0.25455	0.18771	0.20648
0.05263	0.05263	0.07692
0.0	0.0	0.0
0.19718	0.15721	0.12839
0.16923	0.12755	0.1468
0.18421	0.10697	0.04096
0.0	0.0	0.0
0.0	0.0	0.0
0.0	0.0	0.0
0.25	0.17344	0.14344
0.23913	0.20687	0.13306
0.11504	0.07823	0.06139
0.0	0.0	0.0
0.0	0.0	0.0
0.0	0.0	0.0
0.17045	0.12537	0.08718
0.05229	0.04301	0.01581
0.1761	0.14466	0.11
0.15278	0.12501	0.0699
0.27778	0.224	0.12318
0.0	0.0	0.0
0.0	0.0	0.0
0.09028	0.05444	0.04518
0.69231	0.69231	0.77778
0.0	0.0	0.0
0.09524	0.09524	0.07143
0.5	0.39636	0.28729
0.15447	0.14424	0.12437
0.0	0.0	0.0
0.11765	0.11765	0.11111
0.02128	0.02128	0.01695
0.0	0.0	0.0
0.06452	0.06452	0.05556
0.13333	0.11344	0.11688
0.05	0.04194	0.01706
0.24194	0.17587	0.10844
0.15909	0.14773	0.08123
0.17778	0.14051	0.07494
0.09479	0.0905	0.05385
0.2	0.2	0.2
0.07377	0.06716	0.0604
0.25532	0.19562	0.09981
0.09524	0.09524	0.06667
0.05	0.05	0.02985
0.2	0.14068	0.1475
0.05263	0.05263	0.0
0.58333	0.406	0.26889
0.09836	0.08938	0.0598
0.25926	0.25926	0.27778
0.0	0.0	0.0
0.45455	0.34168	0.22582
0.23438	0.22077	0.19268
0.11765	0.10247	0.0
0.02564	0.02564	0.0
0.13605	0.11631	0.116
0.064	0.0609	0.03571
0.08333	0.08333	0.125
0.0	0.0	0.0
0.26154	0.21292	0.14624
0.0	0.0	0.0
0.0	0.0	0.0
0.03448	0.01559	0.0
0.05208	0.05208	0.07463
0.10067	0.08357	0.07285
0.03247	0.03247	0.03125
0.02899	0.02899	0.02041
0.05263	0.05263	0.09091
0.12903	0.10406	0.1
0.15432	0.12685	0.08573
0.29897	0.24542	0.16322
0.2126	0.12728	0.11255
0.34483	0.34483	0.22222
0.08861	0.06125	0.04228
0.04082	0.04082	0.03125
0.07317	0.03227	0.04167
0.0	0.0	0.0
0.0	0.0	0.0
0.44444	0.29274	0.33161
0.25301	0.16636	0.10377
0.2963	0.2963	0.2
0.0	0.0	0.0
0.0	0.0	0.0
0.1875	0.12096	0.08387
0.08333	0.07494	0.06553
0.18182	0.10264	0.09539
0.10169	0.07985	0.09947
0.07692	0.06651	0.05808
0.09804	0.09804	0.125
0.01786	0.01786	0.02381
0.28571	0.19662	0.2
0.2069	0.13793	0.0597
0.22152	0.19029	0.19852
0.04762	0.02536	0.02134
0.10959	0.08044	0.0463
0.2069	0.12903	0.12214
0.1087	0.09152	0.06745
0.15116	0.13842	0.09233
0.1875	0.10081	0.1355
0.0915	0.08603	0.08065
0.0	0.0	0.0
0.02564	0.02564	0.0
0.12766	0.10913	0.09375
0.1	0.1	0.14286
0.44444	0.42174	0.37532
0.22222	0.18189	0.14309
0.125	0.09275	0.04033
0.10204	0.09184	0.04302
0.0	0.0	0.0
0.11111	0.11111	0.03704
1.0	0.65725	0.597
0.23684	0.18	0.11792
0.2619	0.22581	0.22708
0.14634	0.1082	0.10255
0.21154	0.19913	0.21632
0.05882	0.04302	0.03317
0.0	0.0	0.0
0.07778	0.06417	0.04212
0.03226	0.03226	0.04348
0.12871	0.1038	0.06186
0.31818	0.19064	0.14041
0.29231	0.27792	0.24589
0.125	0.125	0.16667
0.6875	0.44356	0.33075
0.92857	0.92857	0.95238
0.11864	0.117	0.1
0.0	0.0	0.0
0.28571	0.18281	0.19862
0.0	0.0	0.0
1.0	0.5872	0.35486
0.07767	0.06921	0.06163
0.06897	0.06897	0.0
0.2125	0.19071	0.15686
0.04444	0.04084	0.01669
0.03704	0.03704	0.0
0.0	0.0	0.0
0.0	0.0	0.0
0.33333	0.203	0.21375
1.0	1.0	1.0
0.16667	0.1123	0.02088
1.0	1.0	1.0
0.05882	0.05096	0.04819
0.06481	0.06542	0.08108
0.06433	0.04527	0.03284
0.08383	0.05371	0.03086
0.0	0.0	0.0
0.43478	0.31487	0.15017
0.1875	0.1875	0.10526
0.54167	0.26621	0.16894
0.57143	0.57143	0.66667
0.0	0.0	0.0
0.07333	0.06344	0.06052
0.03546	0.03363	0.02857
0.5	0.5	0.5645
0.01429	0.01429	0.01961
0.04459	0.04459	0.0404
0.03636	0.03636	0.0
0.07692	0.07692	0.125
0.08537	0.07474	0.08375
0.14286	0.0795	0.05774
0.06849	0.0623	0.06122
0.16981	0.15275	0.17831
0.33333	0.2452	0.15255
0.14583	0.11325	0.07231
0.06154	0.02334	0.01361
0.0	0.0	0.0
0.54412	0.52229	0.51534
0.11702	0.08717	0.04417
0.22535	0.17175	0.1566
0.03788	0.03788	0.0
0.07692	0.07692	0.0
2.5	2.0325	4.0
0.38462	0.32258	0.27527
0.24324	0.18046	0.12909
0.03448	0.03448	0.02703
0.09804	0.08602	0.06061
0.2	0.10606	0.09812
0.02703	0.02703	0.04167
0.37143	0.21567	0.13315
0.16667	0.14126	0.07552
0.45312	0.22834	0.24156
0.08392	0.08211	0.07477
0.13158	0.06113	0.01114
0.10989	0.08047	0.05697
0.47619	0.46083	0.43673
0.26923	0.26923	0.15789
0.08696	0.08417	0.04842
0.10204	0.07045	0.04268
0.14286	0.12677	0.04211
0.1453	0.10091	0.06278
0.16129	0.10232	0.07345
0.0	0.0	0.0
0.10714	0.09043	0.07317
0.44444	0.30833	0.29038
0.02985	0.00964	0.0
0.26923	0.18738	0.15956
0.0	0.0	0.0
0.14773	0.11401	0.07132
0.09091	0.07075	0.03918
0.1	0.0871	0.07193
0.17021	0.1105	0.07908
0.84615	0.84615	0.88235
0.09375	0.07056	0.0599
0.38272	0.35205	0.31162
0.04688	0.03528	0.03642
0.10256	0.10256	0.0566
0.85714	0.59443	0.379
0.15909	0.1393	0.1079
0.11111	0.07886	0.07356
0.04878	0.05037	0.0303
0.14815	0.08122	0.09269
0.16279	0.14705	0.09375
0.0	0.0	0.0
0.1087	0.05541	0.04988
0.21053	0.16892	0.11292
0.2	0.14193	0.10264
0.1	0.07356	0.05413
0.22222	0.17028	0.08064
0.07692	0.0608	0.033
0.08333	0.08333	0.05882
0.0	0.0	0.0
0.21429	0.18318	0.00759
0.10784	0.09266	0.08647
0.3125	0.25605	0.22933
0.04615	0.03548	0.0178
0.0	0.0	0.0
0.25	0.20562	0.12367
0.0	0.0	0.0
0.17978	0.14389	0.1047
0.03846	0.03846	0.05882
0.03604	0.02702	0.01989
0.0	0.0	0.0
0.23256	0.19856	0.15727
0.0198	0.01916	0.01449
0.14706	0.10344	0.07717
0.0	0.0	0.0
0.1039	0.09426	0.08163
0.0885	0.0885	0.08434
0.12281	0.10526	0.09091
0.0	0.0	0.0
0.07692	0.04342	0.06641
0.13208	0.11257	0.10786
0.0	0.0	0.0
0.0	0.0	0.0
0.1	0.1	0.05263
0.0	0.0	0.0
0.01389	0.01389	0.0
0.14286	0.10752	0.11111
0.23333	0.14627	0.17647
0.28777	0.2335	0.1932
0.09615	0.0701	0.04079
0.02222	0.02222	0.03448
0.09302	0.07126	0.03421
0.14286	0.1229	0.11293
0.03846	0.03375	0.04181
0.06667	0.06667	0.03279
0.3	0.2483	0.1775
0.02685	0.02685	0.02857
0.27966	0.22092	0.20868
0.15625	0.15828	0.15485
0.13208	0.13208	0.07143
0.11765	0.08918	0.1
0.05479	0.03447	0.04608
0.13043	0.12062	0.10303
0.14545	0.10411	0.06502
0.14094	0.11735	0.06172
0.12308	0.12308	0.06818
0.37931	0.37041	0.24372
0.0	0.0	0.0
0.16529	0.15409	0.15
0.02817	0.01818	0.01887
0.2439	0.20459	0.16489
0.5	0.5	0.46154
0.09524	0.07986	0.06667
0.30769	0.19354	0.07178
0.0	0.0	0.0
0.13636	0.13636	0.06667
0.1	0.07662	0.08481
0.04505	0.03386	0.02972
0.11742	0.11058	0.07647
0.0	0.0	0.0
0.0	0.0	0.0
0.21014	0.18562	0.16167
0.05714	0.05714	0.0
0.3	0.0775	0.05383
0.10345	0.09418	0.06231
0.30769	0.17869	0.0323
0.23529	0.16318	0.03969
0.32407	0.30615	0.33619
0.0	0.0	0.0
0.0	0.0	0.0
0.25806	0.21785	0.17692
0.09091	0.08944	0.03226
0.10448	0.07824	0.0385
0.08	0.08	0.05556
0.05333	0.04087	0.05894
0.05932	0.03582	0.01123
0.15068	0.1277	0.03157
0.14754	0.12429	0.09183
0.22222	0.13978	0.11981
0.12281	0.10244	0.09939
0.13462	0.13462	0.05882
0.10811	0.10811	0.08696
0.36364	0.29618	0.33333
0.26667	0.15267	0.1323
0.1	0.0887	0.04422
0.28947	0.163	0.22165
0.03774	0.02617	0.02857
0.07143	0.07143	0.04762
0.12821	0.10256	0.04
0.09333	0.08087	0.02048
0.04762	0.00924	0.01386
0.0	0.0	0.0
0.2069	0.17017	0.12544
0.30769	0.15638	0.09391
0.05682	0.04912	0.04839
0.08108	0.06103	0.04545
0.17073	0.15029	0.12667
0.05357	0.05357	0.02439
0.02688	0.02428	0.02097
0.08696	0.04839	0.04009
0.10588	0.09374	0.06297
0.10294	0.07259	0.05351
0.09223	0.0761	0.03512
0.0	0.0	0.0
0.14815	0.06811	0.09247
0.19608	0.15941	0.10769
0.2	0.10162	0.14241
0.36111	0.30169	0.23986
0.03061	0.03061	0.04348
0.08642	0.07567	0.03943
0.22148	0.16737	0.15286
0.05556	0.03524	0.01772
0.0	0.0	0.0
0.10938	0.0872	0.07193
0.0	0.0	0.0
0.10976	0.10582	0.11321
0.10566	0.08557	0.06263
0.17857	0.14518	0.05917
0.03093	0.03093	0.03226
0.0	0.0	0.0
0.07547	0.07425	0.08153
0.29032	0.18318	0.16281
0.0	0.0	0.0
0.46154	0.34	0.22222
0.16667	0.14398	0.14515
0.36585	0.31078	0.28648
0.21053	0.21053	0.19231
0.07143	0.05714	0.07114
0.16304	0.12623	0.11044
0.13158	0.12543	0.09495
0.0	0.0	0.0
0.0	0.0	0.0
0.0531	0.03368	0.02258
0.21875	0.10584	0.13976
0.26087	0.24474	0.20187
0.5	0.5	0.66667
0.28571	0.26309	0.2165
0.16667	0.16667	0.14286
0.0	0.0	0.0
0.30769	0.30769	0.3
0.0	0.0	0.0
0.16923	0.10425	0.08209
0.21875	0.1865	0.12958
0.16667	0.16667	0.0
0.54545	0.49984	0.43478
0.4	0.4	0.33333
0.06977	0.06052	0.03078
0.07792	0.07268	0.06847
0.15789	0.10868	0.1475
0.09375	0.09375	0.04545
0.0	0.0	0.0
0.20513	0.1981	0.11765
0.07317	0.05273	0.03226
0.32258	0.18732	0.10247
0.19444	0.14967	0.13846
0.20301	0.17003	0.11767
0.08421	0.08319	0.06138
0.44444	0.38711	0.0968
0.44737	0.41934	0.43796
0.06667	0.06667	0.05263
0.07407	0.07407	0.05263
0.16304	0.14236	0.13319
0.04598	0.04598	0.0339
0.0	0.0	0.0
0.10256	0.07653	0.06646
0.19643	0.17971	0.11727
0.0	0.0	0.0
0.07143	0.04724	0.04148
0.0	0.0	0.0
0.12338	0.09195	0.05327
0.09615	0.076	0.07303
0.19355	0.19355	0.2
0.04878	0.04878	0.07692
0.10769	0.10769	0.04255
0.28205	0.26469	0.28165
0.28261	0.23143	0.1839
0.78571	0.78571	0.73684
0.14286	0.10448	0.08529
0.12613	0.08428	0.04885
0.22222	0.147	0.05383
0.09677	0.077	0.09524
0.625	0.31359	0.29379
0.13913	0.12398	0.10985
0.34375	0.31653	0.2919
0.04762	0.04032	0.03054
0.17822	0.12904	0.08619
0.29091	0.29091	0.23529
0.25641	0.15797	0.12531
0.16667	0.15093	0.11306
0.04762	0.04762	0.03226
0.15385	0.13549	0.14286
0.0	0.0	0.0
0.35294	0.27704	0.24232
0.28148	0.2153	0.18781
0.03571	0.01555	0.01164
0.38272	0.35205	0.31006
0.0	0.0	0.0
0.33898	0.27449	0.14011
0.08333	0.07192	0.04342
0.02	0.01935	0.01515
0.06383	0.04941	0.02237
0.0	0.0	0.0
0.0	0.0	0.0
1.0	0.45175	0.355
0.15789	0.11542	0.125
0.18182	0.07918	0.10888
0.0	0.0	0.0
0.0	0.0	0.0
0.33333	0.33333	0.5
0.09524	0.07986	0.15385
0.0	0.0	0.0
0.10169	0.10169	0.08889
0.19767	0.14069	0.11723
0.09278	0.0489	0.05713
0.28467	0.22488	0.1379
0.0	0.0	0.0
0.29412	0.24288	0.10371
0.01754	0.01754	0.01282
0.01639	0.01639	0.02381
0.45833	0.33867	0.17377
0.11905	0.09499	0.07789
0.18889	0.18064	0.15
0.0	0.0	0.0
0.33333	0.26883	0.19962
0.2	0.14251	0.10231
0.03922	0.02657	0.0303
0.04651	0.02477	0.03704
0.03571	0.03571	0.02857
0.40625	0.33572	0.26419
0.0	0.0	0.0
0.3	0.22797	0.15824
0.2716	0.1816	0.14672
0.15789	0.12255	0.09056
0.12676	0.07997	0.09173
0.02273	0.02273	0.03125
2.5	2.34417	2.07662
0.15455	0.11935	0.08215
0.2963	0.19119	0.21905
0.24138	0.18021	0.19357
0.33333	0.22222	0.2516
0.07407	0.069	0.03947
0.38462	0.22338	0.1815
0.16949	0.14325	0.16219
0.03774	0.03774	0.05128
0.03448	0.03448	0.04762
1.0	0.75989	0.63983
0.08108	0.05146	0.03846
0.58333	0.55807	0.43891
0.11628	0.10277	0.08639
0.14815	0.1087	0.09582
0.04255	0.02609	0.01587
0.0	0.0	0.0
0.23288	0.19445	0.16885
0.11111	0.11111	0.0
0.17	0.15484	0.09132
0.02564	0.02564	0.0
0.13725	0.11006	0.12144
0.19697	0.14811	0.10821
0.0	0.0	0.0
0.26087	0.2473	0.25269
0.03571	0.03571	0.05333
0.29412	0.23153	0.078
0.08889	0.07669	0.02624
0.38182	0.38182	0.375
0.04688	0.04536	0.05128
0.25	0.17138	0.34056
0.15385	0.15385	0.14286
0.09259	0.05317	0.04211
0.77778	0.62911	0.513
0.27586	0.22972	0.18148
0.16667	0.1465	0.15182
0.5	0.3225	0.5645
0.0	0.0	0.0
0.2381	0.2381	0.14286
0.59375	0.59375	0.57143
0.08491	0.03562	0.03086
0.0	0.0	0.0
0.32653	0.2471	0.18626
0.04717	0.04139	0.02723
0.08333	0.03492	0.05238
0.0	0.0	0.0
0.03623	0.03226	0.04211
0.22222	0.22222	0.25
0.07143	0.05683	0.05088
0.04854	0.03947	0.04199
0.13333	0.11775	0.10256
0.35433	0.35433	0.36047
0.21212	0.17497	0.20645
0.13333	0.1043	0.043
0.0	0.0	0.0
0.04698	0.04698	0.03846
0.08642	0.08642	0.03774
0.08642	0.08104	0.0838
0.08929	0.08929	0.05714
0.15625	0.15625	0.14286
0.0	0.0	0.0
0.6	0.6	0.83333
0.27586	0.23638	0.16521
0.13869	0.08054	0.0392
0.01515	0.01515	0.02128
0.10345	0.07786	0.0629
0.0	0.0	0.0
0.01639	0.01639	0.02326
0.0618	0.04549	0.02315
0.0431	0.0431	0.0241
0.11905	0.1129	0.07143
0.16456	0.13311	0.05507
0.18033	0.14966	0.11858
0.18644	0.12795	0.11073
0.08197	0.05341	0.03068
0.0597	0.04864	0.04668
0.15789	0.11884	0.06014
0.08696	0.0547	0.01612
0.0	0.0	0.0
0.5625	0.55108	0.51613
0.06667	0.03371	0.04134
0.03012	0.02118	0.01133
0.19847	0.15047	0.14105
0.0	0.0	0.0
0.05769	0.04715	0.03924
0.5625	0.29844	0.39925
0.13793	0.08231	0.11205
0.04651	0.04651	0.0625
0.23077	0.15696	0.09306
0.19277	0.16461	0.12452
0.14634	0.14634	0.16
0.2	0.0839	0.07262
0.06707	0.04957	0.03138
0.08784	0.07694	0.09478
0.03175	0.03175	0.02273
0.375	0.26916	0.21559
0.07143	0.06041	0.05769
0.0	0.0	0.0
0.0	0.0	0.0
0.18519	0.18519	0.05556
0.11429	0.07006	0.0097
0.21818	0.18682	0.19478
0.66667	0.441	0.1615
0.13333	0.09027	0.0
0.06061	0.05476	0.01612
0.05714	0.05254	0.0
0.07143	0.06679	0.09091
0.2449	0.22582	0.13113
0.08	0.0628	0.03109
0.08088	0.06499	0.02245
0.0	0.0	0.0
0.15865	0.14764	0.17525
0.15385	0.129	0.25
0.33333	0.33333	0.25807
0.03226	0.03226	0.0
0.03448	0.03448	0.04762
0.31579	0.31579	0.30769
0.35417	0.35417	0.32258
0.08442	0.06829	0.0487
0.0	0.0	0.0
0.06329	0.06411	0.03922
0.03846	0.03846	0.03125
0.0	0.0	0.0
0.0	0.0	0.0
0.22857	0.22259	0.24127
0.0	0.0	0.0
0.11915	0.08826	0.04914
0.0	0.0	0.0
0.1	0.08664	0.09239
0.24272	0.20984	0.1453
0.14286	0.08986	0.02867
0.01887	0.01764	0.02857
0.21429	0.21429	0.11111
0.46154	0.36231	0.3033
0.15625	0.13306	0.0
0.12255	0.08935	0.07214
0.07143	0.06164	0.03352
0.41935	0.21545	0.21295
0.07692	0.04914	0.02596
0.17857	0.15483	0.12781
0.21053	0.18168	0.121
0.10606	0.10606	0.08889
0.01613	0.00989	0.01426
0.0991	0.0991	0.06944
0.09259	0.07766	0.06452
0.03636	0.03636	0.02857
0.12409	0.11161	0.07588
0.19048	0.14324	0.09938
0.0	0.0	0.0
0.29412	0.22388	0.08064
0.26389	0.20609	0.13792
0.25	0.25	0.21429
0.0	0.0	0.0
0.19872	0.19044	0.16129
0.33929	0.28111	0.28618
0.22222	0.22222	0.16667
0.14286	0.14286	0.0
0.08	0.05904	0.0627
0.42105	0.33868	0.3285
0.33333	0.19356	0.14517
0.16667	0.10635	0.07889
0.05202	0.03897	0.04026
0.0	0.0	0.0
0.02963	0.02031	0.0117
0.5	0.5	0.2
0.05172	0.0495	0.02703
1.0	0.84262	0.5226
0.46835	0.42305	0.41162
0.08725	0.06257	0.04792
0.0	0.0	0.0
0.05128	0.04962	0.07407
0.02	0.02	0.0
0.0625	0.06047	0.04762
0.11386	0.09662	0.09522
0.125	0.125	0.10345
0.1	0.1	0.10638
0.05455	0.05573	0.025
0.02632	0.02632	0.0
0.33333	0.199	0.2
0.16667	0.12426	0.07336
0.11957	0.11537	0.10075
0.05769	0.05294	0.0367
0.25806	0.23829	0.21682
0.09091	0.08795	0.14286
0.06383	0.04599	0.00112
0.0	0.0	0.0
0.07692	0.05208	0.11111
0.25	0.14666	0.10929
0.24	0.13292	0.0945
0.30909	0.20058	0.14355
0.08333	0.08062	0.05882
0.26087	0.23215	0.18862
0.25	0.21775	0.16489
0.32353	0.29982	0.23748
0.09375	0.08569	0.13636
0.0	0.0	0.0
0.04545	0.03421	0.02222
0.22222	0.22222	0.13333
0.22807	0.17712	0.13646
0.57143	0.36252	0.30414
0.14103	0.12118	0.08238
0.32812	0.26186	0.24983
0.07143	0.07143	0.06061
0.17808	0.14984	0.11616
0.14634	0.12785	0.09615
0.0625	0.06656	0.09091
0.09434	0.0493	0.037
0.1746	0.10446	0.1195
0.63333	0.47427	0.32669
0.21429	0.21429	0.19048
0.0	0.0	0.0
0.0	0.0	0.0
0.04082	0.02633	0.02973
0.01852	0.00986	0.01459
0.14286	0.09679	0.09
0.0	0.0	0.0
0.26316	0.20884	0.11576
0.37931	0.26359	0.28767
0.07407	0.06064	0.0354
0.0	0.0	0.0
0.6087	0.547	0.47629
0.01408	0.01408	0.02128
0.0	0.0	0.0
0.04412	0.04412	0.02128
0.09589	0.09589	0.06383
0.01786	0.01902	0.02778
0.0625	0.0625	0.0303
0.0	0.0	0.0
0.25431	0.22887	0.24755
0.33846	0.33846	0.28889
0.0	0.0	0.0
0.28571	0.17057	0.16667
0.06977	0.06977	0.03704
0.0	0.0	0.0
0.21739	0.15361	0.14219
0.04324	0.0401	0.02873
0.10119	0.08314	0.07598
0.35294	0.222	0.215
0.48387	0.46513	0.41374
0.05263	0.05263	0.08333
0.1087	0.03298	0.0441
0.03704	0.03225	0.04167
0.0	0.0	0.0
0.04545	0.04545	0.06667
0.01389	0.01389	0.0
0.19608	0.10375	0.09787
0.27586	0.14459	0.11935
0.04955	0.02136	0.02165
0.19149	0.14277	0.12317
0.5	0.24055	0.15931
0.45455	0.45455	0.5
0.0	0.0	0.0
0.11111	0.11111	0.0
0.0303	0.01955	0.0318
0.08642	0.08124	0.07808
0.0566	0.04747	0.01076
0.0	0.0	0.0
0.06154	0.05012	0.05018
0.03158	0.02241	0.00215
0.07143	0.07143	0.125
0.07143	0.04262	0.05882
0.38636	0.35927	0.42174
0.11765	0.074	0.05242
0.0	0.0	0.0
0.0	0.0	0.0
0.35294	0.26	0.27273
0.0292	0.0292	0.0297
0.625	0.51225	0.17217
0.18519	0.14574	0.05376
0.48889	0.43087	0.3882
0.02857	0.02857	0.0
0.04	0.04	0.05882
0.2	0.14407	0.18182
0.23077	0.19477	0.12524
0.06222	0.05807	0.05964
0.15789	0.0815	0.04342
0.40909	0.28155	0.23388
0.23077	0.23077	0.10526
0.0	0.0	0.0
0.2	0.1258	0.0
0.09677	0.06661	0.04841
0.0	0.0	0.0
0.13333	0.13333	0.0
0.4	0.2064	0.086
0.30986	0.18583	0.15034
0.0	0.0	0.0
0.20588	0.18218	0.06284
0.05517	0.05517	0.03922
0.13636	0.09677	0.08064
0.11111	0.11111	0.05882
0.05357	0.05357	0.02778
0.0137	0.0137	0.01786
0.14815	0.0693	0.04584
0.9375	0.9375	0.94737
0.08889	0.07312	0.03892
0.3	0.3	0.33333
0.0	0.0	0.0
0.45833	0.28367	0.22814
0.44444	0.39248	0.30078
0.16364	0.14662	0.05128
0.04082	0.03357	0.0046
0.65517	0.50393	0.39789
0.0	0.0	0.0
0.53333	0.4301	0.399
0.0	0.0	0.0
0.12	0.09548	0.11765
0.13095	0.09754	0.06
0.07143	0.06566	0.06977
0.92308	0.61546	0.29036
0.26582	0.20497	0.17496
0.0	0.0	0.0
0.13084	0.09317	0.08482
0.40909	0.31823	0.42318
0.0	0.0	0.0
0.35938	0.31098	0.30613
0.0	0.0	0.0
0.37037	0.24489	0.18163
0.26087	0.17535	0.06887
0.19895	0.14288	0.12955
0.06818	0.02531	0.02905
0.25	0.22648	0.20647
0.02174	0.02174	0.03704
0.0	0.0	0.0
0.15385	0.11169	0.16667
0.27168	0.23699	0.20705
0.46512	0.35709	0.30703
0.06522	0.06264	0.04808
0.05376	0.04648	0.0363
0.31579	0.27337	0.33333
0.10345	0.10345	0.1
0.10256	0.10256	0.08163
0.14545	0.11496	0.03576
0.19355	0.15819	0.08467
0.02857	0.02857	0.0
0.1746	0.13521	0.09093
0.10169	0.10169	0.05405
0.11392	0.08494	0.04963
0.19403	0.16757	0.13764
0.13825	0.12754	0.14966
0.17391	0.12989	0.11368
0.16216	0.13341	0.1312
0.91083	0.44183	0.22589
0.15217	0.1452	0.09677
0.3913	0.237	0.27512
0.05634	0.04658	0.03638
0.0	0.0	0.0
0.08163	0.08163	0.0
0.0	0.0	0.0
0.37209	0.21309	0.19253
0.21429	0.21429	0.16667
0.0	0.0	0.0
0.05357	0.05241	0.07143
0.22222	0.17802	0.17497
0.83333	0.57533	0.3484
0.07143	0.07143	0.04878
0.14062	0.11995	0.12668
0.17647	0.139	0.06627
0.06	0.06	0.03448
0.29412	0.19547	0.17204
0.05833	0.04732	0.0365
0.16667	0.12957	0.09926
0.02564	0.02564	0.03704
0.1	0.1	0.09231
0.21088	0.17973	0.1334
0.0	0.0	0.0
0.10714	0.09679	0.0855
0.22449	0.18696	0.14306
0.0	0.0	0.0
0.21429	0.21196	0.17391
0.0	0.0	0.0
0.07339	0.05357	0.03438
0.05682	0.04106	0.0283
0.0916	0.0788	0.06892
0.2439	0.17071	0.09375
0.14	0.12388	0.06648
0.0	0.0	0.0
0.47619	0.42319	0.37329
0.08434	0.08434	0.05
0.12195	0.10227	0.08363
0.15758	0.14584	0.11982
0.04094	0.03226	0.02883
0.0	0.0	0.0
0.15663	0.09483	0.0763
0.16	0.08904	0.10039
0.2126	0.2126	0.21111
0.09259	0.08422	0.02564
0.14286	0.1206	0.04096
0.13415	0.10228	0.06093
0.0	0.0	0.0
0.06452	0.04995	0.00624
0.09524	0.09524	0.06061
0.15108	0.14041	0.13176
0.0177	0.0177	0.01266
0.15254	0.09897	0.07529
0.42222	0.28318	0.20161
0.125	0.125	0.16667
0.06207	0.04428	0.02142
0.15714	0.13596	0.07128
0.33333	0.23873	0.27273
0.1129	0.09782	0.07128
0.17949	0.14887	0.11111
0.02778	0.02778	0.0
0.08333	0.08333	0.0625
0.26087	0.25109	0.23594
0.0	0.0	0.0
0.1	0.08588	0.07527
0.25	0.25	0.25
0.21053	0.21053	0.07692
0.05882	0.03982	0.07692
0.06522	0.03928	0.04106
0.09244	0.07888	0.05286
0.07778	0.04552	0.01828
0.08475	0.07728	0.06787
0.375	0.18953	0.22291
0.1	0.1	0.0
0.07407	0.06689	0.04762
0.0	0.0	0.0
0.025	0.025	0.02381
0.16327	0.16327	0.11765
0.13235	0.1001	0.07715
0.03817	0.01995	0.02904
0.125	0.10377	0.10056
0.0	0.0	0.0
0.0	0.0	0.0
0.26316	0.20884	0.14644
0.16071	0.14055	0.11037
0.14474	0.12267	0.09933
0.0	0.0	0.0
0.17391	0.14026	0.04538
0.04505	0.04214	0.05556
0.63636	0.63636	0.71429
0.08333	0.07794	0.09091
0.09184	0.09184	0.09677
0.22727	0.23023	0.1875
0.01786	0.01786	0.02941
0.14286	0.11651	0.06453
0.0	0.0	0.0
0.22857	0.20369	0.25
0.02963	0.02963	0.0297
0.01961	0.01455	0.03125
0.06494	0.06494	0.0
0.22222	0.17028	0.00542
0.14286	0.14286	0.09091
0.0963	0.0779	0.03001
0.31429	0.21109	0.19078
0.09924	0.07781	0.07881
0.05128	0.05128	0.0
0.16667	0.16667	0.08333
0.0	0.0	0.0
0.09091	0.085	0.1
0.01695	0.01011	0.01449
0.12658	0.09353	0.10238
0.13725	0.10943	0.10114
0.15385	0.10546	0.16129
0.0678	0.04812	0.0497
0.05556	0.05556	0.03333
0.04918	0.0275	0.02733
0.09836	0.09836	0.075
0.36	0.23488	0.20013
0.0	0.0	0.0
0.10345	0.10345	0.11111
0.0	0.0	0.0
0.25	0.25	0.24
0.20588	0.15559	0.22179
0.27778	0.15769	0.11025
0.10169	0.09732	0.07317
0.10256	0.09058	0.08929
0.14815	0.13619	0.11111
0.21698	0.17332	0.14859
0.0	0.0	0.0
0.85714	0.742	0.36567
0.0	0.0	0.0
0.0	0.0	0.0
0.125	0.12384	0.07317
0.28571	0.22391	0.17459
0.26316	0.23996	0.22757
0.21818	0.20469	0.15789
0.025	0.01532	0.0
0.0	0.0	0.0
0.04819	0.04819	0.0279
0.2	0.2	0.2
0.10526	0.10314	0.06
0.03175	0.03123	0.03529
0.23288	0.1781	0.16447
0.15625	0.14619	0.0799
0.0	0.0	0.0
0.0	0.0	0.0
0.76923	0.41946	0.42289
0.05556	0.04794	0.03157
0.0	0.0	0.0
0.05263	0.02433	0.02703
0.25	0.0968	0.12473
0.08434	0.04237	0.0413
0.0	0.0	0.0
0.25	0.09035	0.1484
0.0	0.0	0.0
0.28571	0.28571	0.25
0.15385	0.14142	0.17647
0.09322	0.04841	0.05164
0.05556	0.04063	0.00554
0.0	0.0	0.0
0.0	0.0	0.0
0.07018	0.06396	0.03227
0.16216	0.11043	0.09722
0.0	0.0	0.0
0.0625	0.0625	0.06452
0.11702	0.07516	0.04363
0.0625	0.04638	0.0
0.28571	0.1475	0.14125
0.93548	0.57761	0.63983
0.10949	0.08477	0.09538
0.10465	0.08965	0.07064
0.0	0.0	0.0
0.23077	0.23077	0.22222
0.0	0.0	0.0
0.07778	0.07026	0.06452
0.74194	0.565	0.64517
0.21774	0.1855	0.14983
0.0	0.0	0.0
0.73333	0.73333	0.7
0.0	0.0	0.0
0.13158	0.10697	0.07597
0.09091	0.07273	0.06278
0.17172	0.16292	0.14286
0.208	0.16361	0.1714
0.25	0.25	0.28571
0.01961	0.01961	0.02198
0.83333	0.64517	0.6695
0.0	0.0	0.0
0.07317	0.07317	0.04
0.08163	0.06782	0.01042
0.04762	0.04762	0.04
0.61538	0.50131	0.48389
0.08333	0.04418	0.03338
0.0	0.0	0.0
0.0	0.0	0.0
0.3	0.26729	0.26614
0.01053	0.01053	0.0
0.19048	0.19048	0.16667
0.0	0.0	0.0
0.43636	0.40705	0.37182
0.0303	0.00782	0.01122
0.10345	0.07343	0.08066
0.25926	0.18641	0.07178
0.42857	0.371	0.28358
0.15686	0.08284	0.04609
0.16981	0.14425	0.12555
0.04959	0.0296	0.02488
0.0	0.0	0.0
1.0	1.0	1.0
0.05357	0.05473	0.08824
0.11321	0.08398	0.09346
0.53226	0.43756	0.48964
0.15517	0.10873	0.08509
0.07273	0.04398	0.02778
0.09655	0.07631	0.07742
0.0	0.0	0.0
0.0	0.0	0.0
0.03922	0.03922	0.06452
0.01818	0.01115	0.00174
0.05	0.00887	0.00478
0.25714	0.18069	0.05296
0.08197	0.05448	0.04951
0.11364	0.11364	0.05085
0.05797	0.02852	0.00561
0.19708	0.11399	0.07149
0.24	0.12454	0.07562
0.13333	0.1	0.04762
0.15663	0.11076	0.08388
0.27969	0.22063	0.21155
0.26562	0.18702	0.20059
0.00952	0.01014	0.01471
0.44444	0.28678	0.0215
0.0274	0.01812	0.02496
0.0	0.0	0.0
0.33333	0.33333	0.22222
0.0	0.0	0.0
0.13043	0.06102	0.0489
0.42857	0.31564	0.23656
0.425	0.425	0.41379
0.0597	0.0597	0.04444
0.11111	0.11111	0.14286
0.92308	0.92308	0.9
0.05	0.05	0.05882
0.29412	0.17459	0.04109
0.0	0.0	0.0
0.18182	0.18377	0.14593
0.0	0.0	0.0
0.28571	0.28571	0.25
0.16364	0.15073	0.15374
0.16176	0.11338	0.08755
0.25806	0.11813	0.08836
0.0	0.0	0.0
0.11765	0.05503	0.02773
0.125	0.1083	0.09915
0.07438	0.07251	0.07047
0.40741	0.37993	0.4129
0.2069	0.099	0.09488
0.14583	0.11447	0.1067
0.15789	0.11884	0.17369
0.09091	0.09091	0.05556
0.0	0.0	0.0
0.06803	0.06583	0.05439
0.0	0.0	0.0
0.14286	0.10752	0.16129
0.0	0.0	0.0
0.00893	0.00893	0.0125
0.06154	0.03772	0.01767
0.28788	0.1877	0.13577
0.15493	0.08907	0.11098
0.45455	0.42518	0.11833
0.28302	0.28302	0.28125
0.02362	0.01626	0.01238
0.33333	0.28225	0.13975
0.0	0.0	0.0
0.17391	0.13292	0.11442
0.21053	0.21053	0.14286
0.2069	0.09347	0.11684
0.45652	0.26417	0.23514
0.13333	0.10053	0.09377
0.14286	0.08064	0.14112
0.12162	0.10093	0.08547
0.52	0.52	0.52381
0.17647	0.13091	0.11732
0.14815	0.14694	0.14706
0.04545	0.04545	0.07143
0.0	0.0	0.0
0.025	0.00808	0.01114
0.13953	0.09716	0.07676
0.36471	0.36471	0.33962
0.25743	0.21175	0.20797
0.12432	0.09992	0.07572
0.0	0.0	0.0
0.0	0.0	0.0
0.45455	0.27573	0.295
0.10526	0.10526	0.08333
0.0	0.0	0.0
0.07143	0.07143	0.11111
0.25	0.21072	0.13985
1.0	1.0	1.0
0.37778	0.25309	0.17341
0.03571	0.00693	0.00924
0.04854	0.03727	0.0236
0.23913	0.1627	0.08963
0.0963	0.0717	0.03358
0.0	0.0	0.0
0.53659	0.37849	0.34496
0.05051	0.04497	0.03314
0.10909	0.07569	0.04334
0.02222	0.01504	0.03448
0.09938	0.08575	0.08369
0.24615	0.19951	0.15484
0.05882	0.04138	0.01902
0.0	0.0	0.0
0.07143	0.07143	0.06452
0.47059	0.47059	0.42857
0.02703	0.02703	0.0
0.13115	0.09467	0.06452
0.07865	0.04024	0.05895
0.0084	0.0084	0.0119
0.0	0.0	0.0
0.22642	0.15706	0.16471
0.0	0.0	0.0
0.0	0.0	0.0
0.21333	0.16904	0.15371
0.12698	0.11367	0.14728
0.16216	0.10814	0.07744
0.0	0.0	0.0
0.0	0.0	0.0
0.0	0.0	0.0
0.21154	0.12842	0.17038
0.19512	0.14712	0.11679
0.12844	0.08259	0.10342
0.0	0.0	0.0
0.0	0.0	0.0
0.0	0.0	0.0
0.15556	0.1004	0.0908
0.03974	0.02905	0.01129
0.12667	0.08904	0.05395
0.12676	0.12269	0.06522
0.38095	0.23657	0.1425
0.0	0.0	0.0
0.0	0.0	0.0
0.08966	0.0583	0.04804
0.69231	0.69231	0.77778
0.0	0.0	0.0
0.09524	0.09524	0.07143
0.5	0.37227	0.2807
0.0	0.0	0.0
0.10909	0.09442	0.05541
0.15909	0.13636	0.189
0.11268	0.09132	0.06172
0.0	0.0	0.0
0.17757	0.17064	0.16388
0.4898	0.4898	0.5
0.0	0.0	0.0
0.23214	0.21775	0.20513
0.55556	0.31922	0.43033
0.09524	0.09524	0.06897
0.25581	0.18612	0.18147
0.23841	0.20018	0.18629
0.16923	0.15112	0.15544
0.26316	0.16641	0.13561
0.0	0.0	0.0
0.1875	0.14567	0.114
1.0	0.46233	0.258
0.9	0.526	0.295
0.07692	0.05208	0.11111
0.15	0.121	0.08
0.51724	0.51724	0.47619
0.1	0.0946	0.01614
0.09574	0.06898	0.05538
0.0	0.0	0.0
0.0	0.0	0.0
0.09302	0.09302	0.09091
0.0	0.0	0.0
0.1129	0.1129	0.07895
0.1	0.07957	0.07476
0.03922	0.03922	0.02703
0.09639	0.07772	0.05255
0.10795	0.07973	0.0484
0.47368	0.40747	0.36968
0.05556	0.03994	0.04148
0.26667	0.25592	0.21284
0.09302	0.06528	0.0826
0.07143	0.05376	0.03931
0.09677	0.09677	0.08197
0.0819	0.07175	0.05328
0.38462	0.23331	0.17933
0.22222	0.22222	0.08333
0.03623	0.03156	0.02676
0.0	0.0	0.0
0.13333	0.13333	0.1
0.06667	0.01507	0.017
0.93333	0.81513	0.5915
0.07246	0.06265	0.0484
0.12	0.09032	0.05882
0.07692	0.06325	0.07692
0.02632	0.02632	0.0
0.04348	0.03504	0.0
0.11321	0.08217	0.03321
0.0	0.0	0.0
0.05952	0.04032	0.04839
0.27143	0.22949	0.1754
1.5	0.8225	1.258
0.13043	0.13043	0.0625
0.03774	0.03774	0.02857
0.2561	0.19512	0.18721
0.19469	0.161	0.13069
0.22222	0.22222	0.15789
0.27778	0.23656	0.18817
0.06195	0.04139	0.048
0.11905	0.11905	0.04167
0.0	0.0	0.0
0.0625	0.06855	0.06977
0.125	0.125	0.03846
0.0	0.0	0.0
0.09091	0.07625	0.06648
0.03571	0.0334	0.03077
0.02899	0.02899	0.02273
0.01786	0.01786	0.0
0.3125	0.22581	0.3
0.0	0.0	0.0
0.13333	0.13333	0.125
0.05882	0.05882	0.0
0.18182	0.15425	0.22106
0.20253	0.12538	0.07904
0.05505	0.04439	0.03889
0.05882	0.05882	0.0
0.0	0.0	0.0
0.0303	0.0303	0.04762
0.16901	0.13449	0.1366
0.34615	0.2829	0.28002
0.04494	0.04494	0.01786
0.2	0.12348	0.14593
0.06944	0.06944	0.04762
0.0155	0.0155	0.01031
0.03521	0.03521	0.02128
0.02564	0.02564	0.0
0.08671	0.08279	0.07332
0.34328	0.25087	0.22513
0.0	0.0	0.0
0.0	0.0	0.0
0.02941	0.02941	0.0
0.03846	0.03846	0.01887
0.0	0.0	0.0
0.06818	0.03152	0.0129
0.17021	0.15032	0.03226
0.06897	0.06897	0.1
0.03125	0.03125	0.0
0.09091	0.07405	0.06897
0.0	0.0	0.0
0.0	0.0	0.0
0.09091	0.09091	0.0625
0.0	0.0	0.0
0.03125	0.03125	0.0
0.12903	0.12903	0.13333
0.27273	0.21509	0.13676
0.05714	0.05714	0.0
0.01333	0.01333	0.0
0.05556	0.04346	0.0453
0.05747	0.05005	0.01887
0.33333	0.23956	0.17974
0.22857	0.1346	0.09524
0.02857	0.02857	0.04167
0.0	0.0	0.0
0.01961	0.01833	0.0
0.13889	0.12769	0.09117
0.0	0.0	0.0
0.06667	0.06667	0.04545
0.03333	0.03333	0.05
0.09278	0.04856	0.04081
0.0	0.0	0.0
0.6	0.2216	0.25527
0.05769	0.05769	0.02703
0.0	0.0	0.0
0.125	0.09678	0.12521
0.0	0.0	0.0
0.05128	0.03226	0.04838
0.17262	0.14574	0.1241
0.10909	0.09209	0.07662
0.05263	0.05263	0.06897
0.29927	0.19756	0.12764
0.875	0.875	0.82353
0.2381	0.22271	0.18207
0.01724	0.01724	0.02222
0.15254	0.1099	0.03734
0.05405	0.04532	0.03846
0.11321	0.07304	0.07555
0.06061	0.05311	0.04478
0.06335	0.05138	0.03697
0.06186	0.05221	0.06839
0.0	0.0	0.0
0.76471	0.76471	0.81818
0.21429	0.16132	0.06641
0.23729	0.16188	0.13552
0.0	0.0	0.0
0.13333	0.13333	0.11111
0.0354	0.02284	0.01492
0.3	0.257	0.2226
0.07407	0.07407	0.03922
0.0	0.0	0.0
0.14286	0.14286	0.0
0.0202	0.0202	0.01562
1.0	0.4807	0.457
0.0	0.0	0.0
0.04	0.04	0.03571
0.0	0.0	0.0
0.25	0.21169	0.12609
0.0	0.0	0.0
0.01399	0.01399	0.01942
0.14286	0.14286	0.11111
0.125	0.10281	0.0516
0.22727	0.2258	0.12903
0.25	0.25	0.0
0.04348	0.04348	0.02083
0.20833	0.15636	0.14988
0.02326	0.02326	0.0
0.11321	0.11321	0.08333
0.33333	0.22582	0.23739
0.13492	0.10216	0.06949
0.0463	0.0463	0.04286
0.0625	0.05292	0.06912
0.09756	0.09756	0.03846
0.02041	0.00263	0.0043
0.09615	0.06823	0.04434
0.38462	0.24069	0.2258
0.05	0.05	0.06977
0.15333	0.1385	0.12811
0.0	0.0	0.0
0.15625	0.15625	0.08
0.2	0.13548	0.07313
0.04255	0.04255	0.03226
0.0	0.0	0.0
1.23077	1.23077	1.2
0.29825	0.2094	0.1668
0.06452	0.06452	0.05
0.10769	0.0794	0.06677
0.20588	0.18785	0.18279
0.08	0.01936	0.01433
0.06667	0.06667	0.04762
0.25301	0.19125	0.18379
0.06944	0.06944	0.03846
0.17742	0.10198	0.10445
0.03125	0.03125	0.0
0.0	0.0	0.0
0.4	0.4	0.35294
0.0	0.0	0.0
0.11111	0.11111	0.0
0.08	0.08	0.0
0.04082	0.04082	0.03125
0.1	0.07614	0.07874
0.02542	0.02542	0.01266
0.11111	0.10304	0.09018
0.19048	0.19048	0.16667
1.0	1.0	1.0
0.0	0.0	0.0
0.375	0.375	0.5
0.16495	0.12405	0.08652
0.42308	0.37842	0.32889
0.25455	0.1918	0.19354
0.29412	0.18218	0.13003
0.05	0.04401	0.01651
0.02703	0.02703	0.0
0.04651	0.04651	0.0625
0.0	0.0	0.0
0.04082	0.03884	0.04615
0.25	0.25	0.23529
0.18919	0.12903	0.11582
0.07821	0.06722	0.02591
0.0	0.0	0.0
0.0	0.0	0.0
0.25758	0.19211	0.16664
0.34	0.2813	0.26188
0.10526	0.07811	0.04033
0.51724	0.51724	0.55556
0.07143	0.04917	0.0025
0.08333	0.08064	0.08696
0.04	0.04	0.05556
0.03968	0.03968	0.03659
0.0	0.0	0.0
0.35593	0.30346	0.25181
0.18116	0.15287	0.13569
0.01685	0.00816	0.01057
0.05195	0.03268	0.0286
0.05607	0.04221	0.04244
0.13953	0.13953	0.08
0.05926	0.04707	0.0503
0.02174	0.02174	0.02778
0.28467	0.21615	0.19061
0.12766	0.11187	0.03931
0.42857	0.30996	0.21911
0.14286	0.10752	0.11025
0.14286	0.10314	0.08735
0.0303	0.0303	0.0
0.17476	0.13749	0.10969
0.15909	0.12245	0.14193
0.19512	0.14556	0.10378
0.2561	0.19512	0.18242
0.0	0.0	0.0
0.68421	0.60274	0.72814
0.08696	0.0603	0.0625
0.02857	0.0215	0.01677
0.17143	0.11521	0.09819
0.07143	0.05838	0.06897
0.06849	0.06275	0.05061
1.0	0.6774	0.629
0.29808	0.26024	0.21229
0.66667	0.36833	0.30414
0.47222	0.41217	0.324
0.09615	0.07569	0.05882
0.11111	0.10335	0.04941
0.275	0.20485	0.17744
0.0	0.0	0.0
0.05714	0.0378	0.01292
0.08377	0.07262	0.06097
0.05357	0.05357	0.05128
0.25532	0.21277	0.17045
0.06818	0.06232	0.06594
0.1875	0.1875	0.14286
0.0	0.0	0.0
0.0	0.0	0.0
0.17544	0.13894	0.09679
0.19231	0.15446	0.15578
0.0	0.0	0.0
0.02632	0.02632	0.0
0.53846	0.28792	0.305
0.18182	0.11145	0.1855
0.13793	0.1015	0.09599
0.14286	0.05067	0.08064
0.25806	0.18423	0.06615
0.19231	0.19231	0.29412
0.17241	0.17241	0.26316
0.19444	0.15324	0.11829
0.58333	0.5045	0.46154
0.28125	0.17341	0.10138
0.0	0.0	0.0
0.45161	0.37668	0.2517
0.09589	0.09148	0.0684
0.2	0.17922	0.1398
0.0	0.0	0.0
0.14634	0.10346	0.09218
0.28571	0.12448	0.09185
0.0	0.0	0.0
0.08966	0.07098	0.05329
0.1831	0.11858	0.07313
0.16	0.14584	0.2
0.09091	0.06996	0.05644
0.26744	0.17519	0.15075
0.06	0.06	0.0597
0.25	0.25	0.25
0.30769	0.22958	0.23347
0.05172	0.02948	0.01732
0.08333	0.08333	0.05556
0.06897	0.04893	0.00325
0.1087	0.07643	0.06272
0.0625	0.0625	0.1
0.84211	0.74537	0.70223
0.09756	0.09756	0.04167
0.19481	0.18057	0.16508
0.05682	0.05168	0.03774
0.17419	0.12445	0.0811
0.375	0.26612	0.66667
0.47059	0.37194	0.38068
0.61538	0.44408	0.3516
0.13793	0.13793	0.11111
0.11538	0.10112	0.09778
0.01316	0.01316	0.01923
0.24324	0.18486	0.20895
0.024	0.02348	0.02381
0.06522	0.05329	0.04333
0.16129	0.13285	0.11542
0.40741	0.40741	0.4
0.06173	0.03943	0.00359
0.0	0.0	0.0
0.77778	0.7503	0.67895
0.07317	0.07476	0.0625
0.21875	0.16838	0.04841
0.33333	0.31849	0.35869
0.29268	0.28088	0.16129
0.16892	0.13429	0.14203
0.21154	0.18053	0.11341
0.11765	0.11765	0.08824
0.22148	0.15393	0.15284
0.0	0.0	0.0
0.16667	0.11707	0.10811
0.0	0.0	0.0
0.33333	0.086	0.0
0.15	0.12452	0.0627
0.03226	0.03226	0.0
0.15385	0.11165	0.10897
0.10294	0.08303	0.04167
0.14286	0.14286	0.16667
0.14943	0.12125	0.09729
0.05952	0.05146	0.04005
0.46154	0.4536	0.42009
0.01149	0.01149	0.0
0.10526	0.10526	0.0
0.05172	0.0506	0.02778
0.0	0.0	0.0
0.31977	0.30046	0.28183
0.06329	0.05859	0.05455
0.3	0.2129	0.16129
0.0	0.0	0.0
0.44444	0.32322	0.24103
0.02222	0.00573	0.0086
0.19718	0.12663	0.10243
0.08333	0.0676	0.04539
0.10185	0.09768	0.09861
0.13636	0.11805	0.12709
0.22581	0.16235	0.06375
0.1375	0.12742	0.08738
0.57895	0.32437	0.492
0.04286	0.04286	0.03846
0.19231	0.17162	0.12162
0.03684	0.03208	0.03225
0.375	0.26812	0.1258
0.3125	0.24498	0.21508
0.33333	0.29362	0.21196
0.35135	0.2947	0.24196
0.2	0.18258	0.09778
0.02083	0.02083	0.03226
0.31429	0.20646	0.19078
0.08696	0.07083	0.03931
0.0	0.0	0.0
0.12	0.10774	0.01248
0.13846	0.12209	0.12904
0.08333	0.06094	0.05191
0.01923	0.01923	0.03226
0.2	0.1462	0.15725
0.08791	0.05991	0.07067
0.09877	0.09877	0.0566
0.0	0.0	0.0
0.0	0.0	0.0
0.08	0.08	0.05556
0.33333	0.33333	0.35
0.0	0.0	0.0
0.0875	0.06612	0.05904
0.09459	0.09459	0.08511
0.10638	0.10296	0.08824
0.0625	0.04134	0.04762
0.12329	0.10651	0.06714
0.27326	0.223	0.19556
0.72727	0.43991	0.24378
0.19811	0.17652	0.14053
0.04651	0.02438	0.0283
0.01852	0.01852	0.0
0.01266	0.01266	0.0
0.14286	0.14286	0.05882
0.28571	0.25251	0.16
0.03261	0.03261	0.03125
0.0	0.0	0.0
0.06977	0.06977	0.05263
0.10959	0.09104	0.08982
0.01176	0.01176	0.01639
0.20556	0.16363	0.10225
0.03571	0.03571	0.05556
0.0	0.0	0.0
0.07143	0.07143	0.04762
0.09091	0.09091	0.04762
0.03252	0.03252	0.03614
0.13043	0.09304	0.05891
0.04861	0.03607	0.03401
0.0	0.0	0.0
0.0	0.0	0.0
0.0	0.0	0.0
0.09859	0.09587	0.07392
0.30814	0.28002	0.24651
0.21951	0.20141	0.15385
0.04348	0.04348	0.0
0.0	0.0	0.0
0.20588	0.17339	0.18639
0.3871	0.31219	0.34018
0.0274	0.01812	0.00718
0.01408	0.01408	0.0
0.33333	0.33333	0.33333
0.04545	0.04545	0.04762
0.41667	0.41667	0.375
0.39216	0.28153	0.26073
0.21176	0.17287	0.17071
0.0	0.0	0.0
0.0	0.0	0.0
0.13298	0.11822	0.07926
0.03497	0.02752	0.02392
0.08442	0.07038	0.03365
0.07229	0.04702	0.05942
0.0875	0.05041	0.03117
0.33333	0.33333	0.33333
0.15068	0.13699	0.05993
0.0	0.0	0.0
0.24	0.2	0.23529
0.26087	0.18304	0.16748
0.19588	0.13037	0.14097
0.23645	0.22454	0.18032
0.04878	0.03816	0.03636
0.03704	0.03704	0.0
0.06897	0.06897	0.06061
0.04908	0.04532	0.03897
0.0	0.0	0.0
0.0	0.0	0.0
0.05882	0.05882	0.04167
0.0	0.0	0.0
0.22059	0.17219	0.14251
0.17308	0.16254	0.11507
0.0	0.0	0.0
0.04762	0.04762	0.0
0.08696	0.08696	0.0
0.14286	0.08986	0.0258
0.0	0.0	0.0
0.17708	0.10686	0.07761
0.04895	0.04263	0.04324
0.85714	0.29971	0.3548
0.23333	0.23333	0.19048
0.04444	0.04444	0.03571
0.08046	0.03745	0.02788
0.0	0.0	0.0
0.30303	0.19555	0.21913
0.0	0.0	0.0
0.36601	0.28317	0.22741
0.05556	0.00717	0.01075
0.08219	0.07203	0.05455
0.23171	0.13968	0.12784
0.19595	0.14996	0.15554
0.03911	0.03136	0.02048
0.0	0.0	0.0
0.55556	0.43722	0.47317
0.14706	0.17647	0.21053
0.15152	0.12806	0.10645
0.05128	0.02731	0.04096
0.15686	0.0911	0.09349
0.42857	0.33414	0.15255
0.14634	0.12668	0.09524
0.16667	0.16667	0.0
0.09709	0.08111	0.06224
0.11111	0.11111	0.1
0.08696	0.06523	0.05948
0.0	0.0	0.0
0.02703	0.02703	0.0
0.11194	0.09798	0.04097
0.33333	0.19259	0.18111
0.2	0.1387	0.25
0.25	0.16667	0.12035
0.44048	0.40169	0.33839
0.08642	0.07567	0.05489
0.04839	0.03642	0.02995
0.05263	0.04244	0.03533
0.0	0.0	0.0
0.23596	0.19609	0.22002
0.09859	0.08996	0.06388
0.0	0.0	0.0
0.19512	0.19512	0.16364
0.40113	0.32972	0.30825
0.24615	0.19008	0.1259
0.07609	0.07609	0.04918
0.0	0.0	0.0
1.54545	1.48391	1.61757
0.5	0.42208	0.14286
0.15714	0.1348	0.0907
0.07639	0.06833	0.07323
0.125	0.125	0.07317
0.0	0.0	0.0
0.22289	0.17858	0.13176
0.17778	0.12544	0.08231
0.04706	0.03947	0.03992
0.1625	0.10366	0.09785
0.07143	0.05723	0.0356
0.34211	0.28239	0.20645
0.1	0.1	0.07407
0.0	0.0	0.0
0.24648	0.22467	0.1942
0.09174	0.09056	0.06944
0.07432	0.06931	0.0794
0.66667	0.66667	0.66667
0.21429	0.21429	0.28571
0.03077	0.01514	0.02163
0.0	0.0	0.0
0.05333	0.04903	0.04348
0.19355	0.16961	0.05
0.01754	0.01754	0.02326
0.4507	0.38983	0.30235
0.12857	0.0862	0.06452
0.04598	0.03522	0.04918
0.15957	0.11361	0.05947
0.10714	0.07375	0.10526
0.3	0.2226	0.18862
0.16667	0.13386	0.11349
0.07143	0.07143	0.04762
0.16949	0.1028	0.07395
0.12727	0.10175	0.09051
0.01299	0.01299	0.01923
0.0	0.0	0.0
0.05882	0.05882	0.0
0.13158	0.08489	0.07767
0.0	0.0	0.0
0.11268	0.09768	0.0956
0.26316	0.26316	0.18182
0.32353	0.19501	0.15279
0.16788	0.15306	0.11733
0.0	0.0	0.0
0.02564	0.02564	0.0
0.0	0.0	0.0
0.17391	0.10383	0.08165
0.4	0.3806	0.06457
0.16129	0.11537	0.07574
0.02344	0.02344	0.0119
0.07407	0.04659	0.0
0.04478	0.0337	0.02273
0.25	0.26775	0.23964
0.07353	0.05268	0.054
0.11475	0.10418	0.11364
0.12121	0.12121	0.05246
0.34286	0.23597	0.16974
0.33333	0.2304	0.23537
0.30496	0.27317	0.2211
0.21277	0.20193	0.15886
0.20833	0.15504	0.11259
0.08889	0.08889	0.06897
0.17164	0.1276	0.09646
0.13043	0.05752	0.10371
0.09756	0.0598	0.05186
0.13514	0.13514	0.17391
0.01064	0.01064	0.0
0.25281	0.18813	0.15339
0.07895	0.07725	0.08202
0.11321	0.06453	0.06134
0.08929	0.07604	0.06272
0.04054	0.03422	0.03909
0.22222	0.15509	0.09328
0.19497	0.16313	0.16952
0.03448	0.02281	0.02878
0.125	0.09505	0.06992
0.04762	0.03879	0.03893
0.02941	0.02941	0.02326
0.08333	0.08333	0.05882
0.11111	0.11111	0.04762
0.01961	0.01961	0.02857
0.11	0.08581	0.04789
0.15044	0.1296	0.09103
0.17986	0.1281	0.09425
0.02609	0.01908	0.01474
0.14545	0.11028	0.05738
0.03448	0.03374	0.01754
0.1125	0.09154	0.07339
0.5625	0.36094	0.19358
0.1269	0.11168	0.10867
0.17143	0.17143	0.21739
0.9375	0.52025	0.6001
0.0	0.0	0.0
0.0	0.0	0.0
0.53846	0.49631	0.5565
0.03571	0.00921	0.0129
0.125	0.09972	0.08475
0.09302	0.05851	0.03571
0.04762	0.03688	0.0
0.16176	0.13994	0.08889
0.63636	0.63636	0.75
0.40146	0.3532	0.32762
0.07229	0.04004	0.02496
0.0	0.0	0.0
0.54545	0.54545	0.66667
0.13333	0.1043	0.14223
0.25806	0.20986	0.18887
0.04494	0.01776	0.01667
0.13889	0.13381	0.09722
0.14667	0.07269	0.06651
0.22449	0.20408	0.13685
0.05682	0.05682	0.05882
0.06748	0.0471	0.04717
0.01087	0.01087	0.01786
0.08911	0.07346	0.057
0.5	0.44444	0.5
0.13725	0.12587	0.11859
0.27778	0.20967	0.21233
0.0	0.0	0.0
0.05128	0.01159	0.01674
0.14286	0.1321	0.11937
0.16667	0.13183	0.10562
0.02564	0.01613	0.01695
0.07619	0.05869	0.08941
0.51852	0.51852	0.41176
0.53061	0.40294	0.41845
0.43243	0.37577	0.29715
0.16667	0.12767	0.06641
0.11613	0.09261	0.07707
0.13793	0.11162	0.04628
0.04651	0.04651	0.01538
0.01587	0.01587	0.0
0.11321	0.09952	0.06955
0.03226	0.03226	0.04545
0.06618	0.05171	0.04231
0.12	0.09066	0.0694
0.21429	0.15207	0.10264
0.20833	0.18348	0.11128
0.0	0.0	0.0
0.34483	0.30645	0.25069
0.0	0.0	0.0
0.05882	0.00759	0.01075
0.47917	0.29375	0.37214
0.12598	0.1209	0.0814
0.05	0.05	0.0
0.05263	0.05263	0.03774
0.04592	0.04592	0.03759
0.0	0.0	0.0
0.04839	0.04839	0.04444
0.05263	0.05263	0.05714
0.12903	0.08223	0.06196
0.01887	0.01887	0.0
0.01299	0.01299	0.00962
0.05172	0.04005	0.00873
0.04217	0.04217	0.04425
1.0	0.48367	0.758
0.57143	0.57143	0.5
0.27273	0.23461	0.16531
0.09756	0.08851	0.05341
0.21212	0.21212	0.20455
0.06742	0.05111	0.07648
0.16667	0.16667	0.0
0.17526	0.12371	0.10434
0.0566	0.0426	0.02778
0.09524	0.07297	0.07539
0.2561	0.23329	0.1841
0.08333	0.08101	0.08197
0.07229	0.05053	0.02091
0.32143	0.28083	0.276
0.72	0.4606	0.41287
0.05195	0.03309	0.02669
0.0	0.0	0.0
0.0	0.0	0.0
0.08108	0.05578	0.10138
0.15789	0.09511	0.0538
0.2	0.15664	0.13944
0.01852	0.00896	0.01233
0.05882	0.03063	0.01771
0.30769	0.19883	0.14216
0.09474	0.08081	0.05656
0.44444	0.27256	0.1775
0.14706	0.11479	0.16667
0.30556	0.17564	0.1084
0.25	0.25	0.16667
0.04545	0.04155	0.02564
0.08333	0.08333	0.09091
0.11111	0.11292	0.125
0.02098	0.02098	0.02273
0.27473	0.21875	0.19895
0.5	0.48461	0.44188
0.08108	0.06278	0.07143
0.0	0.0	0.0
0.27941	0.22772	0.162
0.5	0.5	0.5
0.11321	0.08886	0.07918
0.02778	0.02778	0.04167
0.16	0.16	0.125
0.01538	0.01438	0.02703
0.04348	0.04348	0.0303
0.1223	0.0984	0.0484
0.67742	0.58694	0.53439
0.0	0.0	0.0
0.125	0.09408	0.125
0.14894	0.13245	0.0625
0.0	0.0	0.0
0.12121	0.0743	0.06914
0.08824	0.06074	0.08333
0.2029	0.12062	0.13521
0.18421	0.15283	0.10184
0.20561	0.16823	0.14969
0.0	0.0	0.0
0.2	0.2	0.09524
0.28814	0.22253	0.18588
0.17241	0.15683	0.0774
0.10909	0.10322	0.10526
0.05556	0.05556	0.08333
0.0566	0.0566	0.0
0.39024	0.3391	0.36982
0.08	0.06774	0.03571
0.14286	0.14286	0.16667
0.6	0.38287	0.31382
0.03738	0.01629	0.02388
0.11628	0.10053	0.0625
0.01053	0.01053	0.01389
1.5	0.9675	2.258
0.12088	0.09714	0.06286
0.15789	0.15789	0.08333
0.05208	0.05208	0.03077
0.03947	0.03141	0.03015
0.15254	0.15473	0.19355
0.0	0.0	0.0
0.46429	0.34564	0.25305
0.11864	0.08364	0.08145
0.16216	0.16216	0.04
0.12941	0.12941	0.07508
0.28571	0.47693	0.54489
0.03448	0.03448	0.03448
0.0	0.0	0.0
0.19048	0.15362	0.14979
0.0	0.0	0.0
0.13725	0.0911	0.06631
0.12195	0.10071	0.09482
0.11765	0.10341	0.07713
0.0	0.0	0.0
0.01754	0.01754	0.02632
0.0	0.0	0.0
0.0	0.0	0.0
0.05263	0.03524	0.01279
0.09375	0.08872	0.04545
0.0	0.0	0.0
0.08333	0.08333	0.04545
0.1123	0.09316	0.09198
0.11905	0.11905	0.11538
0.0	0.0	0.0
0.15957	0.14379	0.0587
0.03797	0.03104	0.0
0.0	0.0	0.0
0.10714	0.10714	0.04762
0.26389	0.24775	0.23212
1.4	1.0516	1.0
0.03448	0.03448	0.02778
0.09375	0.07459	0.08696
0.14286	0.11598	0.09485
0.33333	0.3241	0.16347
0.26471	0.1945	0.10968
0.08065	0.06661	0.04802
0.01739	0.01739	0.01351
0.08527	0.08527	0.0664
0.09375	0.07611	0.07854
0.05634	0.05497	0.03774
0.0	0.0	0.0
0.0	0.0	0.0
0.10256	0.07446	0.0441
0.12766	0.1105	0.10769
0.0	0.0	0.0
0.24138	0.09791	0.11883
0.0	0.0	0.0
0.77778	0.77778	0.6
0.08772	0.06735	0.04237
0.44444	0.33517	0.34318
0.0	0.0	0.0
0.0	0.0	0.0
0.11321	0.0846	0.08571
0.17164	0.14251	0.12473
0.3	0.29838	0.28571
0.04545	0.03007	0.01077
0.0	0.0	0.0
0.58333	0.33875	0.0452
0.21519	0.13639	0.10993
0.09091	0.09091	0.07692
0.14286	0.11131	0.05414
0.22105	0.21562	0.23248
0.09917	0.07704	0.06523
0.05	0.05	0.03333
0.06	0.06	0.0
0.09043	0.08322	0.0679
0.09649	0.07613	0.01551
0.0	0.0	0.0
0.51515	0.51515	0.52381
0.01818	0.01818	0.02778
0.10345	0.09788	0.10811
0.05172	0.04948	0.025
0.02959	0.02959	0.01835
0.17073	0.17073	0.13462
0.22222	0.14457	0.11093
0.18182	0.12309	0.0
0.0	0.0	0.0
0.33333	0.11833	0.1775
0.1	0.1	0.18182
0.0303	0.0189	0.03275
0.0125	0.0125	0.01923
0.08036	0.06855	0.04483
0.09677	0.03645	0.05263
0.44776	0.43091	0.395
0.33333	0.2613	0.1774
0.1	0.1	0.18182
0.16129	0.16129	0.15
0.09524	0.09524	0.09091
0.07692	0.06601	0.0511
0.10345	0.07952	0.06361
0.24359	0.21094	0.185
0.21053	0.15335	0.09031
0.0	0.0	0.0
0.0	0.0	0.0
0.05882	0.05882	0.03571
0.125	0.12635	0.12121
0.05988	0.04617	0.04011
0.57143	0.35186	0.35273
0.07353	0.06215	0.04365
0.0	0.0	0.0
0.03846	0.03846	0.02792
0.08989	0.08989	0.08475
0.0	0.0	0.0
0.07576	0.02103	0.01903
0.03822	0.02671	0.02404
0.1	0.0484	0.02659
0.5	0.5	0.5
0.0	0.0	0.0
0.0274	0.02651	0.01961
0.08824	0.07403	0.04545
0.0	0.0	0.0
0.03529	0.02619	0.03226
0.03125	0.03125	0.02703
0.14599	0.09726	0.0595
0.23077	0.10185	0.13267
0.375	0.18688	0.15273
0.52083	0.44758	0.36404
0.12857	0.10254	0.07125
0.04225	0.0309	0.02488
0.27273	0.22973	0.19717
0.0	0.0	0.0
0.17708	0.14417	0.13103
0.21212	0.18573	0.13037
0.28477	0.23585	0.21752
0.11111	0.11111	0.08546
0.13333	0.09027	0.0
0.16774	0.14174	0.12144
0.14286	0.09309	0.11358
0.14925	0.13722	0.13299
0.15909	0.10777	0.04264
0.35	0.35	0.33333
0.0411	0.04021	0.0339
0.09016	0.0669	0.06704
0.10615	0.06688	0.06454
0.22857	0.20554	0.20833
0.15152	0.11924	0.07717
0.11702	0.09266	0.08188
0.0	0.0	0.0
0.21	0.15097	0.10297
0.0	0.0	0.0
0.01852	0.01852	0.02632
0.0	0.0	0.0
0.02439	0.02439	0.0
0.28125	0.25806	0.2
0.04545	0.04545	0.04
0.22222	0.22222	0.3
0.05405	0.05405	0.04167
0.26087	0.1767	0.16129
0.0	0.0	0.0
0.21053	0.16675	0.1233
0.18966	0.14684	0.07905
0.0	0.0	0.0
0.0	0.0	0.0
0.0099	0.0099	0.01471
0.2459	0.22266	0.12544
0.07407	0.07407	0.07143
0.10366	0.07416	0.08096
0.39286	0.28804	0.28155
0.06897	0.04094	0.02496
0.2	0.15614	0.09679
0.15385	0.10971	0.08186
0.14607	0.11926	0.10563
0.07407	0.04659	0.04762
0.26316	0.20971	0.16381
0.23077	0.17492	0.0625
0.05714	0.05714	0.03571
0.09195	0.0812	0.03503
0.64286	0.51271	0.48389
0.03448	0.03448	0.03226
0.64	0.36652	0.312
0.18	0.18258	0.15542
0.05825	0.05043	0.03947
0.05263	0.04177	0.01445
0.12575	0.09213	0.08713
0.19048	0.19048	0.14634
0.02439	0.02518	0.03922
0.05263	0.02433	0.02703
0.31579	0.15453	0.20507
0.0241	0.0241	0.0
0.0	0.0	0.0
0.11111	0.06989	0.08333
0.0	0.0	0.0
0.28571	0.28571	0.25
0.11111	0.09915	0.11111
0.07759	0.032	0.04035
0.05556	0.04063	0.00554
0.1	0.1	0.0
0.0303	0.0303	0.02439
0.08621	0.06062	0.05838
0.17117	0.11479	0.10385
0.0	0.0	0.0
0.0625	0.0625	0.06452
0.13402	0.10309	0.06895
0.08571	0.08571	0.04348
0.1875	0.129	0.22222
0.6	0.40485	0.36448
0.16084	0.14099	0.16618
0.14444	0.10611	0.07367
0.11765	0.11574	0.04167
0.33333	0.33333	0.3
0.15979	0.15214	0.15591
0.17	0.16323	0.14706
0.45	0.28955	0.36559
0.28261	0.25715	0.20236
0.03311	0.03311	0.03261
0.73333	0.73333	0.7
0.0	0.0	0.0
0.125	0.125	0.09375
0.09091	0.07155	0.06103
0.23711	0.21448	0.19496
0.26357	0.21854	0.22726
0.25	0.25	0.28571
0.01316	0.01316	0.01111
1.0	0.629	0.6774
0.0	0.0	0.0
0.15556	0.15556	0.11111
0.08163	0.06782	0.01042
0.0	0.0	0.0
0.66667	0.5678	0.5323
0.17204	0.12454	0.10283
0.0	0.0	0.0
0.0	0.0	0.0
0.31944	0.29257	0.3028
0.07071	0.05246	0.03129
0.13636	0.13636	0.16667
0.0	0.0	0.0
0.50794	0.48235	0.45748
0.0303	0.00782	0.01122
0.12698	0.09422	0.06069
0.22581	0.19565	0.21739
0.51429	0.49309	0.45032
0.19231	0.11413	0.08895
0.20721	0.16828	0.12327
0.04959	0.0296	0.02488
0.0	0.0	0.0
1.0	1.0	1.0
0.0339	0.035	0.05405
0.11321	0.08642	0.09346
0.51613	0.4334	0.48964
0.19512	0.15263	0.12669
0.07273	0.04398	0.02778
0.13014	0.10584	0.09218
0.0	0.0	0.0
1.0	0.656	0.5614
0.03774	0.01764	0.03931
0.03571	0.02996	0.03311
0.05	0.00887	0.00478
0.23077	0.14477	0.05036
0.09836	0.0698	0.07111
0.13333	0.13333	0.08197
0.04286	0.03226	0.00561
0.13043	0.11735	0.07031
0.2766	0.20796	0.09158
0.24138	0.13352	0.12905
0.21687	0.16363	0.13944
0.18391	0.17464	0.17504
0.2	0.13765	0.15681
0.0	0.0	0.0
0.44444	0.28678	0.0215
0.10127	0.0927	0.06042
0.0	0.0	0.0
0.48485	0.48288	0.3913
0.04444	0.03871	0.06061
0.11628	0.08402	0.05203
0.35714	0.26729	0.1129
0.45238	0.45238	0.43333
0.0274	0.0274	0.04082
0.11111	0.11111	0.14286
0.33333	0.23419	0.1888
0.0	0.0	0.0
0.27778	0.19539	0.02936
0.0	0.0	0.0
0.18182	0.18377	0.16579
0.0	0.0	0.0
0.28571	0.28571	0.25
0.13208	0.11868	0.12809
0.18571	0.13871	0.12333
0.25806	0.11502	0.08376
0.0	0.0	0.0
0.09804	0.05155	0.02955
0.15517	0.13905	0.1206
0.09796	0.09138	0.07216
0.37037	0.37037	0.4
0.45238	0.35638	0.30712
0.16107	0.14072	0.11394
0.15789	0.11884	0.17369
0.09091	0.09091	0.05556
0.10784	0.09773	0.07529
0.11039	0.10829	0.09008
0.0	0.0	0.0
0.14286	0.10752	0.16129
0.04494	0.04494	0.01639
0.0177	0.0177	0.0125
0.08955	0.06645	0.04051
0.16794	0.11821	0.11961
0.13333	0.12473	0.06923
0.44444	0.30467	0.15067
0.32143	0.32143	0.32353
0.03125	0.02395	0.02374
0.29167	0.2715	0.13975
0.0	0.0	0.0
0.17204	0.14016	0.11241
0.0	0.0	0.0
0.10345	0.05453	0.00785
0.41333	0.2413	0.21741
0.08333	0.05913	0.05791
0.21429	0.11293	0.06456
0.0	0.0	0.0
0.52	0.52	0.52381
0.23529	0.18024	0.10443
0.22034	0.21924	0.19444
0.17857	0.17857	0.21053
0.0	0.0	0.0
0.02564	0.02564	0.03571
0.2043	0.16512	0.15003
0.44086	0.42353	0.39655
0.27273	0.22286	0.20118
0.14583	0.09696	0.07682
0.28571	0.28571	0.25
0.02857	0.02857	0.02083
0.45455	0.27573	0.295
0.05556	0.05556	0.08333
0.0	0.0	0.0
0.07143	0.07143	0.11111
0.33333	0.29842	0.19917
1.0	1.0	1.0
0.30233	0.24535	0.17277
0.03571	0.00693	0.00924
0.06731	0.04963	0.04271
0.30189	0.25079	0.24048
0.14085	0.12085	0.06895
0.0	0.0	0.0
0.45455	0.35925	0.35714
0.19828	0.19299	0.13798
0.125	0.0922	0.04334
0.08333	0.0766	0.09677
0.12651	0.1164	0.11555
0.26154	0.21438	0.13564
0.05618	0.03952	0.01836
0.2381	0.2381	0.26667
0.04878	0.04878	0.06452
0.45455	0.45455	0.45455
0.02703	0.02703	0.0
0.19444	0.15861	0.13885
0.05618	0.04965	0.04244
0.0	0.0	0.0
0.0	0.0	0.0
0.17857	0.17857	0.17949
0.0	0.0	0.0
0.0	0.0	0.0
0.21918	0.18382	0.15876
0.11667	0.1016	0.12484
0.15789	0.10358	0.0717
0.03846	0.03846	0.02703
0.0	0.0	0.0
0.0	0.0	0.0
0.2	0.1265	0.10459
0.26667	0.20358	0.11758
0.11504	0.07823	0.06139
0.0	0.0	0.0
0.0	0.0	0.0
0.0	0.0	0.0
0.14943	0.11124	0.08491
0.04575	0.04217	0.02428
0.13072	0.08603	0.04593
0.16667	0.16265	0.08511
0.27778	0.224	0.12318
0.0	0.0	0.0
0.0	0.0	0.0
0.13333	0.09313	0.07154
0.66667	0.66667	0.77778
0.0	0.0	0.0
0.09524	0.09524	0.07143
0.48276	0.37376	0.29327
0.57895	0.55603	0.54704
0.10959	0.1087	0.06383
0.2	0.2	0.14286
0.09091	0.05949	0.06923
0.0	0.0	0.0
0.52381	0.28576	0.26062
0.05263	0.05263	0.08333
0.05	0.05	0.06667
0.08197	0.05657	0.0315
0.0	0.0	0.0
0.1028	0.08563	0.05152
0.09735	0.08423	0.0641
0.24265	0.18194	0.11468
0.27007	0.25077	0.2482
0.22059	0.19306	0.15637
0.25926	0.15056	0.1694
0.09524	0.04071	0.04338
0.12418	0.09867	0.06514
0.08621	0.08621	0.05263
0.09877	0.07567	0.04715
0.08247	0.07416	0.03744
0.15068	0.11577	0.09151
0.41429	0.31177	0.33202
0.0	0.0	0.0
0.34328	0.2446	0.17362
0.17391	0.11922	0.02282
0.01613	0.01613	0.02857
0.34091	0.23389	0.29548
0.19403	0.17719	0.17556
0.0	0.0	0.0
0.14035	0.10923	0.09015
0.0	0.0	0.0
0.0	0.0	0.0
0.0	0.0	0.0
0.15625	0.11291	0.07186
0.0	0.0	0.0
0.22314	0.15942	0.11608
0.07692	0.04892	0.03597
0.10769	0.10769	0.11111
0.42105	0.33111	0.37107
0.07843	0.05753	0.04174
0.1	0.1	0.0
0.22785	0.22785	0.23529
0.46341	0.35407	0.36697
0.33333	0.33333	0.33333
0.25	0.17932	0.1331
0.19512	0.16837	0.11538
0.38776	0.33708	0.30254
0.07937	0.05171	0.05553
0.11538	0.11413	0.11111
0.75	0.621	0.484
0.12903	0.10823	0.05891
0.21053	0.21053	0.14706
0.0	0.0	0.0
0.88889	0.70256	0.61757
0.19565	0.1487	0.12
0.15625	0.10384	0.01538
0.13333	0.11798	0.08116
0.05263	0.05263	0.08333
0.02857	0.02857	0.04167
0.375	0.22662	0.18021
0.13889	0.10125	0.05379
0.07487	0.06659	0.05802
0.30882	0.26613	0.26541
0.19079	0.17636	0.1761
0.0	0.0	0.0
0.0	0.0	0.0
0.07143	0.07143	0.0
0.0	0.0	0.0
0.0	0.0	0.0
0.50704	0.40575	0.31692
0.48485	0.32455	0.24345
0.0	0.0	0.0
0.04444	0.02367	0.00197
0.01923	0.01923	0.0
0.15789	0.15789	0.08333
0.0	0.0	0.0
0.0	0.0	0.0
0.01852	0.01344	0.0
0.22727	0.16864	0.0847
0.16327	0.15449	0.09926
0.07692	0.01985	0.0258
0.09091	0.11364	0.12
0.12088	0.08898	0.04506
0.19027	0.18313	0.17731
0.06849	0.06849	0.07273
0.04545	0.03518	0.03485
0.01724	0.01724	0.025
0.1875	0.16938	0.14682
0.06557	0.05448	0.0315
0.03922	0.03922	0.02703
0.15966	0.11359	0.10341
0.11111	0.08552	0.0384
0.0	0.0	0.0
0.096	0.0831	0.07439
0.04444	0.02629	0.03573
0.35	0.30645	0.33333
0.17391	0.17391	0.14286
0.33333	0.17567	0.14286
0.0	0.0	0.0
0.31579	0.29372	0.29167
0.14136	0.12043	0.06453
0.01852	0.01852	0.02703
0.0	0.0	0.0
0.22857	0.17791	0.14223
0.75	0.68817	0.8
0.09	0.09	0.08108
0.07692	0.07692	0.04762
0.2	0.1212	0.12539
0.0	0.0	0.0
0.17778	0.11829	0.13306
0.13636	0.1206	0.08064
0.03659	0.02262	0.02151
0.70588	0.44982	0.47322
0.18018	0.13252	0.11684
0.03289	0.02801	0.01869
0.0678	0.0678	0.05405
0.45161	0.31119	0.31862
0.175	0.14272	0.08505
0.15385	0.14433	0.10909
0.28571	0.23706	0.22834
0.42282	0.40962	0.36248
0.0	0.0	0.0
0.5	0.37905	0.4433
0.36232	0.31512	0.23241
0.23457	0.18162	0.19426
0.07386	0.06507	0.02653
0.1875	0.14919	0.14286
0.23529	0.131	0.0796
0.18182	0.18182	0.14286
0.07937	0.06759	0.08066
0.0	0.0	0.0
0.20588	0.13188	0.12904
0.06803	0.04893	0.03165
0.2037	0.15174	0.10765
0.15942	0.15942	0.1525
0.175	0.09678	0.10633
0.10769	0.09378	0.06977
0.06	0.05096	0.09091
0.0	0.0	0.0
0.0	0.0	0.0
0.0	0.0	0.0
0.3578	0.27938	0.2059
0.05455	0.04985	0.04711
0.26506	0.19823	0.15786
0.0	0.0	0.0
0.25	0.19626	0.1168
0.04545	0.04545	0.0
0.63636	0.63636	0.57143
0.11765	0.07908	0.04885
0.08065	0.08065	0.025
0.18644	0.14764	0.11452
0.22222	0.18281	0.11158
0.21739	0.09889	0.11507
0.09859	0.08042	0.04462
0.08511	0.08511	0.03226
0.34615	0.21465	0.19274
0.02667	0.02667	0.03846
0.09434	0.08034	0.06103
0.25714	0.21537	0.19885
0.4	0.15655	0.1425
0.17105	0.11121	0.05125
0.04762	0.00614	0.0086
0.0	0.0	0.0
0.0	0.0	0.0
0.01786	0.01709	0.01802
0.29508	0.24854	0.19353
0.1068	0.09051	0.05922
0.05455	0.02522	0.00968
0.13636	0.11143	0.08894
0.0	0.0	0.0
0.16667	0.16667	0.14583
0.1831	0.1831	0.12195
0.09195	0.09195	0.09091
0.19512	0.11254	0.15872
0.15385	0.15385	0.11111
0.10667	0.06603	0.07714
0.07547	0.0426	0.03051
0.32	0.27162	0.25806
0.0	0.0	0.0
0.12	0.09292	0.13274
0.0	0.0	0.0
0.23529	0.16135	0.13812
0.0	0.0	0.0
0.14815	0.12904	0.20494
0.03571	0.03571	0.0
0.12121	0.08798	0.09748
0.05369	0.04005	0.04366
0.0	0.0	0.0
0.0	0.0	0.0
0.23077	0.16623	0.22586
0.2381	0.18638	0.17574
0.04167	0.04167	0.0
0.01695	0.01695	0.01316
0.83333	0.6345	0.542
0.25333	0.17979	0.14932
0.0	0.0	0.0
0.68421	0.75047	0.83875
0.1405	0.11651	0.10245
0.5	0.43314	0.29957
0.0	0.0	0.0
0.27907	0.25545	0.27473
0.08333	0.08333	0.1
0.21739	0.15148	0.09112
0.075	0.075	0.03704
0.08824	0.07212	0.09091
0.04	0.04	0.03125
0.30769	0.17869	0.1323
0.09615	0.05585	0.03226
0.25	0.11025	0.125
0.0	0.0	0.0
0.0	0.0	0.0
0.12821	0.12821	0.10714
0.21875	0.19153	0.17745
0.0	0.0	0.0
0.08974	0.08375	0.06422
0.16216	0.09678	0.10217
0.09524	0.07986	0.07692
0.19355	0.12697	0.07224
0.14388	0.11464	0.07014
0.06349	0.06349	0.05405
0.12245	0.11127	0.07662
0.07547	0.04586	0.03792
0.0	0.0	0.0
0.2	0.17205	0.06011
0.09524	0.09524	0.09091
0.08333	0.08333	0.06349
0.1411	0.12191	0.08018
0.28571	0.25461	0.16667
0.18605	0.1373	0.1424
0.5	0.46238	0.44497
0.13415	0.09384	0.08775
0.0	0.0	0.0
0.0	0.0	0.0
0.0	0.0	0.0
0.5	0.36567	0.36567
0.07692	0.07692	0.09091
0.0	0.0	0.0
0.05	0.05	0.07407
0.06977	0.0574	0.00975
0.45833	0.37367	0.25062
0.0	0.0	0.0
0.0678	0.0678	0.02632
0.7	0.6162	0.355
0.13333	0.13333	0.09091
0.14286	0.09833	0.07345
0.0	0.0	0.0
0.05917	0.05039	0.05766
0.72	0.52388	0.40333
0.0531	0.04625	0.01299
1.0	0.45175	0.355
0.33333	0.24424	0.13975
0.07407	0.05794	0.02778
0.10145	0.09164	0.10777
0.14815	0.08841	0.0086
0.40625	0.22588	0.12295
0.21311	0.16339	0.13183
0.07317	0.06059	0.05708
0.09756	0.06715	0.04536
0.11111	0.0912	0.0962
0.21176	0.17875	0.12572
0.11765	0.08653	0.06608
0.19048	0.02924	0.01492
0.11111	0.11111	0.06122
0.0	0.0	0.0
0.0125	0.00322	0.00516
0.0	0.0	0.0
0.08081	0.08081	0.04762
0.07477	0.05035	0.03961
0.07143	0.07143	0.04762
0.09091	0.09091	0.07692
0.05882	0.05882	0.01786
0.19048	0.17129	0.11175
0.08163	0.08163	0.03333
0.03226	0.03226	0.0
0.19231	0.12531	0.11122
0.0	0.0	0.0
0.21739	0.20267	0.11077
0.58333	0.52686	0.46543
0.17368	0.1428	0.09448
0.06667	0.05548	0.06912
0.11765	0.07465	0.03871
0.04167	0.02621	0.02857
0.02128	0.02128	0.0
0.08163	0.0698	0.05452
0.07692	0.07692	0.10526
0.0	0.0	0.0
0.125	0.07414	0.04796
0.13725	0.12555	0.12121
0.01408	0.01408	0.02083
0.08	0.03872	0.05378
0.13812	0.11924	0.07951
0.0	0.0	0.0
0.02564	0.02564	0.04
0.38596	0.31411	0.35808
0.0	0.0	0.0
0.02941	0.01138	0.01548
0.0	0.0	0.0
0.14286	0.14286	0.09091
0.26446	0.20208	0.18572
0.15625	0.14009	0.0226
0.14925	0.13097	0.10577
0.45238	0.40783	0.38294
0.09434	0.06391	0.08038
1.5	0.9675	2.258
0.0	0.0	0.0
0.0	0.0	0.0
0.0	0.0	0.0
0.28571	0.23468	0.27127
0.07692	0.05831	0.03688
0.1215	0.08321	0.04839
0.28571	0.2378	0.22507
0.03529	0.03529	0.01786
0.33333	0.11833	0.1775
0.04545	0.04545	0.06667
0.15254	0.10715	0.08913
0.17647	0.12141	0.0215
0.19626	0.19415	0.17259
0.14286	0.11983	0.07259
1.0	0.636	0.54025
0.08511	0.07091	0.06249
0.0122	0.01299	0.01923
0.25352	0.20085	0.14517
0.24051	0.21724	0.1602
0.0	0.0	0.0
0.21429	0.16129	0.0258
0.28125	0.24597	0.26995
0.16667	0.1129	0.07819
0.26316	0.23049	0.15012
0.11818	0.11818	0.12162
0.0	0.0	0.0
0.0	0.0	0.0
0.05455	0.05336	0.05405
0.25191	0.23812	0.18391
0.11538	0.09058	0.07132
0.18182	0.12309	0.0
0.04348	0.04348	0.04255
0.18182	0.18182	0.0
0.35593	0.28814	0.34102
0.14035	0.10358	0.08333
0.0	0.0	0.0
0.29508	0.27764	0.32022
0.0	0.0	0.0
0.05455	0.05218	0.05
0.21951	0.1078	0.04087
0.14286	0.13155	0.1087
0.21649	0.20353	0.18387
0.19444	0.16696	0.08647
0.13913	0.1094	0.11606
0.17857	0.10832	0.10358
0.19512	0.17349	0.1613
0.01818	0.00724	0.01126
0.22222	0.17564	0.17377
0.3	0.2	0.21657
0.05556	0.03494	0.00992
0.07752	0.05902	0.03955
0.08571	0.06451	0.05242
0.0	0.0	0.0
0.44444	0.44444	0.40741
0.0	0.0	0.0
0.33333	0.19356	0.15067
0.0	0.0	0.0
0.10127	0.08413	0.06769
0.15306	0.12772	0.09826
0.08696	0.07363	0.07957
0.0625	0.0625	0.04
0.13699	0.13214	0.04943
0.15	0.10969	0.10224
0.02959	0.02557	0.02427
0.0	0.0	0.0
0.0	0.0	0.0
0.13158	0.10866	0.07097
0.04762	0.02305	0.02653
0.15487	0.13318	0.1225
1.5	1.0	4.065
0.02857	0.01613	0.01961
0.09231	0.08089	0.06522
0.0	0.0	0.0
1.5	1.226	1.258
0.23256	0.19356	0.10068
0.19048	0.19048	0.1875
0.0	0.0	0.0
0.09836	0.0698	0.05507
0.26316	0.20716	0.12035
0.10526	0.08826	0.15385
0.25	0.17377	0.17857
0.29412	0.25047	0.18182
0.09848	0.07599	0.04473
0.125	0.11139	0.04951
0.25	0.24729	0.1875
0.0	0.0	0.0
0.0	0.0	0.0
0.05357	0.04379	0.02632
0.0	0.0	0.0
0.10938	0.10938	0.09302
0.27273	0.22289	0.13632
0.02857	0.02857	0.0
0.04545	0.04545	0.03571
0.24031	0.20255	0.14573
0.16667	0.12232	0.07837
0.18868	0.16006	0.153
0.05172	0.05172	0.02632
0.25397	0.24373	0.15131
0.03509	0.03509	0.02857
0.0	0.0	0.0
0.05102	0.0237	0.02386
0.14286	0.12705	0.13417
0.30769	0.22212	0.21065
0.10638	0.05698	0.08345
0.07216	0.06452	0.04688
0.07246	0.07013	0.06122
0.07692	0.05292	0.03893
0.63636	0.63636	0.66667
0.05714	0.03594	0.04167
0.58333	0.5215	0.28225
0.07143	0.06913	0.06667
0.06767	0.0599	0.06089
0.03896	0.02597	0.03225
0.07547	0.07547	0.05714
0.0	0.0	0.0
0.14634	0.12668	0.08438
0.13208	0.0983	0.05407
0.26087	0.24126	0.10177
0.07143	0.07143	0.06329
0.0	0.0	0.0
0.42105	0.31063	0.19083
0.02778	0.02778	0.0
0.12717	0.10796	0.11347
0.07547	0.05631	0.06004
0.0	0.0	0.0
0.01408	0.01408	0.01887
0.16309	0.13928	0.12244
0.12903	0.12903	0.05556
0.04348	0.04348	0.0
0.08889	0.08889	0.09677
0.0	0.0	0.0
0.13725	0.12018	0.16129
0.0	0.0	0.0
0.07576	0.07576	0.06522
0.06098	0.06098	0.04918
0.0	0.0	0.0
0.02778	0.02778	0.04545
0.0367	0.03049	0.02963
0.04762	0.02688	0.0
0.04444	0.0325	0.02493
0.25547	0.21147	0.1771
0.08511	0.07	0.03794
0.04706	0.03681	0.03918
0.21429	0.19494	0.19213
0.1375	0.12029	0.08926
0.0	0.0	0.0
0.17391	0.09762	0.10073
0.14286	0.0795	0.11037
0.46296	0.40326	0.32458
0.13433	0.13336	0.1043
0.0	0.0	0.0
0.52	0.44776	0.33694
0.13415	0.10309	0.06619
0.3913	0.25948	0.19357
0.125	0.125	0.2
0.0	0.0	0.0
0.1037	0.09247	0.07186
0.34483	0.23362	0.22436
0.10606	0.08555	0.09756
0.51282	0.50083	0.47071
0.16071	0.13307	0.08851
0.17857	0.14054	0.10752
0.33333	0.31519	0.26188
0.03704	0.01972	0.0
0.04	0.02753	0.02219
0.20192	0.14362	0.12906
0.07895	0.05137	0.05108
0.0	0.0	0.0
0.54545	0.41055	0.37953
0.0	0.0	0.0
0.11765	0.10341	0.09091
0.0	0.0	0.0
0.04	0.02	0.02857
0.22222	0.12997	0.13846
0.08718	0.0799	0.05314
0.06897	0.02947	0.04074
0.13636	0.08139	0.07008
0.1875	0.1875	0.16667
0.07937	0.06657	0.04545
0.15789	0.13583	0.11077
0.07463	0.05778	0.05128
0.06098	0.06098	0.0
0.0443	0.0392	0.01942
0.01316	0.01316	0.0
0.1	0.1	0.07143
0.0	0.0	0.0
0.23529	0.21538	0.1965
0.0	0.0	0.0
0.07097	0.05161	0.03158
0.09091	0.09091	0.0
0.12048	0.10999	0.08548
0.16901	0.11132	0.08824
0.01587	0.01587	0.02083
0.02128	0.02128	0.0
0.0303	0.02639	0.04348
0.44444	0.44444	0.4
0.41538	0.37817	0.3363
0.0	0.0	0.0
0.14815	0.08244	0.08632
0.05263	0.03838	0.03727
0.61905	0.45929	0.37194
0.39726	0.30407	0.2904
0.41379	0.277	0.27905
0.0	0.0	0.0
0.32432	0.30254	0.20776
0.02857	0.02857	0.0
0.09231	0.07791	0.04489
0.08397	0.04754	0.03189
0.0	0.0	0.0
0.0	0.0	0.0
0.0	0.0	0.0
0.06977	0.06264	0.06668
0.77778	0.22956	0.28517
0.15556	0.13333	0.06868
0.08475	0.08364	0.02778
0.24742	0.22746	0.20215
0.81356	0.76981	0.75416
0.11377	0.09272	0.07666
0.26087	0.22861	0.23529
0.07692	0.06885	0.03328
0.12658	0.12658	0.12766
0.34211	0.27508	0.30071
0.12977	0.10245	0.05823
0.02	0.0013	0.00203
0.01333	0.00259	0.00359
0.16981	0.14972	0.08805
0.25806	0.20084	0.16453
0.17568	0.11291	0.10675
0.20513	0.10341	0.11809
0.30303	0.23755	0.2426
0.51613	0.31848	0.26276
0.16514	0.15152	0.10269
0.02128	0.00891	0.01197
0.0	0.0	0.0
0.08108	0.08108	0.03704
0.04545	0.04545	0.05172
0.0	0.0	0.0
0.0	0.0	0.0
0.2907	0.20442	0.1764
0.63636	0.63636	0.66667
0.0	0.0	0.0
0.0	0.0	0.0
0.4466	0.35862	0.29169
0.19835	0.18502	0.12351
0.2	0.15736	0.11937
0.14103	0.11435	0.08313
0.04167	0.02151	0.01248
0.09722	0.08021	0.01787
0.16667	0.13622	0.17869
0.5	0.19362	0.271
0.21429	0.19585	0.16
0.46667	0.28283	0.26886
0.28049	0.17978	0.17544
0.0	0.0	0.0
0.44118	0.44118	0.44444
0.46667	0.36347	0.3194
0.07143	0.06257	0.05073
0.17241	0.14462	0.14518
0.12054	0.09275	0.05807
0.03704	0.01315	0.0
0.25714	0.18897	0.13786
0.30769	0.21589	0.21276
0.11905	0.10523	0.09957
0.0	0.0	0.0
0.21053	0.12563	0.13312
0.05479	0.05479	0.05357
0.20705	0.17409	0.15418
0.2069	0.17186	0.13668
0.3	0.2161	0.02683
0.06897	0.06897	0.04348
0.15942	0.11035	0.10688
0.12329	0.0884	0.07384
0.2381	0.17514	0.12153
0.0	0.0	0.0
0.09091	0.09091	0.14286
0.36364	0.28445	0.2452
0.0	0.0	0.0
0.31373	0.21125	0.15245
0.06548	0.04742	0.04908
0.0	0.0	0.0
0.04706	0.04706	0.03509
0.10465	0.05214	0.05031
0.0	0.0	0.0
0.55319	0.51019	0.42689
0.08772	0.0464	0.07803
0.0678	0.04866	0.04351
0.14754	0.13379	0.10526
0.26316	0.23513	0.2235
0.01852	0.01852	0.0
0.03371	0.03371	0.03279
0.15	0.15	0.11111
0.10938	0.09426	0.06631
0.0	0.0	0.0
0.15294	0.13398	0.10679
0.12903	0.11552	0.1229
0.0	0.0	0.0
0.15625	0.13306	0.125
0.125	0.125	0.2
0.0303	0.0303	0.04167
0.125	0.09907	0.08066
0.0	0.0	0.0
0.56944	0.55914	0.54
0.17647	0.14839	0.13228
0.14545	0.14309	0.13889
0.1165	0.10743	0.04789
0.08621	0.06119	0.04076
0.19231	0.19231	0.21429
0.39506	0.3262	0.31653
0.04444	0.04444	0.03448
0.3	0.2806	0.06457
0.0	0.0	0.0
0.31579	0.30165	0.29658
0.03361	0.02684	0.02326
0.12821	0.10918	0.09032
0.25	0.21775	0.0
0.18519	0.09559	0.06641
0.0	0.0	0.0
0.30882	0.29554	0.25441
0.0	0.0	0.0
0.0	0.0	0.0
0.12766	0.12766	0.06061
0.17647	0.14897	0.1226
0.10714	0.09677	0.07115
0.11268	0.06363	0.02953
0.41176	0.29445	0.23923
0.07692	0.07692	0.05882
0.24	0.20646	0.20779
0.0	0.0	0.0
0.31579	0.21053	0.19217
0.17021	0.13315	0.07786
0.0	0.0	0.0
0.4717	0.39196	0.39817
0.0	0.0	0.0
0.175	0.15808	0.15439
0.0	0.0	0.0
0.08824	0.08728	0.06818
0.06667	0.0566	0.03571
0.13115	0.10946	0.08339
0.07692	0.05708	0.04715
0.18667	0.17248	0.11912
0.22308	0.20572	0.21327
0.2	0.18839	0.21398
0.0	0.0	0.0
0.06122	0.05859	0.06667
0.09756	0.09915	0.08
0.37273	0.31967	0.29494
0.2069	0.198	0.18623
0.21359	0.19918	0.15413
0.12	0.09098	0.06265
0.0	0.0	0.0
0.0	0.0	0.0
0.2381	0.15824	0.09185
0.13194	0.11447	0.11839
0.25749	0.21211	0.22034
0.03125	0.03328	0.04348
0.0	0.0	0.0
0.15789	0.14261	0.1315
0.0	0.0	0.0
0.08475	0.05905	0.07577
0.21053	0.19638	0.15705
0.0	0.0	0.0
0.35385	0.31463	0.32653
0.07547	0.06736	0.05538
0.20339	0.15581	0.16535
0.2029	0.19214	0.16192
0.28571	0.23351	0.22045
0.15385	0.15385	0.14062
0.16667	0.12176	0.09218
0.01149	0.01149	0.0
0.10577	0.09678	0.08404
0.23913	0.16972	0.14884
0.13	0.12194	0.05323
0.20833	0.13579	0.12906
0.2	0.2	0.14286
0.07692	0.06923	0.06742
0.11765	0.09676	0.11111
0.08955	0.07752	0.08559
0.13793	0.09234	0.08832
0.20879	0.17265	0.14164
0.41667	0.3495	0.15487
0.11397	0.09144	0.08371
0.4	0.4	0.28571
0.16129	0.10303	0.05071
0.3913	0.27489	0.15819
0.25714	0.17791	0.10123
0.45614	0.41258	0.39498
0.0	0.0	0.0
0.1625	0.10041	0.0968
0.17857	0.17857	0.15789
0.0	0.0	0.0
0.5	0.39758	0.30029
0.14286	0.06457	0.0
0.28571	0.26869	0.26465
0.0	0.0	0.0
0.25	0.18747	0.12645
0.0	0.0	0.0
0.0	0.0	0.0
0.0	0.0	0.0
0.07812	0.05394	0.06478
0.03571	0.0288	0.00838
0.16744	0.13744	0.14208
0.13699	0.11445	0.12367
0.13889	0.12186	0.09677
0.19403	0.19403	0.14286
0.04545	0.04595	0.03261
0.09589	0.08573	0.04427
0.05882	0.04301	0.06452
0.26667	0.1226	0.16133
0.07273	0.06276	0.02778
0.06061	0.06061	0.08333
0.25	0.19896	0.18436
0.0	0.0	0.0
0.26316	0.26316	0.25
0.29412	0.29412	0.32
0.0	0.0	0.0
0.11864	0.08669	0.0599
0.07692	0.05208	0.11111
0.15152	0.10916	0.11453
0.01408	0.01408	0.0
0.24324	0.22319	0.125
0.50794	0.40557	0.38374
0.11696	0.08733	0.07855
0.10638	0.0906	0.06897
0.07407	0.07407	0.08571
0.11111	0.11111	0.01173
2.0	1.323	0.323
0.12698	0.12648	0.04348
0.03448	0.03448	0.025
0.12389	0.09992	0.10167
0.28723	0.2639	0.26422
0.18072	0.1547	0.10303
0.20253	0.20253	0.23404
0.21053	0.15447	0.27273
0.1165	0.10053	0.10814
0.0	0.0	0.0
0.36364	0.20236	0.246
0.0	0.0	0.0
0.02128	0.01579	0.03125
0.11111	0.09976	0.07021
0.03636	0.03636	0.0
0.06818	0.0667	0.05556
0.05263	0.04443	0.01521
0.0	0.0	0.0
0.13636	0.1052	0.08726
0.0	0.0	0.0
0.15385	0.15385	0.11111
0.1	0.1	0.0
0.08333	0.08333	0.05882
0.04545	0.04447	0.04762
0.05882	0.04555	0.0303
0.19231	0.10423	0.10059
0.11111	0.10081	0.0625
0.22857	0.14196	0.11222
0.13333	0.10217	0.05071
0.26923	0.26923	0.33333
0.32143	0.32143	0.22222
0.14286	0.14286	0.03704
0.0	0.0	0.0
0.20339	0.17881	0.13743
0.0	0.0	0.0
0.26761	0.224	0.16774
0.08511	0.06933	0.03657
0.0	0.0	0.0
0.03846	0.02729	0.03043
0.36	0.27488	0.31571
0.12308	0.08586	0.05808
0.06557	0.06135	0.05276
0.176	0.10891	0.06529
0.12941	0.08614	0.07472
0.26562	0.26109	0.27807
0.08861	0.07065	0.05303
0.08333	0.08333	0.1
0.38462	0.34246	0.242
0.02239	0.02239	0.02151
0.07634	0.07634	0.1
0.29167	0.25628	0.20258
0.04118	0.03207	0.02056
0.1039	0.08127	0.07775
0.14545	0.12611	0.08108
0.3038	0.21438	0.19783
0.19565	0.15358	0.11265
0.57143	0.318	0.621
0.1625	0.14355	0.12147
0.06349	0.05275	0.04693
0.22642	0.20938	0.21603
0.10577	0.0949	0.0896
0.21818	0.19587	0.12512
0.0	0.0	0.0
0.16418	0.12806	0.10165
0.05455	0.05338	0.02857
0.10526	0.02718	0.08333
0.18182	0.10264	0.16129
0.0	0.0	0.0
0.42105	0.42105	0.35714
0.0	0.0	0.0
0.57895	0.34642	0.5
0.125	0.125	0.13333
0.0	0.0	0.0
0.14894	0.09543	0.06883
0.11842	0.1076	0.08903
0.01471	0.01471	0.02128
0.35	0.2863	0.11616
0.15385	0.12035	0.10526
0.28571	0.19475	0.15519
0.25161	0.20625	0.19254
0.25	0.20558	0.06641
0.08081	0.073	0.06176
0.09639	0.08978	0.05455
0.04762	0.04148	0.0
0.0	0.0	0.0
0.06977	0.06977	0.09677
0.14493	0.13557	0.05037
0.14286	0.14286	0.0
0.02273	0.02273	0.0
0.03896	0.03981	0.02041
0.20408	0.20408	0.15625
0.0	0.0	0.0
0.0	0.0	0.0
0.02564	0.02564	0.04167
0.89706	0.89706	0.93617
0.22222	0.22222	0.2
0.15385	0.10669	0.1815
0.27536	0.25386	0.28571
0.06897	0.06897	0.03226
0.13889	0.11828	0.12285
0.27059	0.20949	0.22342
0.0	0.0	0.0
0.09677	0.02863	0.0363
0.28205	0.18733	0.175
0.21875	0.21875	0.12
0.03529	0.02581	0.00373
0.07018	0.07018	0.0625
0.48276	0.45941	0.54841
0.17188	0.12518	0.11423
0.192	0.13988	0.06453
0.04348	0.02735	0.04193
0.0	0.0	0.0
0.0	0.0	0.0
0.12766	0.08579	0.05141
0.0	0.0	0.0
0.53846	0.40864	0.26588
0.0	0.0	0.0
0.0	0.0	0.0
0.03371	0.01631	0.02242
0.0	0.0	0.0
0.03704	0.03704	0.04545
0.0	0.0	0.0
0.2	0.18173	0.19048
0.72727	0.42827	0.33657
0.41667	0.345	0.28648
0.27551	0.24292	0.23818
0.0	0.0	0.0
0.5	0.24657	0.27425
0.20833	0.20743	0.14815
0.26875	0.19517	0.1553
0.0	0.0	0.0
0.0578	0.05351	0.02915
0.01361	0.01361	0.01031
0.14286	0.10323	0.06159
0.0	0.0	0.0
0.01587	0.00665	0.00998
0.09091	0.06009	0.06667
0.54545	0.54545	0.54167
0.05769	0.05769	0.02941
0.16418	0.14556	0.14965
0.05833	0.05431	0.04052
0.09804	0.06894	0.0625
0.12903	0.06039	0.03509
0.73333	0.34207	0.3678
0.09091	0.07877	0.05268
0.4717	0.42543	0.31856
0.04	0.04	0.0
0.0303	0.0303	0.0
0.21053	0.16129	0.13887
0.0	0.0	0.0
0.0	0.0	0.0
0.28571	0.25652	0.21429
0.17857	0.13825	0.06272
0.16883	0.14893	0.11756
0.05714	0.03411	0.00792
0.12745	0.09456	0.08603
0.07895	0.05943	0.04661
0.53846	0.28046	0.3105
0.08333	0.04947	0.01775
0.1761	0.13655	0.12091
0.06818	0.06818	0.05556
0.02941	0.02941	0.0
0.07895	0.07895	0.03846
0.10127	0.09268	0.07898
0.13462	0.10919	0.0828
0.2844	0.25185	0.16766
0.13483	0.1283	0.10938
0.0	0.0	0.0
0.21429	0.1705	0.11145
0.04167	0.04167	0.07692
0.12903	0.12277	0.10705
0.30769	0.30769	0.33333
0.0	0.0	0.0
0.0	0.0	0.0
0.37234	0.34557	0.3128
0.0	0.0	0.0
0.4	0.4	0.5
0.0	0.0	0.0
0.35294	0.30553	0.18283
0.27	0.21098	0.18701
0.0	0.0	0.0
0.07843	0.06516	0.02941
0.0	0.0	0.0
0.0	0.0	0.0
0.0	0.0	0.0
0.11475	0.08831	0.07692
0.31579	0.15453	0.20507
0.0122	0.0122	0.0
0.0	0.0	0.0
0.05556	0.05556	0.08333
0.05263	0.05263	0.09091
0.28571	0.28571	0.25
0.15385	0.14142	0.17647
0.06957	0.02638	0.03034
0.08929	0.07489	0.03317
0.1	0.1	0.0
0.01538	0.01538	0.0
0.07018	0.06396	0.03227
0.18182	0.12112	0.10385
0.0	0.0	0.0
0.04255	0.04255	0.06452
0.11579	0.08421	0.05601
0.11429	0.09863	0.04348
0.1875	0.129	0.22222
0.72222	0.49464	0.41428
0.17687	0.15165	0.14012
0.14444	0.13011	0.10162
0.21053	0.20882	0.11538
0.33333	0.33333	0.3
0.15544	0.14775	0.14975
0.17822	0.17151	0.15942
0.47222	0.33422	0.38452
0.27778	0.2573	0.22977
0.04	0.04	0.03261
0.73333	0.73333	0.7
0.0	0.0	0.0
0.15	0.1363	0.09375
0.09434	0.07425	0.06103
0.21111	0.1853	0.15836
0.24627	0.21112	0.22726
0.40909	0.34164	0.375
0.05229	0.04871	0.02198
1.0	0.629	0.6774
0.0	0.0	0.0
0.30909	0.30909	0.29412
0.1	0.08646	0.01042
0.0	0.0	0.0
0.70588	0.61865	0.61025
0.13483	0.08773	0.07721
0.0	0.0	0.0
0.0	0.0	0.0
0.30986	0.28261	0.3028
0.05051	0.05051	0.0303
0.19048	0.19048	0.16667
0.0	0.0	0.0
0.54688	0.50405	0.46189
0.0303	0.00782	0.01122
0.16393	0.1301	0.08656
0.3	0.2398	0.14595
0.51429	0.49309	0.45032
0.16364	0.10442	0.08719
0.21429	0.18262	0.14897
0.09449	0.07545	0.06971
0.0	0.0	0.0
1.0	1.0	1.0
0.10909	0.10556	0.09034
0.11321	0.08642	0.09346
0.53226	0.43756	0.48964
0.20161	0.15947	0.13569
0.07273	0.04398	0.02778
0.12752	0.10132	0.09329
0.0	0.0	0.0
1.0	0.656	0.5614
0.05357	0.05357	0.05714
0.06579	0.06225	0.05806
0.05	0.00887	0.00478
0.2	0.11615	0.05036
0.09677	0.06973	0.07111
0.11364	0.11364	0.06667
0.10959	0.08175	0.04704
0.12121	0.09727	0.03901
0.27083	0.19492	0.11997
0.23077	0.13527	0.11828
0.21687	0.16363	0.13944
0.20233	0.17962	0.15694
0.22034	0.18317	0.16527
0.0	0.0	0.0
0.44444	0.28678	0.0215
0.10127	0.0927	0.06042
0.09434	0.09434	0.10526
0.48485	0.48288	0.3913
0.04545	0.04545	0.06061
0.11628	0.08402	0.05203
0.27778	0.14694	0.05282
0.46512	0.46512	0.43333
0.0274	0.0274	0.04082
0.11111	0.11111	0.14286
0.3913	0.24826	0.23122
0.0	0.0	0.0
0.33333	0.20256	0.04109
0.0	0.0	0.0
0.22388	0.21473	0.16579
0.0	0.0	0.0
0.28571	0.28571	0.25
0.16364	0.15073	0.15374
0.18571	0.13871	0.12333
0.30357	0.16996	0.11778
0.0	0.0	0.0
0.12245	0.0823	0.04426
0.09091	0.09091	0.05128
0.08974	0.06989	0.04653
0.37037	0.37037	0.4
0.25806	0.14255	0.11205
0.20139	0.13799	0.1378
0.15	0.1629	0.23271
0.0	0.0	0.0
0.13684	0.12123	0.09315
0.12179	0.11972	0.09008
0.0	0.0	0.0
0.14286	0.10752	0.16129
0.03333	0.03333	0.01639
0.00893	0.00893	0.0125
0.12308	0.07792	0.05326
0.15873	0.12494	0.11936
0.12329	0.10518	0.06923
0.44444	0.30467	0.15067
0.26923	0.26923	0.28125
0.03125	0.02545	0.02595
0.29167	0.2715	0.13975
0.0	0.0	0.0
0.18681	0.15141	0.08693
0.0	0.0	0.0
0.07143	0.04034	0.00197
0.5122	0.33887	0.3186
0.11864	0.08529	0.09377
0.21429	0.11293	0.06456
0.18978	0.15	0.13819
0.53846	0.53846	0.54545
0.21875	0.13306	0.0629
0.15385	0.13771	0.12121
0.14815	0.14815	0.16667
0.0	0.0	0.0
0.02564	0.02564	0.03571
0.1573	0.12542	0.12216
0.36585	0.35012	0.33962
0.42857	0.37043	0.28096
0.17021	0.12647	0.1141
0.28571	0.28571	0.25
0.0	0.0	0.0
0.0	0.0	0.0
0.05556	0.05556	0.08333
0.15217	0.13254	0.13609
0.23529	0.23529	0.27273
0.23913	0.23913	0.20588
1.0	1.0	1.0
0.33333	0.26195	0.1753
0.07143	0.01614	0.00924
0.08	0.05355	0.05906
0.20755	0.15706	0.16424
0.13139	0.10525	0.05291
0.14286	0.14286	0.125
0.47826	0.37026	0.38711
0.16071	0.15582	0.10565
0.10909	0.07569	0.04334
0.04348	0.03646	0.06667
0.13174	0.12169	0.13903
0.29032	0.19511	0.15905
0.08989	0.07869	0.0689
0.2381	0.2381	0.26667
0.11628	0.09753	0.09375
0.4375	0.4375	0.45455
0.02703	0.02703	0.0
0.15873	0.11267	0.10907
0.04545	0.03409	0.02534
0.06349	0.06349	0.05682
0.5	0.5	0.4
0.27119	0.24988	0.25881
0.0	0.0	0.0
0.0	0.0	0.0
0.27632	0.23726	0.19417
0.14516	0.13058	0.14728
0.18421	0.10697	0.04096
0.0	0.0	0.0
0.04651	0.04651	0.03846
0.0	0.0	0.0
0.21569	0.13286	0.10459
0.26667	0.20358	0.11758
0.13158	0.07218	0.05559
0.0	0.0	0.0
0.0	0.0	0.0
0.04082	0.04082	0.02857
0.14943	0.11124	0.08491
0.04667	0.03764	0.01646
0.12329	0.09147	0.05575
0.11429	0.11016	0.06522
0.41176	0.28659	0.2355
0.0	0.0	0.0
0.0	0.0	0.0
0.11034	0.06987	0.0649
0.6	0.6	0.75
0.28571	0.28571	0.33333
0.09524	0.09524	0.07143
0.5	0.39636	0.28729
0.09524	0.09524	0.07692
0.30476	0.26698	0.19067
0.02703	0.02703	0.0
0.34545	0.34545	0.34286
0.07143	0.04917	0.0026
0.05208	0.03193	0.03852
0.0625	0.0625	0.0
0.0	0.0	0.0
0.35897	0.30522	0.28838
0.09677	0.09677	0.04167
0.16327	0.10998	0.03566
0.03659	0.02715	0.04082
0.20792	0.18461	0.2029
0.0339	0.02652	0.01176
0.0	0.0	0.0
0.06452	0.06452	0.04762
0.21429	0.14286	0.17971
0.0	0.0	0.0
0.2	0.2	0.13158
0.02985	0.02985	0.02439
0.08772	0.07018	0.075
0.45652	0.31702	0.27055
0.05882	0.05882	0.0625
0.1068	0.07798	0.03129
0.21569	0.17078	0.0835
0.28169	0.20172	0.1326
0.19512	0.17232	0.14638
0.25	0.25	0.15
0.44776	0.38233	0.2968
0.26582	0.26582	0.23636
0.27027	0.16654	0.17742
0.04545	0.04545	0.04082
0.0	0.0	0.0
0.275	0.2379	0.21032
0.49057	0.3116	0.22406
0.11864	0.11864	0.12
0.19048	0.14646	0.10859
0.54545	0.29916	0.20645
0.21212	0.18476	0.15645
0.0641	0.04867	0.04373
0.0597	0.0597	0.07317
0.15625	0.13003	0.13636
0.01064	0.01064	0.01493
0.0625	0.0625	0.09091
0.08197	0.05554	0.0484
0.08257	0.05297	0.03425
0.22368	0.22029	0.19149
0.125	0.08569	0.10752
0.21429	0.10946	0.1097
2.5	1.6615	3.258
0.0	0.0	0.0
0.15686	0.14041	0.12421
0.14865	0.13251	0.07656
0.05882	0.04079	0.01612
0.10811	0.09589	0.09946
0.26087	0.20761	0.13665
0.01754	0.01754	0.02273
0.00794	0.00794	0.0
0.07143	0.05185	0.03509
0.06061	0.06061	0.09091
0.07921	0.04536	0.05568
0.1	0.07133	0.0484
0.05556	0.0439	0.0272
0.0	0.0	0.0
0.04511	0.03832	0.02688
0.09375	0.06453	0.00283
0.03774	0.02374	0.00737
0.75	0.70962	0.44617
0.10345	0.10345	0.08333
0.14773	0.11178	0.05659
0.09722	0.06901	0.05769
0.0	0.0	0.0
0.08791	0.08791	0.04839
0.05155	0.03626	0.00772
0.09677	0.09079	0.07955
0.0	0.0	0.0
0.05128	0.05128	0.03846
0.04478	0.03082	0.04489
0.11765	0.11765	0.0
0.28378	0.23104	0.15496
0.38889	0.33517	0.25275
0.07407	0.07167	0.06667
0.12169	0.09815	0.08405
0.17797	0.13696	0.09476
0.03774	0.02009	0.00159
0.175	0.14786	0.13893
0.07692	0.07054	0.04815
0.23009	0.16444	0.10962
0.04	0.04	0.05556
0.32653	0.26697	0.17045
0.0	0.0	0.0
0.15385	0.13979	0.12
0.06897	0.06897	0.07692
0.22222	0.17043	0.15985
0.67647	0.54082	0.54422
0.04762	0.04762	0.06897
0.2619	0.18817	0.18409
0.17333	0.1112	0.09739
0.625	0.33075	0.1775
0.36667	0.24947	0.179
0.27273	0.20236	0.22814
0.16129	0.16129	0.08696
0.14286	0.12508	0.14706
0.1	0.07097	0.04348
0.13158	0.09086	0.05696
1.0	0.5808	0.81733
0.05882	0.05882	0.05714
0.08696	0.08696	0.09677
0.30303	0.21947	0.10143
0.25439	0.21845	0.23112
0.0	0.0	0.0
0.0	0.0	0.0
0.10798	0.08663	0.08192
0.39474	0.39474	0.38462
0.13333	0.10396	0.11465
0.05063	0.02777	0.04094
0.02857	0.02857	0.04167
0.0	0.0	0.0
0.075	0.06935	0.05085
0.02469	0.01394	0.02016
0.17007	0.14067	0.13264
0.00952	0.0043	0.0
0.15	0.11935	0.10669
0.02222	0.02222	0.03448
0.34483	0.33369	0.3
0.11364	0.08374	0.06388
0.18487	0.12579	0.1162
0.25641	0.23738	0.25697
0.2	0.12189	0.12263
0.14706	0.12854	0.06932
0.0	0.0	0.0
0.21053	0.12563	0.14155
0.13889	0.13531	0.15596
0.12195	0.10227	0.08363
0.0	0.0	0.0
0.02419	0.01665	0.0121
0.0	0.0	0.0
0.07407	0.04063	0.03321
0.02941	0.02941	0.02041
0.15254	0.10444	0.09598
0.15179	0.14344	0.1225
0.34091	0.29327	0.24311
0.18333	0.13603	0.06937
0.13656	0.11964	0.12055
0.0	0.0	0.0
0.14943	0.12015	0.05296
0.0	0.0	0.0
0.12941	0.07781	0.07156
0.09278	0.07849	0.06134
0.16162	0.11601	0.08995
0.18182	0.11436	0.09946
0.08571	0.07006	0.04348
0.375	0.27825	0.2452
0.12963	0.10456	0.09578
0.13514	0.11508	0.09032
0.15625	0.13356	0.11082
0.0625	0.04904	0.08571
0.05714	0.04054	0.0
0.075	0.06048	0.0473
0.0	0.0	0.0
0.0	0.0	0.0
0.06667	0.0596	0.0411
0.55	0.48388	0.45025
0.11864	0.06151	0.07476
0.0	0.0	0.0
0.09756	0.09756	0.09091
0.0339	0.0339	0.02273
0.04854	0.03226	0.03086
0.4	0.30526	0.25745
0.18182	0.15836	0.125
0.09756	0.06454	0.04117
0.04762	0.03993	0.02345
0.0	0.0	0.0
0.07273	0.04224	0.06061
0.16355	0.1319	0.13144
0.0	0.0	0.0
0.0	0.0	0.0
0.53333	0.40867	0.3581
0.0	0.0	0.0
0.0	0.0	0.0
0.16883	0.12736	0.11322
0.13208	0.11321	0.08692
0.09231	0.09231	0.1
0.32075	0.28942	0.25163
0.10909	0.07976	0.11716
0.44444	0.32078	0.25579
0.05556	0.03494	0.0426
0.08989	0.08228	0.11111
0.12903	0.09677	0.1
0.07273	0.07273	0.05405
0.26471	0.23199	0.17633
0.06186	0.06186	0.04839
0.03704	0.03704	0.0
0.22222	0.21282	0.19027
0.58824	0.58824	0.7
0.27273	0.18771	0.11768
0.15152	0.13539	0.10358
0.46341	0.42407	0.41379
0.25641	0.22458	0.21331
0.18321	0.13421	0.1129
0.0	0.0	0.0
0.01818	0.01252	0.01014
0.1875	0.18344	0.08333
0.13514	0.0933	0.04975
0.07692	0.07692	0.09677
0.10294	0.09013	0.06667
0.23256	0.20781	0.12648
0.1129	0.08532	0.0891
0.0274	0.0274	0.01818
0.03125	0.03125	0.04348
0.4	0.25165	0.21893
0.15625	0.15625	0.13043
0.15909	0.13527	0.1285
0.24419	0.18533	0.07202
0.05435	0.04768	0.05085
0.22581	0.19252	0.22727
0.0	0.0	0.0
0.26744	0.22506	0.1037
0.08065	0.08065	0.08108
0.07097	0.05765	0.03913
0.02878	0.02228	0.0303
0.09848	0.09336	0.07133
0.21053	0.21053	0.13333
0.12121	0.1173	0.11062
0.26744	0.19394	0.14039
0.12245	0.12245	0.09375
0.0	0.0	0.0
0.075	0.05485	0.07375
0.16216	0.13427	0.08494
0.3125	0.17138	0.09682
0.12766	0.12766	0.06061
0.0	0.0	0.0
0.0	0.0	0.0
0.2381	0.23195	0.10371
0.03571	0.03571	0.0
0.11111	0.11111	0.13043
0.47917	0.45397	0.39972
0.38	0.2665	0.27929
0.0	0.0	0.0
0.0	0.0	0.0
0.0	0.0	0.0
0.75	0.75	0.66667
0.20312	0.1532	0.03071
0.05556	0.05556	0.08333
0.0	0.0	0.0
1.0	0.4968	0.67733
0.0719	0.05904	0.06062
0.23684	0.13328	0.1465
0.15	0.15	0.18519
0.15385	0.13149	0.22095
0.03509	0.02999	0.03559
0.17949	0.13649	0.13808
0.0	0.0	0.0
0.6087	0.40252	0.27533
0.08	0.08	0.0
0.02985	0.02287	0.01183
0.0	0.0	0.0
0.05063	0.02001	0.0213
0.05634	0.03727	0.02859
0.0	0.0	0.0
0.28846	0.25435	0.22581
0.0	0.0	0.0
0.0	0.0	0.0
0.33333	0.29211	0.18817
0.0	0.0	0.0
0.14286	0.14286	0.0
0.0	0.0	0.0
0.01087	0.00351	0.00497
0.23448	0.21268	0.19688
0.1215	0.07056	0.04135
0.0241	0.01439	0.01754
0.05825	0.05043	0.04167
0.30303	0.19745	0.22429
0.09836	0.0862	0.04545
0.04918	0.04918	0.03302
0.40741	0.368	0.25805
0.0	0.0	0.0
0.0	0.0	0.0
0.02128	0.02128	0.03226
0.05882	0.01518	0.01173
0.0	0.0	0.0
0.11607	0.0746	0.06454
0.15789	0.15789	0.09091
0.14286	0.10231	0.02307
0.0	0.0	0.0
0.09677	0.06244	0.07773
0.20833	0.14046	0.13716
0.0	0.0	0.0
0.0	0.0	0.0
0.14754	0.10682	0.05376
0.0	0.0	0.0
0.11111	0.08284	0.06263
0.1087	0.08626	0.05344
0.20635	0.20635	0.2
0.0	0.0	0.0
0.0	0.0	0.0
0.17241	0.17241	0.15789
0.13158	0.07813	0.08333
0.125	0.09275	0.06287
0.17391	0.13043	0.125
0.1194	0.11121	0.07325
0.17949	0.14641	0.11529
0.0	0.0	0.0
0.32941	0.30968	0.29903
0.0	0.0	0.0
0.0	0.0	0.0
0.16667	0.08872	0.09117
0.0	0.0	0.0
0.0	0.0	0.0
0.18605	0.09905	0.05479
0.0	0.0	0.0
0.15385	0.15385	0.0
0.03571	0.03571	0.05556
0.4	0.1968	0.07371
0.225	0.15325	0.11322
0.0	0.0	0.0
0.0	0.0	0.0
0.18421	0.14008	0.13326
0.0	0.0	0.0
0.0	0.0	0.0
0.0	0.0	0.0
0.13158	0.09	0.05198
0.07143	0.05646	0.02905
0.09459	0.08674	0.0632
0.80556	0.80556	0.80952
0.0	0.0	0.0
0.05556	0.05917	0.1
0.05	0.05	0.03571
0.20732	0.15482	0.15444
0.18889	0.14516	0.14977
0.09494	0.08044	0.05855
0.0	0.0	0.0
0.0	0.0	0.0
0.04819	0.03809	0.04078
0.02941	0.02941	0.04167
0.12162	0.06539	0.07098
0.12381	0.10261	0.07205
0.0	0.0	0.0
0.33333	0.21503	0.23395
0.05	0.05	0.03846
0.08333	0.08333	0.0
0.0	0.0	0.0
0.10409	0.10133	0.0914
0.15909	0.15909	0.12903
0.17021	0.11743	0.08438
0.02381	0.02125	0.02326
0.4375	0.39112	0.362
0.0	0.0	0.0
0.04167	0.03629	0.07143
0.09259	0.06513	0.08119
0.0	0.0	0.0
0.03636	0.03636	0.0
0.04255	0.04255	0.0303
0.77778	0.91756	1.16667
0.12658	0.08903	0.06904
0.2375	0.17865	0.11679
0.28205	0.201	0.16852
0.16	0.09292	0.01794
0.07407	0.03944	0.00325
0.05556	0.03713	0.04524
0.03571	0.03111	0.05263
0.04082	0.02173	0.03227
0.02521	0.01789	0.02532
0.0625	0.0625	0.04348
0.05882	0.05882	0.02703
0.28125	0.28125	0.28205
0.09524	0.086	0.1
0.81818	0.75955	0.62214
0.09	0.05871	0.03174
0.0	0.0	0.0
0.08197	0.04021	0.01294
0.64286	0.48621	0.48389
0.26667	0.2172	0.18182
0.0	0.0	0.0
0.36	0.28776	0.19156
0.04255	0.02951	0.01334
0.0495	0.0345	0.0373
0.06299	0.04724	0.06452
0.04808	0.03909	0.02829
0.10063	0.07326	0.06149
0.025	0.00645	0.0
0.03704	0.03513	0.01136
0.11538	0.07618	0.08065
0.09375	0.09375	0.09524
0.22222	0.20067	0.0904
0.0	0.0	0.0
0.19444	0.13217	0.09153
0.0	0.0	0.0
0.05063	0.05063	0.03279
0.46154	0.39708	0.35122
0.32787	0.22002	0.19768
0.08621	0.08509	0.02222
0.03571	0.03571	0.01786
0.0	0.0	0.0
0.07216	0.0572	0.02024
0.22581	0.19148	0.13981
0.29032	0.15406	0.20005
0.11842	0.10101	0.07692
0.07143	0.0361	0.01612
0.16667	0.15233	0.08333
0.06604	0.0487	0.04345
0.04412	0.02634	0.02765
0.0	0.0	0.0
0.15341	0.13362	0.13418
0.18421	0.09849	0.08687
0.05405	0.05405	0.04
0.24561	0.14688	0.11412
0.1039	0.06787	0.06325
0.11679	0.07229	0.06654
0.2	0.2	0.0
0.32258	0.29381	0.21588
0.13333	0.13333	0.1
0.28571	0.23041	0.177
0.02532	0.01592	0.01667
0.1	0.06023	0.08605
0.0	0.0	0.0
0.04878	0.04878	0.0
0.02899	0.02899	0.03846
0.20588	0.16653	0.08102
0.07368	0.054	0.06067
0.31579	0.18847	0.18773
0.25352	0.20856	0.16984
0.0	0.0	0.0
0.28421	0.24009	0.19009
0.09091	0.08795	0.11111
0.15217	0.11993	0.13509
0.30682	0.21594	0.18679
0.0	0.0	0.0
0.15217	0.12483	0.11394
0.08219	0.06452	0.05113
0.06897	0.06672	0.05882
0.08571	0.0378	0.00882
0.1	0.1	0.08333
0.33333	0.21267	0.13519
0.0	0.0	0.0
0.0	0.0	0.0
0.07273	0.04927	0.03226
0.06452	0.06452	0.04348
0.09278	0.08612	0.0597
0.05085	0.03608	0.03051
0.0	0.0	0.0
0.0	0.0	0.0
0.45714	0.41754	0.34755
0.42857	0.25121	0.251
0.25862	0.23972	0.20485
0.44	0.38324	0.31318
0.22727	0.18768	0.18406
0.06667	0.0473	0.06757
0.05797	0.03459	0.05079
0.0	0.0	0.0
0.12121	0.07039	0.04909
0.13636	0.13636	0.0
0.05556	0.0466	0.03324
0.2	0.2	0.125
0.03846	0.0025	0.0
0.0274	0.0274	0.02041
0.15385	0.09181	0.06633
0.01639	0.00211	0.00331
0.02151	0.00486	0.00695
0.27273	0.14373	0.06456
0.0	0.0	0.0
0.0	0.0	0.0
0.55224	0.51469	0.51229
0.19512	0.19512	0.16
0.13793	0.11683	0.06309
0.28571	0.27036	0.24517
0.07921	0.07921	0.05714
0.16667	0.09679	0.019
0.10959	0.09192	0.07
0.16418	0.13627	0.07816
0.12583	0.10211	0.08582
0.08065	0.04474	0.06309
0.21818	0.16482	0.17009
0.59091	0.38564	0.25343
0.0	0.0	0.0
0.11111	0.09289	0.0963
0.33333	0.30467	0.0
0.43478	0.43478	0.5
0.04938	0.04938	0.0
0.17647	0.14737	0.15023
0.03571	0.00921	0.0
0.04286	0.04286	0.02083
0.0	0.0	0.0
0.39394	0.28939	0.2371
0.12209	0.09116	0.06789
0.4898	0.4451	0.36526
1.5	0.8225	1.258
0.18333	0.15482	0.09887
0.05114	0.0372	0.02877
0.17778	0.15987	0.16129
0.55882	0.3065	0.30805
0.2	0.2	0.11765
0.02174	0.0194	0.02222
0.0	0.0	0.0
0.25806	0.14258	0.11676
0.13287	0.07987	0.06346
0.0	0.0	0.0
0.0	0.0	0.0
0.4	0.26567	0.17959
0.66667	0.5298	0.56066
0.1	0.1	0.125
0.25	0.1855	0.10177
0.01639	0.00318	0.0
0.05769	0.03971	0.01794
0.0	0.0	0.0
0.11628	0.07951	0.07762
0.0	0.0	0.0
0.32143	0.29954	0.39221
0.22222	0.2007	0.14229
0.29487	0.28495	0.2549
0.1405	0.09837	0.09221
0.09677	0.09258	0.04762
0.11538	0.11538	0.10526
0.40506	0.33853	0.26817
0.08392	0.04986	0.05162
0.12088	0.0943	0.09112
0.08824	0.08824	0.10526
0.14706	0.12619	0.08511
0.02098	0.02098	0.02222
0.21429	0.21429	0.25
0.15909	0.14516	0.09375
0.0	0.0	0.0
0.19318	0.15049	0.13305
0.33333	0.22106	0.14072
0.28571	0.2359	0.23265
0.20833	0.15995	0.09888
0.08333	0.08333	0.0
0.13636	0.08555	0.07946
0.875	0.26637	0.3164
0.66667	0.47046	0.36993
0.05882	0.04079	0.04348
0.01493	0.01493	0.02326
0.13725	0.06643	0.04684
0.0	0.0	0.0
0.0	0.0	0.0
0.27642	0.21271	0.13971
0.0	0.0	0.0
0.0	0.0	0.0
0.10256	0.10256	0.09524
0.08511	0.06177	0.04738
0.09302	0.09302	0.0
0.02703	0.02703	0.04
0.13253	0.12164	0.08197
0.04082	0.02171	0.03333
0.0	0.0	0.0
0.09934	0.08097	0.06153
0.08451	0.08451	0.05186
0.09302	0.08252	0.05263
0.0	0.0	0.0
1.0	0.516	0.35467
0.0	0.0	0.0
0.42308	0.38958	0.32258
0.21387	0.17714	0.11662
0.0	0.0	0.0
0.09677	0.08481	0.07122
0.35714	0.35714	0.375
0.14286	0.14286	0.16667
0.0	0.0	0.0
0.0396	0.0396	0.01389
0.33333	0.33333	0.5
0.09023	0.06549	0.06775
0.16092	0.14571	0.08277
0.0	0.0	0.0
0.04167	0.0346	0.01638
0.0	0.0	0.0
0.06061	0.06258	0.04348
0.02439	0.02439	0.0303
0.01695	0.01695	0.0
0.2619	0.19512	0.15296
0.10638	0.06591	0.0625
0.16667	0.16159	0.08
0.03571	0.03571	0.04545
0.20588	0.16794	0.14809
0.03333	0.03333	0.03333
0.21818	0.1918	0.14062
0.19565	0.17672	0.17726
0.0641	0.03474	0.0349
0.0597	0.04863	0.027
0.14706	0.12997	0.08604
0.14035	0.10668	0.0553
0.29146	0.28773	0.27275
0.1129	0.10927	0.06376
0.05455	0.04105	0.037
0.14706	0.12777	0.05724
0.0	0.0	0.0
0.12583	0.09957	0.07865
0.10417	0.08469	0.09887
0.09804	0.07527	0.0625
0.07432	0.05906	0.02699
0.25641	0.15967	0.08604
0.27273	0.11736	0.13635
0.12069	0.10679	0.08234
1.5	0.9675	2.258
0.125	0.09981	0.00924
0.09231	0.07394	0.0365
0.17949	0.11997	0.05465
0.0	0.0	0.0
0.41379	0.2281	0.1859
0.23301	0.19889	0.15846
0.05405	0.04534	0.03922
0.21778	0.17147	0.15635
0.15254	0.10551	0.06132
0.10417	0.09127	0.07731
0.09434	0.0566	0.03038
0.0	0.0	0.0
0.0	0.0	0.0
0.03846	0.03846	0.02857
0.22034	0.16403	0.1014
0.38298	0.37509	0.30508
0.20548	0.18338	0.15133
0.06522	0.06522	0.03448
0.25926	0.20193	0.125
0.15789	0.04584	0.06656
0.22	0.2071	0.16227
0.07059	0.06793	0.08231
0.0	0.0	0.0
0.02381	0.02381	0.0
0.0	0.0	0.0
0.02778	0.01299	0.02222
0.13333	0.129	0.11111
0.05882	0.05755	0.0303
0.07692	0.07692	0.03571
0.2129	0.16337	0.15453
0.31897	0.29144	0.28378
0.16892	0.13884	0.09375
0.0	0.0	0.0
0.1134	0.08812	0.07526
0.03571	0.03571	0.0
0.02857	0.02765	0.02151
0.06061	0.06258	0.05
0.23077	0.17377	0.125
0.0625	0.0625	0.04762
0.4	0.38964	0.17082
0.07042	0.0577	0.0773
0.46667	0.36127	0.33344
0.08333	0.04839	0.04096
0.25806	0.25806	0.2381
0.23684	0.23684	0.25
0.07921	0.06675	0.04536
0.0	0.0	0.0
0.03226	0.03226	0.04348
0.13934	0.12824	0.09108
0.08	0.07505	0.05489
0.0367	0.02249	0.02957
0.1875	0.1875	0.09091
0.0	0.0	0.0
0.04615	0.02432	0.03764
0.0	0.0	0.0
0.28571	0.28571	0.25
0.45455	0.45455	0.45946
0.02899	0.02899	0.02083
0.08824	0.06009	0.05
0.08333	0.08333	0.0
0.02703	0.02703	0.0
0.23529	0.18029	0.1475
0.12593	0.12043	0.12258
0.07317	0.07317	0.06452
0.20833	0.17071	0.22367
0.08	0.08	0.0
0.07143	0.04032	0.05942
0.23333	0.23333	0.2
0.13095	0.13095	0.06897
0.05941	0.05941	0.02899
0.42424	0.42424	0.38889
0.0	0.0	0.0
0.52941	0.47818	0.4
0.19048	0.15514	0.08986
0.03333	0.03333	0.0
0.07018	0.07018	0.05333
0.11009	0.0956	0.05825
0.08511	0.08511	0.07407
0.00746	0.00505	0.01111
0.22222	0.20287	0.2043
0.03846	0.03846	0.05263
0.75758	0.75758	0.70833
0.15854	0.14026	0.10668
0.1	0.1	0.02381
0.09211	0.06664	0.06263
0.07143	0.07143	0.09091
0.08333	0.07438	0.0982
0.0	0.0	0.0
0.08333	0.06558	0.03969
0.2069	0.14684	0.15502
0.31915	0.22855	0.19471
0.09615	0.11538	0.11429
0.2449	0.20673	0.17409
0.03529	0.03453	0.01818
0.09489	0.08407	0.06337
0.24752	0.19389	0.159
0.0	0.0	0.0
0.28571	0.19817	0.14897
0.0	0.0	0.0
0.15116	0.11855	0.14993
0.16071	0.14575	0.07471
0.21053	0.18168	0.02659
0.22785	0.14908	0.11383
0.17949	0.15385	0.08
0.75	0.66925	0.5
0.9	0.7581	0.7205
0.16667	0.0215	0.0215
0.14737	0.13074	0.0809
0.09524	0.07986	0.07143
0.26446	0.23515	0.21347
0.27891	0.27211	0.22581
0.07273	0.06745	0.04749
0.11111	0.11111	0.14286
0.61538	0.34238	0.25
0.0	0.0	0.0
0.08	0.04904	0.0625
0.2963	0.27126	0.25094
0.09524	0.05071	0.0
0.2	0.14704	0.12808
0.02326	0.02326	0.0
0.07407	0.07407	0.05882
0.05556	0.05556	0.0
0.15686	0.12525	0.09411
0.2439	0.21204	0.12773
0.15	0.13524	0.11741
0.16822	0.13717	0.06501
0.01351	0.01351	0.0
0.21053	0.12139	0.06735
0.36364	0.29627	0.27425
0.23684	0.12437	0.09412
0.125	0.07796	0.07607
0.17647	0.17647	0.08511
0.13725	0.13725	0.11429
0.31707	0.22424	0.15872
0.0	0.0	0.0
0.17582	0.16147	0.1654
0.15686	0.13788	0.10823
0.5	0.36296	0.29721
0.42857	0.42857	0.5
0.03846	0.03846	0.0
0.05376	0.04682	0.02662
0.375	0.33269	0.2323
0.15217	0.122	0.03612
0.07692	0.07692	0.07143
0.36364	0.24636	0.258
0.02273	0.02273	0.03448
0.03846	0.01572	0.01923
0.05556	0.05556	0.03509
0.2	0.2	0.10526
1.0	0.6	0.69883
0.25	0.21775	0.14286
0.06897	0.06897	0.10526
0.0	0.0	0.0
0.2619	0.2619	0.26471
0.12821	0.10754	0.10647
0.02778	0.02778	0.0
0.08772	0.07217	0.07483
0.05769	0.05769	0.05263
0.0	0.0	0.0
0.17808	0.08796	0.06102
0.05747	0.0382	0.03937
0.22951	0.22951	0.20588
0.14286	0.11415	0.10108
0.09286	0.06753	0.03999
0.19298	0.14544	0.08757
0.23188	0.1861	0.14237
0.31034	0.20914	0.14261
0.0	0.0	0.0
0.05128	0.04632	0.04749
0.16071	0.16071	0.11429
0.10256	0.09428	0.06035
0.15686	0.15686	0.12903
0.06452	0.06452	0.04762
0.0	0.0	0.0
0.24194	0.23985	0.19512
0.02703	0.02703	0.03846
0.13333	0.13333	0.15625
0.03488	0.03113	0.00309
0.0	0.0	0.0
0.09434	0.09434	0.08333
0.05556	0.05556	0.0
0.04651	0.045	0.0303
0.0	0.0	0.0
0.15385	0.15385	0.09683
0.07895	0.07853	0.07692
0.0	0.0	0.0
0.75	0.57258	0.8065
0.07576	0.06061	0.04394
0.0	0.0	0.0
0.23077	0.20845	0.20518
0.25	0.15419	0.14181
0.12281	0.09989	0.08089
0.1875	0.17566	0.14862
0.16667	0.11613	0.12732
0.34545	0.31731	0.23411
0.0	0.0	0.0
0.0	0.0	0.0
0.38636	0.26761	0.17174
0.06579	0.05347	0.07643
0.09677	0.09158	0.06014
0.13115	0.10897	0.11037
0.01961	0.01961	0.0303
0.07576	0.07576	0.04444
0.09434	0.06634	0.03931
0.08861	0.04003	0.05147
0.23611	0.18235	0.11256
0.08738	0.08017	0.06573
0.27273	0.19748	0.17036
0.1831	0.1622	0.18868
0.0365	0.0365	0.03297
0.0	0.0	0.0
0.22892	0.22892	0.21154
0.0	0.0	0.0
0.11667	0.09051	0.09206
0.76471	0.76471	0.66667
0.6	0.5065	0.3936
0.03571	0.03571	0.04348
0.08696	0.07013	0.07757
0.0	0.0	0.0
0.05556	0.02328	0.03223
0.2093	0.19955	0.19095
0.6875	0.64112	0.58422
0.28283	0.24406	0.16131
0.02778	0.02778	0.0
0.1619	0.1318	0.07752
0.1	0.0866	0.07661
0.06667	0.06667	0.0
0.04651	0.04651	0.03846
0.07692	0.07599	0.09589
0.2549	0.21573	0.20503
0.28846	0.25871	0.19862
0.06548	0.04417	0.03504
0.06316	0.06179	0.04615
0.23404	0.18945	0.09679
0.05882	0.05567	0.06452
0.24324	0.22362	0.20757
0.0303	0.0303	0.02222
0.14286	0.10068	0.0871
0.2265	0.20969	0.17566
0.0479	0.03496	0.0228
0.10345	0.07786	0.05263
0.0	0.0	0.0
0.0	0.0	0.0
0.02941	0.02941	0.02174
0.08	0.04516	0.00921
0.14141	0.09938	0.10313
0.06316	0.06316	0.04918
0.0	0.0	0.0
0.21667	0.1758	0.14789
0.875	0.65725	0.62671
0.02941	0.02941	0.02128
0.06977	0.06077	0.05619
0.12903	0.12903	0.1177
0.12676	0.10859	0.0604
0.0625	0.05565	0.0459
0.16981	0.16981	0.17143
0.08824	0.07922	0.02951
0.05	0.05	0.05769
0.44444	0.38711	0.0968
0.3	0.22367	0.17052
0.16364	0.11496	0.05648
0.07853	0.06114	0.04232
0.0	0.0	0.0
0.4557	0.44589	0.39888
0.2	0.2	0.1
0.0	0.0	0.0
0.04444	0.04444	0.03448
0.05882	0.03891	0.06014
0.08696	0.08485	0.09091
0.0	0.0	0.0
0.13131	0.08047	0.05436
0.14371	0.113	0.08343
0.10526	0.10526	0.18182
0.11268	0.08677	0.06383
0.33333	0.32336	0.27122
0.1	0.1	0.10714
0.42857	0.42857	0.46667
0.0	0.0	0.0
0.15957	0.12972	0.11
0.13636	0.06014	0.071
0.05263	0.05263	0.03529
0.52	0.50708	0.6
0.1	0.08516	0.07284
0.06897	0.06897	0.1
0.125	0.125	0.08333
0.29032	0.26016	0.27568
0.05263	0.07895	0.05263
0.0289	0.0289	0.02586
0.15789	0.15789	0.07692
0.02878	0.0195	0.01863
0.125	0.09005	0.05835
0.0	0.0	0.0
0.15596	0.13998	0.10223
0.26667	0.15053	0.19356
0.02381	0.01421	0.00329
2.0	2.0	2.0
0.06154	0.06154	0.05128
0.66667	0.66667	1.0
0.1	0.1	0.09524
0.8	0.4452	0.66667
0.125	0.10754	0.03873
0.375	0.27019	0.19359
0.17647	0.12147	0.08875
0.39623	0.28428	0.25719
0.0	0.0	0.0
0.07692	0.07692	0.09677
0.375	0.375	0.375
0.04762	0.04762	0.02439
0.48837	0.45237	0.46642
0.14545	0.10265	0.04794
0.03226	0.03226	0.0
0.0	0.0	0.0
0.11842	0.11842	0.08333
0.69767	0.68042	0.6441
0.5	0.46415	0.39469
0.0	0.0	0.0
0.35294	0.22585	0.20789
