0.0122	0.0122	0.01923
0.11475	0.10734	0.07692
0.22222	0.28133	0.31015
0.0241	0.0241	0.0
0.5	0.5	1.0
0.05556	0.05556	0.08333
0.0	0.0	0.0
0.28571	0.28571	0.25
0.15385	0.19231	0.17647
0.06897	0.05255	0.04896
0.05556	0.05137	0.02211
0.1	0.1	0.0
0.01538	0.01538	0.0
0.10714	0.12614	0.11722
0.16071	0.16675	0.14515
0.0	0.0	0.0
0.0625	0.0625	0.06452
0.14	0.14806	0.10693
0.08571	0.08571	0.04348
0.1875	0.1875	0.125
0.66667	0.75513	0.66544
0.18367	0.20649	0.20299
0.11765	0.12979	0.08621
0.09091	0.12121	0.04167
0.33333	0.33333	0.3
0.15979	0.16012	0.16713
0.13542	0.14617	0.12121
0.48718	0.52521	0.58422
0.27737	0.32846	0.28632
0.0068	0.0068	0.0
0.73333	0.73333	0.7
0.0	0.0	0.0
0.16667	0.1851	0.08406
0.07407	0.09796	0.08892
0.12766	0.14894	0.10448
0.23016	0.25933	0.23414
0.25	0.25	0.28571
0.0	0.0	0.0
1.0	1.23375	1.258
0.0	0.0	0.0
0.11628	0.11628	0.11111
0.08163	0.08755	0.04161
0.0	0.0	0.0
0.70588	0.70588	0.69083
0.10465	0.12077	0.08966
0.0	0.0	0.0
0.0	0.0	0.0
0.27273	0.29227	0.32477
0.07071	0.05832	0.03421
0.19048	0.19048	0.16667
0.0	0.0	0.0
0.58065	0.61548	0.55716
0.0303	0.03127	0.04487
0.09836	0.1359	0.10385
0.29032	0.27471	0.14286
0.54054	0.54141	0.48128
0.17308	0.17927	0.09497
0.23214	0.21428	0.17931
0.04959	0.03732	0.0272
0.0	0.0	0.0
1.0	1.0	1.0
0.0339	0.05085	0.05405
0.11321	0.16555	0.17369
0.51613	0.55774	0.53978
0.15517	0.16934	0.1276
0.07273	0.06393	0.02778
0.06618	0.07376	0.04383
0.0	0.0	0.0
1.5	2.137	2.774
0.0	0.0	0.0
0.0137	0.01281	0.00697
0.13158	0.11034	0.05831
0.23077	0.21338	0.08128
0.11111	0.09984	0.07991
0.13483	0.12939	0.07527
0.125	0.12544	0.06317
0.09774	0.09847	0.04688
0.33333	0.3412	0.30427
0.3	0.33977	0.18505
0.23256	0.24193	0.20993
0.20076	0.2021	0.16559
0.2	0.19677	0.20479
0.00952	0.01905	0.01471
0.44444	0.48022	0.086
0.01389	0.01792	0.02481
0.0	0.0	0.0
0.48485	0.51515	0.3913
0.04444	0.06667	0.06061
0.13043	0.1122	0.09677
0.23529	0.26565	0.1516
0.5	0.5	0.41379
0.11268	0.11268	0.12245
0.11111	0.11111	0.14286
0.25	0.23521	0.11765
0.0	0.0	0.0
0.29412	0.26565	0.16418
0.0303	0.0303	0.04348
0.21212	0.21994	0.15514
0.0	0.0	0.0
0.28571	0.28571	0.25
0.11321	0.15155	0.15152
0.17391	0.19914	0.17934
0.28125	0.23334	0.17741
0.0	0.0	0.0
0.09804	0.1012	0.07496
0.10909	0.0956	0.08145
0.09583	0.10658	0.10168
0.0	0.0	0.0
0.36585	0.3918	0.31557
0.13699	0.14251	0.12833
0.15	0.2016	0.288
0.0	0.0	0.0
0.12766	0.1383	0.1129
0.07362	0.07975	0.06364
0.0	0.0	0.0
0.13636	0.18327	0.2688
0.0	0.0	0.0
0.00893	0.00893	0.0125
0.10938	0.11441	0.1
0.23704	0.23965	0.22113
0.14865	0.14908	0.10796
0.44444	0.47311	0.37633
0.32143	0.32143	0.32353
0.00794	0.00794	0.01163
0.29167	0.33333	0.25
0.0	0.0	0.0
0.1828	0.19112	0.13498
0.0	0.0	0.0
0.2069	0.16572	0.14297
0.42759	0.46671	0.38486
0.13333	0.15213	0.16577
0.21429	0.21429	0.22222
0.09859	0.1129	0.11074
0.55556	0.55556	0.52381
0.21212	0.22285	0.19505
0.30769	0.31762	0.275
0.0	0.0	0.0
0.0	0.0	0.0
0.02564	0.02564	0.03571
0.1573	0.16454	0.14436
0.44086	0.43045	0.375
0.30392	0.36083	0.28343
0.12308	0.1459	0.12064
0.375	0.375	0.4
0.0	0.0	0.0
0.23077	0.19354	0.1
0.10526	0.10526	0.08333
0.0	0.0	0.0
0.07143	0.07143	0.11111
0.25	0.23488	0.16726
1.0	1.0	1.0
0.4	0.3964	0.27519
0.03571	0.02764	0.03686
0.01905	0.02181	0.03319
0.28	0.3316	0.29434
0.10145	0.09817	0.05548
0.0	0.0	0.0
0.45455	0.49411	0.4205
0.14286	0.15053	0.10008
0.10909	0.10087	0.08571
0.0	0.0	0.0
0.10429	0.11715	0.11305
0.28788	0.32355	0.21933
0.09877	0.0896	0.06033
0.2381	0.2381	0.21429
0.07143	0.07143	0.06452
0.45455	0.45455	0.42857
0.02703	0.02703	0.0
0.14516	0.14671	0.10805
0.05618	0.06379	0.06451
0.0084	0.0084	0.0119
0.5	0.5	0.4
0.25455	0.23284	0.2258
0.05263	0.05263	0.07692
0.0	0.0	0.0
0.19718	0.23442	0.20078
0.16923	0.20495	0.19435
0.18421	0.1825	0.15135
0.0	0.0	0.0
0.0	0.0	0.0
0.0	0.0	0.0
0.25	0.2305	0.23178
0.23913	0.23913	0.15725
0.11504	0.1393	0.13099
0.0	0.0	0.0
0.0	0.0	0.0
0.0	0.0	0.0
0.17045	0.18144	0.13242
0.05229	0.05439	0.03322
0.1761	0.18644	0.1626
0.15278	0.1586	0.09206
0.27778	0.34406	0.21991
0.0	0.0	0.0
0.0	0.0	0.0
0.09028	0.09228	0.08063
0.69231	0.69231	0.77778
0.0	0.0	0.0
0.09524	0.09524	0.07143
0.5	0.52879	0.41933
0.15447	0.15657	0.13602
0.0	0.0	0.0
0.11765	0.11765	0.11111
0.02128	0.02128	0.01695
0.0	0.0	0.0
0.06452	0.06452	0.05556
0.13333	0.13871	0.13907
0.05	0.04774	0.02534
0.24194	0.26792	0.26697
0.15909	0.20234	0.13479
0.17778	0.162	0.10613
0.09479	0.09479	0.05385
0.2	0.2	0.2
0.07377	0.08831	0.06714
0.25532	0.28826	0.17338
0.09524	0.09524	0.06667
0.05	0.05	0.02985
0.2	0.20256	0.16129
0.05263	0.05263	0.0
0.58333	0.62358	0.40856
0.09836	0.11157	0.09283
0.25926	0.25926	0.27778
0.0	0.0	0.0
0.45455	0.456	0.35482
0.23438	0.22681	0.20314
0.11765	0.11765	0.0
0.02564	0.02564	0.0
0.13605	0.15646	0.13066
0.064	0.064	0.03571
0.08333	0.08333	0.125
0.0	0.0	0.0
0.26154	0.28585	0.18493
0.0	0.0	0.0
0.0	0.0	0.0
0.03448	0.06228	0.0
0.05208	0.05208	0.07463
0.10067	0.10803	0.09781
0.03247	0.03247	0.03125
0.02899	0.04348	0.02041
0.05263	0.05263	0.09091
0.12903	0.1259	0.1
0.15432	0.17502	0.1407
0.29897	0.31293	0.24119
0.2126	0.22274	0.1752
0.34483	0.34483	0.22222
0.08861	0.10901	0.06562
0.04082	0.04082	0.03125
0.07317	0.05585	0.04167
0.0	0.0	0.0
0.0	0.0	0.0
0.44444	0.44563	0.39067
0.25301	0.3008	0.2032
0.2963	0.2963	0.2
0.0	0.0	0.0
0.0	0.0	0.0
0.1875	0.17135	0.1731
0.08333	0.08098	0.07459
0.18182	0.18376	0.12061
0.10169	0.12302	0.13889
0.07692	0.08138	0.08225
0.09804	0.09804	0.125
0.01786	0.01786	0.02381
0.28571	0.28571	0.2
0.2069	0.1991	0.0887
0.22152	0.2258	0.21154
0.04762	0.05107	0.03694
0.10959	0.12416	0.11009
0.2069	0.25359	0.27414
0.1087	0.1115	0.08797
0.15116	0.17929	0.11067
0.1875	0.21569	0.2419
0.0915	0.09488	0.09257
0.0	0.0	0.0
0.02564	0.02564	0.0
0.12766	0.11736	0.09375
0.1	0.1	0.14286
0.44444	0.44444	0.42105
0.22222	0.25	0.25243
0.125	0.18344	0.16125
0.10204	0.11158	0.08225
0.0	0.0	0.0
0.11111	0.11111	0.03704
1.0	0.97575	0.887
0.23684	0.29963	0.28408
0.2619	0.30874	0.30836
0.14634	0.16246	0.16243
0.21154	0.2196	0.24762
0.05882	0.05439	0.04928
0.0	0.0	0.0
0.07778	0.0982	0.08146
0.03226	0.03226	0.04348
0.12871	0.13893	0.10649
0.31818	0.35482	0.22388
0.29231	0.28089	0.25018
0.125	0.125	0.16667
0.6875	0.68544	0.6895
0.92857	0.92857	0.95238
0.11864	0.13559	0.1
0.0	0.0	0.0
0.28571	0.34562	0.32754
0.0	0.0	0.0
1.0	1.0741	0.88929
0.07767	0.07297	0.0674
0.06897	0.06897	0.0
0.2125	0.25	0.15686
0.04444	0.04444	0.06672
0.03704	0.03704	0.0
0.0	0.0	0.0
0.0	0.0	0.0
0.33333	0.31179	0.29231
1.0	1.0	1.0
0.16667	0.16367	0.08347
1.0	1.0	1.0
0.05882	0.07183	0.04819
0.06481	0.07407	0.08108
0.06433	0.0664	0.05027
0.08383	0.0846	0.05049
0.0	0.0	0.0
0.43478	0.47402	0.347
0.1875	0.1875	0.10526
0.54167	0.48383	0.31118
0.57143	0.57143	0.66667
0.0	0.0	0.0
0.07333	0.08043	0.08313
0.03546	0.04255	0.02857
0.5	0.5	1.0
0.01429	0.01429	0.01961
0.04459	0.04459	0.0404
0.03636	0.03636	0.0
0.07692	0.07692	0.125
0.08537	0.10739	0.09615
0.14286	0.10368	0.073
0.06849	0.06849	0.06122
0.16981	0.20145	0.21325
0.33333	0.38493	0.33718
0.14583	0.16263	0.08231
0.06154	0.04714	0.05432
0.0	0.0	0.0
0.54412	0.54506	0.52478
0.11702	0.12524	0.08435
0.22535	0.25487	0.2305
0.03788	0.03788	0.0
0.07692	0.07692	0.0
2.5	2.129	4.0
0.38462	0.36723	0.30107
0.24324	0.28595	0.25243
0.03448	0.03448	0.02703
0.09804	0.09804	0.06061
0.2	0.1668	0.15224
0.02703	0.02703	0.04167
0.37143	0.40227	0.34864
0.16667	0.18621	0.0975
0.45312	0.42384	0.46807
0.08392	0.09091	0.07477
0.13158	0.08658	0.04448
0.10989	0.11626	0.08719
0.47619	0.48617	0.47765
0.26923	0.26923	0.15789
0.08696	0.17391	0.16667
0.10204	0.09808	0.07387
0.14286	0.17741	0.08333
0.1453	0.14198	0.08892
0.16129	0.17065	0.12455
0.0	0.0	0.0
0.10714	0.11636	0.07317
0.44444	0.56622	0.41125
0.02985	0.02985	0.0
0.26923	0.28781	0.30461
0.0	0.0	0.0
0.14773	0.14809	0.0747
0.09091	0.0997	0.04954
0.1	0.09851	0.08083
0.17021	0.19697	0.15347
0.84615	0.84615	0.88235
0.09375	0.09475	0.09676
0.38272	0.37116	0.34083
0.04688	0.0567	0.0489
0.10256	0.10256	0.0566
0.85714	0.82943	0.766
0.15909	0.14809	0.12124
0.11111	0.14872	0.17416
0.04878	0.07317	0.0303
0.14815	0.23178	0.25
0.16279	0.18079	0.09375
0.0	0.0	0.0
0.1087	0.1213	0.10848
0.21053	0.23089	0.19892
0.2	0.16773	0.13782
0.1	0.11418	0.11965
0.22222	0.25089	0.10829
0.07692	0.08163	0.06377
0.08333	0.08333	0.05882
0.0	0.0	0.0
0.21429	0.197	0.03035
0.10784	0.12175	0.09588
0.3125	0.3133	0.28822
0.04615	0.04962	0.0367
0.0	0.0	0.0
0.25	0.35681	0.24458
0.0	0.0	0.0
0.17978	0.1852	0.15505
0.03846	0.03846	0.05882
0.03604	0.05231	0.03844
0.0	0.0	0.0
0.23256	0.2433	0.20893
0.0198	0.0297	0.01449
0.14706	0.20871	0.17809
0.0	0.0	0.0
0.1039	0.10431	0.08163
0.0885	0.0885	0.08434
0.12281	0.14035	0.09091
0.0	0.0	0.0
0.07692	0.09677	0.08918
0.13208	0.16981	0.14286
0.0	0.0	0.0
0.0	0.0	0.0
0.1	0.1	0.05263
0.0	0.0	0.0
0.01389	0.01389	0.0
0.14286	0.14438	0.11111
0.23333	0.18387	0.17647
0.28777	0.28915	0.24538
0.09615	0.10731	0.07494
0.02222	0.02222	0.03448
0.09302	0.10502	0.04594
0.14286	0.19048	0.21429
0.03846	0.04268	0.05615
0.06667	0.06667	0.03279
0.3	0.3	0.20967
0.02685	0.02685	0.02857
0.27966	0.32092	0.28859
0.15625	0.1875	0.2
0.13208	0.13208	0.07143
0.11765	0.17647	0.1
0.05479	0.05567	0.06188
0.13043	0.13078	0.1194
0.14545	0.16422	0.12267
0.14094	0.13444	0.0817
0.12308	0.12308	0.06818
0.37931	0.44828	0.30822
0.0	0.0	0.0
0.16529	0.18048	0.15
0.02817	0.03907	0.01887
0.2439	0.28244	0.21504
0.5	0.5	0.46154
0.09524	0.14286	0.06667
0.30769	0.33	0.28667
0.0	0.0	0.0
0.13636	0.13636	0.06667
0.1	0.11935	0.13978
0.04505	0.04083	0.03989
0.11742	0.11999	0.07647
0.0	0.0	0.0
0.0	0.0	0.0
0.21014	0.21949	0.17339
0.05714	0.05714	0.0
0.3	0.3096	0.215
0.10345	0.12977	0.09121
0.30769	0.25308	0.129
0.23529	0.23718	0.15877
0.32407	0.35244	0.36038
0.0	0.0	0.0
0.0	0.0	0.0
0.25806	0.28303	0.22781
0.09091	0.10606	0.0576
0.10448	0.11386	0.05168
0.08	0.08	0.05556
0.05333	0.04344	0.06265
0.05932	0.06424	0.0402
0.15068	0.16173	0.061
0.14754	0.15018	0.13233
0.22222	0.22578	0.19352
0.12281	0.14827	0.136
0.13462	0.13462	0.05882
0.10811	0.10811	0.08696
0.36364	0.36655	0.33333
0.26667	0.30107	0.2516
0.1	0.1	0.0657
0.28947	0.30813	0.36183
0.03774	0.03774	0.02857
0.07143	0.07143	0.04762
0.12821	0.15385	0.04
0.09333	0.08344	0.02419
0.04762	0.03686	0.05529
0.0	0.0	0.0
0.2069	0.24248	0.16844
0.30769	0.39446	0.37527
0.05682	0.05682	0.04839
0.08108	0.08195	0.04545
0.17073	0.18332	0.16726
0.05357	0.05357	0.02439
0.02688	0.03226	0.03333
0.08696	0.09326	0.06939
0.10588	0.14155	0.09729
0.10294	0.09962	0.06766
0.09223	0.10021	0.0588
0.0	0.0	0.0
0.14815	0.16126	0.16987
0.19608	0.20714	0.12191
0.2	0.20697	0.1959
0.36111	0.37394	0.30948
0.03061	0.03061	0.04348
0.08642	0.08044	0.04659
0.22148	0.25243	0.20439
0.05556	0.06481	0.02862
0.0	0.0	0.0
0.10938	0.11441	0.08083
0.0	0.0	0.0
0.10976	0.12195	0.11321
0.10566	0.11393	0.07508
0.17857	0.15207	0.06989
0.03093	0.03093	0.03226
0.0	0.0	0.0
0.07547	0.07547	0.08333
0.29032	0.26794	0.22205
0.0	0.0	0.0
0.46154	0.464	0.22222
0.16667	0.1577	0.16224
0.36585	0.45788	0.47092
0.21053	0.21053	0.19231
0.07143	0.08617	0.09164
0.16304	0.16268	0.13668
0.13158	0.1267	0.09677
0.0	0.0	0.0
0.0	0.0	0.0
0.0531	0.05509	0.05281
0.21875	0.22075	0.192
0.26087	0.26157	0.22684
0.5	0.5	0.66667
0.28571	0.27314	0.23138
0.16667	0.16667	0.14286
0.0	0.0	0.0
0.30769	0.30769	0.3
0.0	0.0	0.0
0.16923	0.13994	0.13252
0.21875	0.22177	0.16827
0.16667	0.16667	0.0
0.54545	0.55749	0.49493
0.4	0.4	0.33333
0.06977	0.07702	0.05413
0.07792	0.08462	0.07577
0.15789	0.11884	0.16129
0.09375	0.09375	0.04545
0.0	0.0	0.0
0.20513	0.21546	0.11765
0.07317	0.09756	0.1123
0.32258	0.31839	0.26941
0.19444	0.2025	0.17875
0.20301	0.20324	0.16384
0.08421	0.08421	0.07885
0.44444	0.54833	0.387
0.44737	0.44737	0.48262
0.06667	0.06667	0.05263
0.07407	0.07407	0.05263
0.16304	0.19178	0.14568
0.04598	0.04598	0.0339
0.0	0.0	0.0
0.10256	0.10628	0.0858
0.19643	0.20564	0.13454
0.0	0.0	0.0
0.07143	0.07488	0.05875
0.0	0.0	0.0
0.12338	0.12526	0.08734
0.09615	0.11413	0.08378
0.19355	0.19355	0.2
0.04878	0.04878	0.07692
0.10769	0.10769	0.04255
0.28205	0.28949	0.31885
0.28261	0.33028	0.2731
0.78571	0.78571	0.73684
0.14286	0.1321	0.12671
0.12613	0.16593	0.11199
0.22222	0.25444	0.215
0.09677	0.11445	0.09524
0.625	0.74084	0.67395
0.13913	0.13071	0.11508
0.34375	0.375	0.33333
0.04762	0.05414	0.06225
0.17822	0.18108	0.16127
0.29091	0.29091	0.23529
0.25641	0.25308	0.15508
0.16667	0.17642	0.13184
0.04762	0.04762	0.03226
0.15385	0.15385	0.14286
0.0	0.0	0.0
0.35294	0.37285	0.32119
0.28148	0.31133	0.24623
0.03571	0.0622	0.04658
0.38272	0.38669	0.34348
0.0	0.0	0.0
0.33898	0.37068	0.25889
0.08333	0.12096	0.05831
0.02	0.03	0.01515
0.06383	0.07	0.0411
0.0	0.0	0.0
0.0	0.0	0.0
1.0	0.9435	1.419
0.15789	0.15789	0.125
0.18182	0.31082	0.42738
0.0	0.0	0.0
0.0	0.0	0.0
0.33333	0.33333	0.5
0.09524	0.14286	0.15385
0.0	0.0	0.0
0.10169	0.10169	0.08889
0.19767	0.19542	0.16343
0.09278	0.07182	0.0809
0.28467	0.31856	0.22649
0.0	0.0	0.0
0.29412	0.40035	0.20043
0.01754	0.01754	0.01282
0.01639	0.01639	0.02381
0.45833	0.52283	0.34738
0.11905	0.11802	0.10418
0.18889	0.20036	0.15
0.0	0.0	0.0
0.33333	0.32525	0.23588
0.2	0.20644	0.15206
0.03922	0.04743	0.0303
0.04651	0.02926	0.03704
0.03571	0.03571	0.02857
0.40625	0.40522	0.33333
0.0	0.0	0.0
0.3	0.27633	0.20429
0.2716	0.27756	0.23309
0.15789	0.18397	0.13639
0.12676	0.12358	0.13155
0.02273	0.02273	0.03125
2.5	2.56717	2.25
0.15455	0.17887	0.12859
0.2963	0.29867	0.37179
0.24138	0.20355	0.20276
0.33333	0.448	0.4064
0.07407	0.08154	0.03947
0.38462	0.43169	0.35075
0.16949	0.20885	0.23206
0.03774	0.03774	0.05128
0.03448	0.03448	0.04762
1.0	1.03933	1.059
0.08108	0.08108	0.03846
0.58333	0.58225	0.48288
0.11628	0.13202	0.13132
0.14815	0.17263	0.11859
0.04255	0.04289	0.01587
0.0	0.0	0.0
0.23288	0.24436	0.20864
0.11111	0.11111	0.0
0.17	0.16935	0.11176
0.02564	0.02564	0.0
0.13725	0.16698	0.13282
0.19697	0.195	0.18412
0.0	0.0	0.0
0.26087	0.26835	0.26075
0.03571	0.03571	0.05333
0.29412	0.37759	0.28492
0.08889	0.1	0.05085
0.38182	0.38182	0.375
0.04688	0.0625	0.05128
0.25	0.26612	0.362
0.15385	0.15385	0.14286
0.09259	0.10035	0.08333
0.77778	0.68278	0.5516
0.27586	0.25917	0.2258
0.16667	0.26342	0.25424
0.5	0.672	0.758
0.0	0.0	0.0
0.2381	0.2381	0.14286
0.59375	0.59375	0.57143
0.08491	0.08094	0.07246
0.0	0.0	0.0
0.32653	0.33881	0.29661
0.04717	0.05477	0.03896
0.08333	0.13975	0.20962
0.0	0.0	0.0
0.03623	0.04207	0.04211
0.22222	0.22222	0.25
0.07143	0.08448	0.08808
0.04854	0.04134	0.04463
0.13333	0.12097	0.10256
0.35433	0.35433	0.36047
0.21212	0.25806	0.2258
0.13333	0.13333	0.09524
0.0	0.0	0.0
0.04698	0.04698	0.03846
0.08642	0.08642	0.03774
0.08642	0.08343	0.08779
0.08929	0.08929	0.05714
0.15625	0.15625	0.14286
0.0	0.0	0.0
0.6	0.6	0.83333
0.27586	0.27307	0.20624
0.13869	0.13044	0.08671
0.01515	0.01515	0.02128
0.10345	0.10455	0.1016
0.0	0.0	0.0
0.01639	0.01639	0.02326
0.0618	0.07357	0.06092
0.0431	0.0431	0.0241
0.11905	0.14286	0.07143
0.16456	0.15271	0.07395
0.18033	0.18931	0.1637
0.18644	0.19573	0.17697
0.08197	0.0661	0.04956
0.0597	0.07125	0.05902
0.15789	0.16553	0.10409
0.08696	0.08835	0.0645
0.0	0.0	0.0
0.5625	0.57929	0.51613
0.06667	0.07311	0.07156
0.03012	0.03012	0.01831
0.19847	0.21127	0.21753
0.0	0.0	0.0
0.05769	0.07319	0.07584
0.5625	0.4435	0.47175
0.13793	0.12234	0.13242
0.04651	0.04651	0.0625
0.23077	0.22269	0.15006
0.19277	0.20112	0.14561
0.14634	0.14634	0.16
0.2	0.3032	0.25
0.06707	0.06137	0.05119
0.08784	0.10527	0.10076
0.03175	0.03175	0.02273
0.375	0.40725	0.31668
0.07143	0.08781	0.08273
0.0	0.0	0.0
0.0	0.0	0.0
0.18519	0.18519	0.05556
0.11429	0.10874	0.0387
0.21818	0.22023	0.22741
0.66667	0.76333	0.645
0.13333	0.13333	0.0
0.06061	0.09188	0.0645
0.05714	0.08571	0.0
0.07143	0.14286	0.09091
0.2449	0.22976	0.13735
0.08	0.08344	0.05924
0.08088	0.08942	0.02454
0.0	0.0	0.0
0.15865	0.15788	0.19034
0.15385	0.23077	0.25
0.33333	0.33333	0.28571
0.03226	0.03226	0.0
0.03448	0.03448	0.04762
0.31579	0.31579	0.30769
0.35417	0.35417	0.32258
0.08442	0.08818	0.05056
0.0	0.0	0.0
0.06329	0.07595	0.03922
0.03846	0.03846	0.03125
0.0	0.0	0.0
0.0	0.0	0.0
0.22857	0.24286	0.27083
0.0	0.0	0.0
0.11915	0.12861	0.09589
0.0	0.0	0.0
0.1	0.0894	0.09677
0.24272	0.2507	0.16586
0.14286	0.14514	0.11467
0.01887	0.03774	0.02857
0.21429	0.21429	0.11111
0.46154	0.50123	0.4935
0.15625	0.15725	0.0
0.12255	0.11717	0.097
0.07143	0.08036	0.05195
0.41935	0.37768	0.379
0.07692	0.05806	0.03857
0.17857	0.20114	0.15821
0.21053	0.25295	0.23383
0.10606	0.10606	0.08889
0.01613	0.03226	0.04651
0.0991	0.0991	0.06944
0.09259	0.10902	0.09279
0.03636	0.03636	0.02857
0.12409	0.13869	0.09091
0.19048	0.24076	0.23416
0.0	0.0	0.0
0.29412	0.32447	0.10829
0.26389	0.32033	0.21098
0.25	0.25	0.21429
0.0	0.0	0.0
0.19872	0.19872	0.17431
0.33929	0.35655	0.33167
0.22222	0.22222	0.16667
0.14286	0.14286	0.0
0.08	0.08612	0.08177
0.42105	0.52461	0.49705
0.33333	0.38706	0.33058
0.16667	0.14933	0.11828
0.05202	0.06097	0.05569
0.0	0.0	0.0
0.02963	0.03154	0.01382
0.5	0.5	0.2
0.05172	0.06897	0.02703
1.0	1.129	0.8902
0.46835	0.4863	0.44644
0.08725	0.08919	0.07328
0.0	0.0	0.0
0.05128	0.07692	0.07407
0.02	0.02	0.0
0.0625	0.09375	0.04762
0.11386	0.11881	0.1119
0.125	0.125	0.10345
0.1	0.1	0.10638
0.05455	0.07273	0.025
0.02632	0.02632	0.0
0.33333	0.33333	0.2
0.16667	0.1777	0.12901
0.11957	0.11957	0.10526
0.05769	0.0579	0.0367
0.25806	0.28442	0.26969
0.09091	0.13636	0.14286
0.06383	0.05628	0.00445
0.0	0.0	0.0
0.07692	0.15385	0.11111
0.25	0.23386	0.22684
0.24	0.1716	0.16357
0.30909	0.31905	0.28062
0.08333	0.125	0.05882
0.26087	0.29522	0.29277
0.25	0.30844	0.32611
0.32353	0.37571	0.35096
0.09375	0.125	0.13636
0.0	0.0	0.0
0.04545	0.04594	0.02222
0.22222	0.22222	0.13333
0.22807	0.22975	0.20274
0.57143	0.60057	0.49536
0.14103	0.17038	0.11255
0.32812	0.33466	0.30178
0.07143	0.07143	0.06061
0.17808	0.16482	0.14064
0.14634	0.14555	0.09615
0.0625	0.125	0.09091
0.09434	0.08398	0.05976
0.1746	0.18022	0.13709
0.63333	0.643	0.66325
0.21429	0.21429	0.19048
0.0	0.0	0.0
0.0	0.0	0.0
0.04082	0.06682	0.07106
0.01852	0.01165	0.01723
0.14286	0.17279	0.202
0.0	0.0	0.0
0.26316	0.26316	0.17647
0.37931	0.43269	0.39783
0.07407	0.07586	0.05824
0.0	0.0	0.0
0.6087	0.6227	0.64706
0.01408	0.01408	0.02128
0.0	0.0	0.0
0.04412	0.04412	0.02128
0.09589	0.09589	0.06383
0.01786	0.03571	0.02778
0.0625	0.0625	0.0303
0.0	0.0	0.0
0.25431	0.28266	0.28802
0.33846	0.33846	0.28889
0.0	0.0	0.0
0.28571	0.28571	0.16667
0.06977	0.06977	0.03704
0.0	0.0	0.0
0.21739	0.19074	0.18044
0.04324	0.0469	0.0393
0.10119	0.1058	0.1034
0.35294	0.35859	0.448
0.48387	0.50571	0.5077
0.05263	0.05263	0.08333
0.1087	0.06661	0.07633
0.03704	0.05185	0.04167
0.0	0.0	0.0
0.04545	0.04545	0.06667
0.01389	0.01389	0.0
0.19608	0.17076	0.17633
0.27586	0.27583	0.1774
0.04955	0.04489	0.04632
0.19149	0.20898	0.18554
0.5	0.46623	0.379
0.45455	0.45455	0.5
0.0	0.0	0.0
0.11111	0.11111	0.0
0.0303	0.04073	0.0427
0.08642	0.10135	0.08803
0.0566	0.07121	0.043
0.0	0.0	0.0
0.06154	0.06203	0.06738
0.03158	0.02648	0.0086
0.07143	0.07143	0.125
0.07143	0.06336	0.05882
0.38636	0.42155	0.46474
0.11765	0.11953	0.08467
0.0	0.0	0.0
0.0	0.0	0.0
0.35294	0.33394	0.27273
0.0292	0.0292	0.0297
0.625	0.5645	0.688
0.18519	0.2043	0.07219
0.48889	0.5448	0.45053
0.02857	0.02857	0.0
0.04	0.04	0.05882
0.2	0.23333	0.18182
0.23077	0.25062	0.148
0.06222	0.05892	0.06091
0.15789	0.13921	0.05831
0.40909	0.44423	0.37294
0.23077	0.23077	0.10526
0.0	0.0	0.0
0.2	0.2032	0.0
0.09677	0.07284	0.05718
0.0	0.0	0.0
0.13333	0.13333	0.0
0.4	0.4516	0.344
0.30986	0.34435	0.2903
0.0	0.0	0.0
0.20588	0.19924	0.09337
0.05517	0.05517	0.03922
0.13636	0.11436	0.10829
0.11111	0.11111	0.05882
0.05357	0.05357	0.02778
0.0137	0.0137	0.01786
0.14815	0.16604	0.18332
0.9375	0.9375	0.94737
0.08889	0.09247	0.06041
0.3	0.3	0.33333
0.0	0.0	0.0
0.45833	0.4435	0.39857
0.44444	0.4313	0.35919
0.16364	0.17302	0.05128
0.04082	0.04246	0.01843
0.65517	0.69852	0.65767
0.0	0.0	0.0
0.53333	0.54407	0.49063
0.0	0.0	0.0
0.12	0.19224	0.11765
0.13095	0.14285	0.11998
0.07143	0.08929	0.06977
0.92308	1.12646	0.865
0.26582	0.30175	0.2655
0.0	0.0	0.0
0.13084	0.12028	0.12174
0.40909	0.39882	0.45729
0.0	0.0	0.0
0.35938	0.37297	0.33081
0.0	0.0	0.0
0.37037	0.37393	0.42611
0.26087	0.22861	0.15053
0.19895	0.19658	0.16478
0.06818	0.06194	0.0586
0.25	0.26612	0.2258
0.02174	0.02174	0.03704
0.0	0.0	0.0
0.15385	0.21585	0.16667
0.27168	0.28472	0.24779
0.46512	0.45684	0.40041
0.06522	0.07246	0.04808
0.05376	0.05688	0.05141
0.31579	0.30389	0.33333
0.10345	0.10345	0.1
0.10256	0.10256	0.08163
0.14545	0.13255	0.06189
0.19355	0.2591	0.168
0.02857	0.02857	0.0
0.1746	0.21913	0.15907
0.10169	0.10169	0.05405
0.11392	0.12739	0.08312
0.19403	0.20558	0.15053
0.13825	0.1433	0.14966
0.17391	0.17223	0.14055
0.16216	0.19703	0.20967
0.91083	0.99901	0.79662
0.15217	0.15217	0.09677
0.3913	0.32817	0.38329
0.05634	0.06565	0.04804
0.0	0.0	0.0
0.08163	0.08163	0.0
0.0	0.0	0.0
0.37209	0.3803	0.34083
0.21429	0.21429	0.16667
0.0	0.0	0.0
0.05357	0.07143	0.07143
0.22222	0.24133	0.21212
0.83333	0.96767	0.7548
0.07143	0.07143	0.04878
0.14062	0.17011	0.14359
0.17647	0.17362	0.12989
0.06	0.06	0.03448
0.29412	0.25235	0.18817
0.05833	0.075	0.05952
0.16667	0.19138	0.16623
0.02564	0.02564	0.03704
0.1	0.1	0.09231
0.21088	0.21066	0.17742
0.0	0.0	0.0
0.10714	0.14286	0.15
0.22449	0.26365	0.17812
0.0	0.0	0.0
0.21429	0.25	0.17391
0.0	0.0	0.0
0.07339	0.07664	0.05857
0.05682	0.06194	0.06054
0.0916	0.09357	0.07111
0.2439	0.25727	0.17238
0.14	0.13548	0.08406
0.0	0.0	0.0
0.47619	0.47848	0.42164
0.08434	0.08434	0.05
0.12195	0.12195	0.1123
0.15758	0.1564	0.1364
0.04094	0.04131	0.03568
0.0	0.0	0.0
0.15663	0.16128	0.14898
0.16	0.11612	0.13261
0.2126	0.2126	0.21111
0.09259	0.09259	0.02564
0.14286	0.12519	0.04838
0.13415	0.14161	0.09796
0.0	0.0	0.0
0.06452	0.07075	0.02497
0.09524	0.09524	0.06061
0.15108	0.15154	0.14804
0.0177	0.0177	0.01266
0.15254	0.15281	0.12714
0.42222	0.44442	0.41243
0.125	0.125	0.16667
0.06207	0.06073	0.04253
0.15714	0.15806	0.07577
0.33333	0.33333	0.27273
0.1129	0.10094	0.07577
0.17949	0.20513	0.11111
0.02778	0.02778	0.0
0.08333	0.08333	0.0625
0.26087	0.30435	0.3125
0.0	0.0	0.0
0.1	0.1375	0.1
0.25	0.25	0.25
0.21053	0.21053	0.07692
0.05882	0.11765	0.07692
0.06522	0.06522	0.06061
0.09244	0.08864	0.06684
0.07778	0.08136	0.07203
0.08475	0.08875	0.07948
0.375	0.41225	0.39145
0.1	0.1	0.0
0.07407	0.11111	0.04762
0.0	0.0	0.0
0.025	0.025	0.02381
0.16327	0.16327	0.11765
0.13235	0.12903	0.10378
0.03817	0.03398	0.04946
0.125	0.14462	0.11395
0.0	0.0	0.0
0.0	0.0	0.0
0.26316	0.30389	0.21256
0.16071	0.17454	0.12563
0.14474	0.14218	0.13725
0.0	0.0	0.0
0.17391	0.1697	0.08769
0.04505	0.05405	0.05556
0.63636	0.63636	0.71429
0.08333	0.11111	0.09091
0.09184	0.09184	0.09677
0.22727	0.27273	0.1875
0.01786	0.01786	0.02941
0.14286	0.18433	0.13978
0.0	0.0	0.0
0.22857	0.28754	0.3774
0.02963	0.02963	0.0297
0.01961	0.03922	0.03125
0.06494	0.06494	0.0
0.22222	0.181	0.0215
0.14286	0.14286	0.09091
0.0963	0.11373	0.06188
0.31429	0.34651	0.24122
0.09924	0.1204	0.11069
0.05128	0.05128	0.0
0.16667	0.16667	0.08333
0.0	0.0	0.0
0.09091	0.18182	0.1
0.01695	0.02679	0.02428
0.12658	0.11759	0.12096
0.13725	0.17582	0.16127
0.15385	0.19104	0.29218
0.0678	0.09075	0.11768
0.05556	0.05556	0.03333
0.04918	0.05156	0.03871
0.09836	0.09836	0.075
0.36	0.41544	0.3892
0.0	0.0	0.0
0.10345	0.10345	0.11111
0.0	0.0	0.0
0.25	0.25	0.24
0.20588	0.29412	0.29167
0.27778	0.2885	0.19083
0.10169	0.11864	0.07317
0.10256	0.09305	0.08929
0.14815	0.18519	0.11111
0.21698	0.23782	0.19285
0.0	0.0	0.0
0.85714	0.93086	0.586
0.0	0.0	0.0
0.0	0.0	0.0
0.125	0.14286	0.07317
0.28571	0.28207	0.23869
0.26316	0.26768	0.26154
0.21818	0.21876	0.15789
0.025	0.02379	0.0
0.0	0.0	0.0
0.04819	0.07229	0.05085
0.2	0.2	0.2
0.10526	0.13158	0.06
0.03175	0.03968	0.03529
0.23288	0.24038	0.18722
0.15625	0.1875	0.14286
0.0	0.0	0.0
0.0	0.0	0.0
0.76923	0.75923	0.74544
0.05556	0.06675	0.061
0.0	0.0	0.0
0.05263	0.0447	0.02703
0.25	0.23705	0.29887
0.08434	0.08939	0.04516
0.0	0.0	0.0
0.25	0.20805	0.19353
0.0	0.0	0.0
0.28571	0.28571	0.25
0.15385	0.19231	0.17647
0.09322	0.06642	0.06527
0.05556	0.05137	0.02211
0.0	0.0	0.0
0.0	0.0	0.0
0.07018	0.07018	0.05585
0.16216	0.15983	0.13433
0.0	0.0	0.0
0.0625	0.0625	0.06452
0.11702	0.1177	0.08541
0.0625	0.0625	0.0
0.28571	0.25114	0.1895
0.93548	0.84594	0.82078
0.10949	0.11184	0.11711
0.10465	0.11665	0.08621
0.0	0.0	0.0
0.23077	0.23077	0.22222
0.0	0.0	0.0
0.07778	0.08924	0.06452
0.74194	0.73774	0.82078
0.21774	0.23932	0.19856
0.0	0.0	0.0
0.73333	0.73333	0.7
0.0	0.0	0.0
0.13158	0.16892	0.11029
0.09091	0.11436	0.08892
0.17172	0.18996	0.14286
0.208	0.22347	0.21569
0.25	0.25	0.28571
0.01961	0.01961	0.02198
0.83333	1.0805	1.129
0.0	0.0	0.0
0.07317	0.07317	0.04
0.08163	0.08755	0.04161
0.04762	0.04762	0.04
0.61538	0.61538	0.60211
0.08333	0.09983	0.07397
0.0	0.0	0.0
0.0	0.0	0.0
0.3	0.29769	0.3145
0.01053	0.01053	0.0
0.19048	0.19048	0.16667
0.0	0.0	0.0
0.43636	0.42815	0.382
0.0303	0.03127	0.04487
0.10345	0.12569	0.08574
0.25926	0.27956	0.19711
0.42857	0.41243	0.34463
0.15686	0.14547	0.0986
0.16981	0.17407	0.16823
0.04959	0.03732	0.0272
0.0	0.0	0.0
1.0	1.0	1.0
0.05357	0.07143	0.08824
0.11321	0.16555	0.17369
0.53226	0.57439	0.53978
0.15517	0.16934	0.1276
0.07273	0.06393	0.02778
0.09655	0.11701	0.09967
0.0	0.0	0.0
0.0	0.0	0.0
0.03922	0.03922	0.06452
0.01818	0.0173	0.00697
0.05	0.03548	0.01911
0.25714	0.20829	0.0916
0.08197	0.07033	0.05851
0.11364	0.11364	0.05085
0.05797	0.05843	0.02243
0.19708	0.16481	0.11473
0.24	0.22514	0.20662
0.13333	0.13333	0.04762
0.15663	0.164	0.13547
0.27969	0.26757	0.2321
0.26562	0.25906	0.27348
0.00952	0.01905	0.01471
0.44444	0.48022	0.086
0.0274	0.03137	0.04321
0.0	0.0	0.0
0.33333	0.33333	0.22222
0.0	0.0	0.0
0.13043	0.1122	0.09677
0.42857	0.51843	0.27956
0.425	0.425	0.41379
0.0597	0.0597	0.04444
0.11111	0.11111	0.14286
0.92308	0.92308	0.9
0.05	0.05	0.05882
0.29412	0.26565	0.16418
0.0	0.0	0.0
0.18182	0.18964	0.15514
0.0	0.0	0.0
0.28571	0.28571	0.25
0.16364	0.19178	0.19165
0.16176	0.18737	0.16259
0.25806	0.2211	0.15667
0.0	0.0	0.0
0.11765	0.11384	0.06769
0.125	0.11175	0.10385
0.07438	0.08278	0.08425
0.40741	0.40859	0.4516
0.2069	0.23579	0.19165
0.14583	0.14269	0.13009
0.15789	0.15958	0.23323
0.09091	0.09091	0.05556
0.0	0.0	0.0
0.06803	0.07483	0.06863
0.0	0.0	0.0
0.14286	0.14438	0.21657
0.0	0.0	0.0
0.00893	0.00893	0.0125
0.06154	0.05855	0.04762
0.28788	0.27564	0.2431
0.15493	0.13675	0.14386
0.45455	0.54545	0.33333
0.28302	0.28302	0.28125
0.02362	0.01778	0.01463
0.33333	0.37633	0.25
0.0	0.0	0.0
0.17391	0.16409	0.12953
0.21053	0.21053	0.14286
0.2069	0.16572	0.14297
0.45652	0.50324	0.45586
0.13333	0.15213	0.16577
0.14286	0.10829	0.1895
0.12162	0.11791	0.11838
0.52	0.52	0.52381
0.17647	0.21535	0.19645
0.14815	0.16667	0.14706
0.04545	0.04545	0.07143
0.0	0.0	0.0
0.025	0.03225	0.04448
0.13953	0.1444	0.1001
0.36471	0.36471	0.33962
0.25743	0.29702	0.28267
0.12432	0.14297	0.12609
0.0	0.0	0.0
0.0	0.0	0.0
0.45455	0.434	0.32257
0.10526	0.10526	0.08333
0.0	0.0	0.0
0.07143	0.07143	0.11111
0.25	0.23488	0.16726
1.0	1.0	1.0
0.37778	0.36916	0.27519
0.03571	0.02764	0.03686
0.04854	0.04854	0.04478
0.23913	0.2917	0.24489
0.0963	0.09295	0.04594
0.0	0.0	0.0
0.53659	0.5578	0.49004
0.05051	0.05865	0.05143
0.10909	0.10087	0.08571
0.02222	0.04444	0.03448
0.09938	0.10859	0.10833
0.24615	0.28237	0.21933
0.05882	0.05958	0.02246
0.0	0.0	0.0
0.07143	0.07143	0.06452
0.47059	0.47059	0.42857
0.02703	0.02703	0.0
0.13115	0.13272	0.10805
0.07865	0.09061	0.08064
0.0084	0.0084	0.0119
0.0	0.0	0.0
0.22642	0.20389	0.18505
0.0	0.0	0.0
0.0	0.0	0.0
0.21333	0.23483	0.19671
0.12698	0.16743	0.15385
0.16216	0.20051	0.17676
0.0	0.0	0.0
0.0	0.0	0.0
0.0	0.0	0.0
0.21154	0.25619	0.21269
0.19512	0.20927	0.15683
0.12844	0.13494	0.17492
0.0	0.0	0.0
0.0	0.0	0.0
0.0	0.0	0.0
0.15556	0.15662	0.13668
0.03974	0.03674	0.01516
0.12667	0.11741	0.08647
0.12676	0.12676	0.06522
0.38095	0.46233	0.47308
0.0	0.0	0.0
0.0	0.0	0.0
0.08966	0.09543	0.08136
0.69231	0.69231	0.77778
0.0	0.0	0.0
0.09524	0.09524	0.07143
0.5	0.49254	0.3903
0.0	0.0	0.0
0.10909	0.12785	0.07692
0.15909	0.15909	0.22733
0.11268	0.12085	0.11639
0.0	0.0	0.0
0.17757	0.17787	0.18709
0.4898	0.4898	0.5
0.0	0.0	0.0
0.23214	0.22811	0.20513
0.55556	0.69533	0.70967
0.09524	0.09524	0.06897
0.25581	0.26256	0.25703
0.23841	0.27066	0.23402
0.16923	0.18709	0.18548
0.26316	0.23428	0.17691
0.0	0.0	0.0
0.1875	0.18044	0.12258
1.0	0.84933	1.032
0.9	0.9322	0.79257
0.07692	0.15385	0.11111
0.15	0.15	0.13043
0.51724	0.51724	0.47619
0.1	0.1	0.0645
0.09574	0.08441	0.0715
0.0	0.0	0.0
0.0	0.0	0.0
0.09302	0.09302	0.09091
0.0	0.0	0.0
0.1129	0.1129	0.07895
0.1	0.12042	0.10854
0.03922	0.03922	0.02703
0.09639	0.1092	0.06503
0.10795	0.11308	0.07257
0.47368	0.53479	0.54545
0.05556	0.06195	0.06345
0.26667	0.28387	0.24194
0.09302	0.09902	0.09032
0.07143	0.07219	0.0635
0.09677	0.09677	0.08197
0.0819	0.08009	0.05827
0.38462	0.35604	0.34583
0.22222	0.22222	0.08333
0.03623	0.03927	0.03885
0.0	0.0	0.0
0.13333	0.13333	0.1
0.06667	0.0602	0.06789
0.93333	0.90107	0.66667
0.07246	0.07667	0.06854
0.12	0.12128	0.05882
0.07692	0.13462	0.07692
0.02632	0.02632	0.0
0.04348	0.04348	0.0
0.11321	0.10225	0.04459
0.0	0.0	0.0
0.05952	0.06777	0.05204
0.27143	0.29307	0.26006
1.5	1.79	2.032
0.13043	0.13043	0.0625
0.03774	0.03774	0.02857
0.2561	0.28205	0.26093
0.19469	0.22665	0.17576
0.22222	0.22222	0.15789
0.27778	0.27956	0.25267
0.06195	0.08963	0.08486
0.11905	0.11905	0.04167
0.0	0.0	0.0
0.0625	0.07812	0.06977
0.125	0.125	0.03846
0.0	0.0	0.0
0.09091	0.0868	0.08406
0.03571	0.04464	0.03077
0.02899	0.02899	0.02273
0.01786	0.01786	0.0
0.3125	0.34375	0.3
0.0	0.0	0.0
0.13333	0.2	0.125
0.05882	0.05882	0.0
0.18182	0.20585	0.26659
0.20253	0.22375	0.20555
0.05505	0.06215	0.0654
0.05882	0.05882	0.0
0.0	0.0	0.0
0.0303	0.0303	0.04762
0.16901	0.15765	0.16334
0.34615	0.32381	0.33998
0.04494	0.04494	0.01786
0.2	0.17375	0.17448
0.06944	0.06944	0.04762
0.0155	0.0155	0.01031
0.03521	0.03521	0.02128
0.02564	0.02564	0.0
0.08671	0.08838	0.07507
0.34328	0.30331	0.29462
0.0	0.0	0.0
0.0	0.0	0.0
0.02941	0.02941	0.0
0.03846	0.03846	0.01887
0.0	0.0	0.0
0.06818	0.05791	0.0516
0.17021	0.17021	0.03226
0.06897	0.06897	0.1
0.03125	0.03125	0.0
0.09091	0.09164	0.06897
0.0	0.0	0.0
0.0	0.0	0.0
0.09091	0.09091	0.0625
0.0	0.0	0.0
0.03125	0.03125	0.0
0.12903	0.12903	0.13333
0.27273	0.34212	0.2381
0.05714	0.05714	0.0
0.01333	0.01333	0.0
0.05556	0.04883	0.05353
0.05747	0.05747	0.01887
0.33333	0.33691	0.25069
0.22857	0.19537	0.09524
0.02857	0.02857	0.04167
0.0	0.0	0.0
0.01961	0.01961	0.0
0.13889	0.13575	0.10378
0.0	0.0	0.0
0.06667	0.06667	0.04545
0.03333	0.03333	0.05
0.09278	0.10109	0.07021
0.0	0.0	0.0
0.6	0.501	0.475
0.05769	0.05769	0.02703
0.0	0.0	0.0
0.125	0.15322	0.16667
0.0	0.0	0.0
0.05128	0.07774	0.07815
0.17262	0.16973	0.15053
0.10909	0.0956	0.08145
0.05263	0.05263	0.06897
0.29927	0.30231	0.22823
0.875	0.875	0.82353
0.2381	0.28571	0.21429
0.01724	0.01724	0.02222
0.15254	0.16566	0.11884
0.05405	0.08108	0.03846
0.11321	0.12232	0.14429
0.06061	0.06093	0.04478
0.06335	0.06233	0.04636
0.06186	0.07748	0.07355
0.0	0.0	0.0
0.76471	0.76471	0.81818
0.21429	0.197	0.08918
0.23729	0.21924	0.16692
0.0	0.0	0.0
0.13333	0.13333	0.11111
0.0354	0.03825	0.02218
0.3	0.32793	0.2903
0.07407	0.07407	0.03922
0.0	0.0	0.0
0.14286	0.14286	0.0
0.0202	0.0202	0.01562
1.0	1.0837	1.2525
0.0	0.0	0.0
0.04	0.04	0.03571
0.0	0.0	0.0
0.25	0.28425	0.23164
0.0	0.0	0.0
0.01399	0.01399	0.01942
0.14286	0.14286	0.11111
0.125	0.15725	0.1
0.22727	0.25	0.12903
0.25	0.25	0.0
0.04348	0.04348	0.02083
0.20833	0.19131	0.16196
0.02326	0.02326	0.0
0.11321	0.11321	0.08333
0.33333	0.32669	0.30643
0.13492	0.14132	0.10008
0.0463	0.0463	0.04286
0.0625	0.07106	0.09282
0.09756	0.09756	0.03846
0.02041	0.01053	0.0172
0.09615	0.09987	0.08366
0.38462	0.53846	0.3032
0.05	0.05	0.06977
0.15333	0.16236	0.1374
0.0	0.0	0.0
0.15625	0.15625	0.08
0.2	0.19676	0.09247
0.04255	0.04255	0.03226
0.0	0.0	0.0
1.23077	1.23077	1.2
0.29825	0.32144	0.20771
0.06452	0.06452	0.05
0.10769	0.12406	0.10502
0.20588	0.222	0.23117
0.08	0.0774	0.05733
0.06667	0.06667	0.04762
0.25301	0.25223	0.20564
0.06944	0.06944	0.03846
0.17742	0.19926	0.18662
0.03125	0.03125	0.0
0.0	0.0	0.0
0.4	0.4	0.35294
0.0	0.0	0.0
0.11111	0.11111	0.0
0.08	0.08	0.0
0.04082	0.04082	0.03125
0.1	0.10129	0.1096
0.02542	0.02542	0.01266
0.11111	0.12051	0.11586
0.19048	0.19048	0.16667
1.0	1.0	1.0
0.0	0.0	0.0
0.375	0.375	0.5
0.16495	0.16827	0.14467
0.42308	0.41604	0.3373
0.25455	0.27505	0.25806
0.29412	0.31686	0.24727
0.05	0.05369	0.02926
0.02703	0.02703	0.0
0.04651	0.04651	0.0625
0.0	0.0	0.0
0.04082	0.05102	0.04615
0.25	0.25	0.23529
0.18919	0.23714	0.18182
0.07821	0.08451	0.05238
0.0	0.0	0.0
0.0	0.0	0.0
0.25758	0.24779	0.23377
0.34	0.32516	0.30265
0.10526	0.15447	0.16125
0.51724	0.51724	0.55556
0.07143	0.05376	0.00992
0.08333	0.11111	0.08696
0.04	0.04	0.05556
0.03968	0.03968	0.03659
0.0	0.0	0.0
0.35593	0.36085	0.25717
0.18116	0.18279	0.1538
0.01685	0.01576	0.01708
0.05195	0.05195	0.0566
0.05607	0.05773	0.04893
0.13953	0.13953	0.08
0.05926	0.06858	0.06729
0.02174	0.02174	0.02778
0.28467	0.28631	0.24192
0.12766	0.12834	0.0635
0.42857	0.44007	0.38537
0.14286	0.20429	0.19083
0.14286	0.13824	0.11166
0.0303	0.0303	0.0
0.17476	0.19166	0.16036
0.15909	0.15395	0.16773
0.19512	0.19512	0.15426
0.2561	0.273	0.23869
0.0	0.0	0.0
0.68421	0.674	0.76957
0.08696	0.08696	0.0625
0.02857	0.02888	0.02709
0.17143	0.1748	0.13183
0.07143	0.09062	0.06897
0.06849	0.08219	0.07843
1.0	0.9096	1.016
0.29808	0.31388	0.24245
0.66667	0.6505	0.35943
0.47222	0.4955	0.38287
0.09615	0.09615	0.05882
0.11111	0.12963	0.09375
0.275	0.3774	0.22781
0.0	0.0	0.0
0.05714	0.06543	0.0516
0.08377	0.09424	0.08337
0.05357	0.05357	0.05128
0.25532	0.29306	0.24699
0.06818	0.07881	0.08728
0.1875	0.1875	0.14286
0.0	0.0	0.0
0.0	0.0	0.0
0.17544	0.2074	0.16791
0.19231	0.26115	0.1841
0.0	0.0	0.0
0.02632	0.02632	0.0
0.53846	0.62031	0.55127
0.18182	0.35773	0.36688
0.13793	0.15989	0.12784
0.14286	0.11981	0.10829
0.25806	0.27677	0.1145
0.19231	0.19231	0.29412
0.17241	0.17241	0.26316
0.19444	0.20833	0.15725
0.58333	0.58333	0.46154
0.28125	0.30644	0.22886
0.0	0.0	0.0
0.45161	0.44639	0.3403
0.09589	0.09589	0.08
0.2	0.18924	0.18387
0.0	0.0	0.0
0.14634	0.16757	0.13882
0.28571	0.21195	0.13646
0.0	0.0	0.0
0.08966	0.10723	0.06711
0.1831	0.21715	0.18133
0.16	0.2	0.2
0.09091	0.09132	0.09677
0.26744	0.26255	0.25922
0.06	0.06	0.0597
0.25	0.25	0.25
0.30769	0.299	0.33965
0.05172	0.05617	0.05507
0.08333	0.08333	0.05556
0.06897	0.07786	0.0129
0.1087	0.11009	0.08422
0.0625	0.0625	0.1
0.84211	0.84379	0.78908
0.09756	0.09756	0.04167
0.19481	0.21156	0.18975
0.05682	0.05682	0.03774
0.17419	0.18126	0.11452
0.375	0.375	0.66667
0.47059	0.58253	0.5032
0.61538	0.77169	0.5064
0.13793	0.13793	0.11111
0.11538	0.17369	0.1875
0.01316	0.01316	0.01923
0.24324	0.25281	0.26419
0.024	0.032	0.02381
0.06522	0.07609	0.0597
0.16129	0.16718	0.13356
0.40741	0.40741	0.4
0.06173	0.04659	0.01433
0.0	0.0	0.0
0.77778	0.77896	0.71581
0.07317	0.09756	0.0625
0.21875	0.19556	0.05718
0.33333	0.32156	0.36329
0.29268	0.31707	0.21429
0.16892	0.18047	0.17362
0.21154	0.22114	0.15725
0.11765	0.11765	0.08824
0.22148	0.23358	0.25021
0.0	0.0	0.0
0.16667	0.181	0.10811
0.0	0.0	0.0
0.33333	0.344	0.0
0.15	0.16096	0.11403
0.03226	0.03226	0.0
0.15385	0.214	0.21968
0.10294	0.11526	0.04167
0.14286	0.14286	0.16667
0.14943	0.17352	0.14292
0.05952	0.06298	0.05672
0.46154	0.47592	0.45307
0.01149	0.01149	0.0
0.10526	0.10526	0.0
0.05172	0.06897	0.02778
0.0	0.0	0.0
0.31977	0.31583	0.28523
0.06329	0.06349	0.05455
0.3	0.3516	0.21657
0.0	0.0	0.0
0.44444	0.52628	0.4535
0.02222	0.02293	0.0344
0.19718	0.20141	0.16782
0.08333	0.09177	0.07981
0.10185	0.12171	0.11553
0.13636	0.13123	0.14467
0.22581	0.24765	0.15725
0.1375	0.1625	0.14583
0.57895	0.50758	0.71767
0.04286	0.04286	0.03846
0.19231	0.23159	0.16733
0.03684	0.04567	0.05257
0.375	0.4415	0.2032
0.3125	0.30089	0.24482
0.33333	0.35731	0.25
0.35135	0.35222	0.31317
0.2	0.21032	0.10988
0.02083	0.02083	0.03226
0.31429	0.35206	0.24122
0.08696	0.08765	0.0635
0.0	0.0	0.0
0.12	0.13096	0.04994
0.13846	0.13846	0.15217
0.08333	0.07706	0.07713
0.01923	0.01923	0.03226
0.2	0.2688	0.254
0.08791	0.10775	0.13976
0.09877	0.09877	0.0566
0.0	0.0	0.0
0.0	0.0	0.0
0.08	0.08	0.05556
0.33333	0.33333	0.35
0.0	0.0	0.0
0.0875	0.07701	0.06634
0.09459	0.09459	0.08511
0.10638	0.10638	0.08824
0.0625	0.09475	0.04762
0.12329	0.17542	0.12245
0.27326	0.30569	0.25466
0.72727	0.89145	0.58422
0.19811	0.19658	0.15112
0.04651	0.05738	0.05263
0.01852	0.01852	0.0
0.01266	0.01266	0.0
0.14286	0.14286	0.05882
0.28571	0.28663	0.16
0.03261	0.03261	0.03125
0.0	0.0	0.0
0.06977	0.06977	0.05263
0.10959	0.12329	0.11765
0.01176	0.01176	0.01639
0.20556	0.20411	0.15225
0.03571	0.03571	0.05556
0.0	0.0	0.0
0.07143	0.07143	0.04762
0.09091	0.09091	0.04762
0.03252	0.03252	0.03614
0.13043	0.11968	0.09257
0.04861	0.0401	0.03822
0.0	0.0	0.0
0.0	0.0	0.0
0.0	0.0	0.0
0.09859	0.11268	0.08333
0.30814	0.32258	0.29569
0.21951	0.22029	0.15385
0.04348	0.04348	0.0
0.0	0.0	0.0
0.20588	0.20303	0.21218
0.3871	0.37771	0.40614
0.0274	0.03137	0.02867
0.01408	0.01408	0.0
0.33333	0.33333	0.33333
0.04545	0.04545	0.04762
0.41667	0.41667	0.375
0.39216	0.42627	0.35481
0.21176	0.23813	0.23017
0.0	0.0	0.0
0.0	0.0	0.0
0.13298	0.14824	0.11262
0.03497	0.03338	0.02827
0.08442	0.08127	0.03781
0.07229	0.07966	0.07979
0.0875	0.09192	0.0738
0.33333	0.33333	0.33333
0.15068	0.15422	0.09389
0.0	0.0	0.0
0.24	0.28	0.23529
0.26087	0.27067	0.24986
0.19588	0.21748	0.1856
0.23645	0.23311	0.18171
0.04878	0.04288	0.03636
0.03704	0.03704	0.0
0.06897	0.06897	0.06061
0.04908	0.06016	0.05477
0.0	0.0	0.0
0.0	0.0	0.0
0.05882	0.05882	0.04167
0.0	0.0	0.0
0.22059	0.28841	0.2693
0.17308	0.18858	0.1602
0.0	0.0	0.0
0.04762	0.04762	0.0
0.08696	0.08696	0.0
0.14286	0.14514	0.1032
0.0	0.0	0.0
0.17708	0.18009	0.15212
0.04895	0.06948	0.06935
0.85714	0.64971	0.5548
0.23333	0.23333	0.19048
0.04444	0.04444	0.03571
0.08046	0.09566	0.10386
0.0	0.0	0.0
0.30303	0.25903	0.25133
0.0	0.0	0.0
0.36601	0.38941	0.3251
0.05556	0.02867	0.043
0.08219	0.08263	0.05455
0.23171	0.22737	0.20527
0.19595	0.22012	0.21365
0.03911	0.04163	0.02973
0.0	0.0	0.0
0.55556	0.67022	0.83867
0.14706	0.17647	0.21053
0.15152	0.14858	0.1258
0.05128	0.03226	0.04838
0.15686	0.12902	0.14308
0.42857	0.48386	0.33718
0.14634	0.14634	0.09524
0.16667	0.16667	0.0
0.09709	0.10366	0.07996
0.11111	0.11111	0.1
0.08696	0.09782	0.09727
0.0	0.0	0.0
0.02703	0.02703	0.0
0.11194	0.13288	0.0627
0.33333	0.28688	0.27491
0.2	0.3806	0.25
0.25	0.31358	0.25058
0.44048	0.42818	0.35357
0.08642	0.08044	0.06168
0.04839	0.0489	0.04838
0.05263	0.08658	0.06988
0.0	0.0	0.0
0.23596	0.28488	0.28397
0.09859	0.10949	0.07548
0.0	0.0	0.0
0.19512	0.19512	0.16364
0.40113	0.4177	0.35099
0.24615	0.23374	0.13768
0.07609	0.07609	0.04918
0.0	0.0	0.0
1.54545	1.57182	1.75571
0.5	0.56717	0.14286
0.15714	0.18663	0.1344
0.07639	0.09386	0.07672
0.125	0.125	0.07317
0.0	0.0	0.0
0.22289	0.24076	0.18389
0.17778	0.16844	0.12234
0.04706	0.05199	0.05795
0.1625	0.16895	0.18574
0.07143	0.0626	0.03893
0.34211	0.35002	0.24472
0.1	0.1	0.07407
0.0	0.0	0.0
0.24648	0.26783	0.21461
0.09174	0.10092	0.06944
0.07432	0.07454	0.08685
0.66667	0.66667	0.66667
0.21429	0.21429	0.28571
0.03077	0.03399	0.03297
0.0	0.0	0.0
0.05333	0.06667	0.04348
0.19355	0.19458	0.05
0.01754	0.01754	0.02326
0.4507	0.47113	0.42233
0.12857	0.13317	0.08746
0.04598	0.05747	0.04918
0.15957	0.19182	0.12901
0.10714	0.08064	0.10526
0.3	0.3403	0.36969
0.16667	0.16892	0.15407
0.07143	0.07143	0.04762
0.16949	0.1498	0.12273
0.12727	0.13665	0.112
0.01299	0.01299	0.01923
0.0	0.0	0.0
0.05882	0.05882	0.0
0.13158	0.10271	0.08841
0.0	0.0	0.0
0.11268	0.12721	0.10967
0.26316	0.26316	0.18182
0.32353	0.32589	0.25138
0.16788	0.17023	0.13505
0.0	0.0	0.0
0.02564	0.02564	0.0
0.0	0.0	0.0
0.17391	0.15426	0.14988
0.4	0.4	0.258
0.16129	0.16114	0.13154
0.02344	0.03125	0.0119
0.07407	0.07526	0.0
0.04478	0.04525	0.02273
0.25	0.32095	0.31564
0.07353	0.10199	0.08554
0.11475	0.11475	0.11364
0.12121	0.12121	0.08467
0.34286	0.38246	0.28748
0.33333	0.40012	0.35004
0.30496	0.29398	0.24392
0.21277	0.20974	0.16372
0.20833	0.23924	0.20492
0.08889	0.08889	0.06897
0.17164	0.18993	0.13309
0.13043	0.16548	0.20043
0.09756	0.09283	0.10021
0.13514	0.13514	0.17391
0.01064	0.01064	0.0
0.25281	0.2508	0.1924
0.07895	0.08772	0.08434
0.11321	0.11685	0.11766
0.08929	0.08986	0.08422
0.04054	0.03553	0.04094
0.22222	0.24037	0.18125
0.19497	0.19962	0.20745
0.03448	0.03948	0.034
0.125	0.13939	0.11289
0.04762	0.0599	0.05228
0.02941	0.02941	0.02326
0.08333	0.08333	0.05882
0.11111	0.11111	0.04762
0.01961	0.01961	0.02857
0.11	0.10258	0.05091
0.15044	0.14673	0.11753
0.17986	0.17637	0.11453
0.02609	0.02412	0.0219
0.14545	0.14105	0.10438
0.03448	0.04598	0.01754
0.1125	0.10362	0.10373
0.5625	0.51406	0.27417
0.1269	0.14114	0.14139
0.17143	0.17143	0.21739
0.9375	0.887	1.0289
0.0	0.0	0.0
0.0	0.0	0.0
0.53846	0.60046	0.72575
0.03571	0.03686	0.0516
0.125	0.14552	0.08475
0.09302	0.09302	0.03571
0.04762	0.04762	0.0
0.16176	0.16176	0.08889
0.63636	0.63636	0.75
0.40146	0.41346	0.41827
0.07229	0.05169	0.04321
0.0	0.0	0.0
0.54545	0.54545	0.66667
0.13333	0.1172	0.15982
0.25806	0.25874	0.22319
0.04494	0.03733	0.01667
0.13889	0.14635	0.09722
0.14667	0.15139	0.13955
0.22449	0.26661	0.18376
0.05682	0.05682	0.05882
0.06748	0.05956	0.04717
0.01087	0.01087	0.01786
0.08911	0.08591	0.06363
0.5	0.55733	0.5
0.13725	0.1692	0.13039
0.27778	0.33511	0.33333
0.0	0.0	0.0
0.05128	0.04631	0.06689
0.14286	0.16743	0.16667
0.16667	0.17484	0.15076
0.02564	0.02605	0.01695
0.07619	0.0765	0.10046
0.51852	0.51852	0.41176
0.53061	0.54641	0.55521
0.43243	0.5013	0.46277
0.16667	0.18817	0.08918
0.11613	0.13964	0.10961
0.13793	0.13607	0.07181
0.04651	0.04651	0.01538
0.01587	0.01587	0.0
0.11321	0.12203	0.08336
0.03226	0.03226	0.04545
0.06618	0.06997	0.06486
0.12	0.12257	0.11311
0.21429	0.17971	0.13782
0.20833	0.25604	0.18241
0.0	0.0	0.0
0.34483	0.34648	0.31703
0.0	0.0	0.0
0.05882	0.03035	0.043
0.47917	0.45158	0.50114
0.12598	0.12598	0.0814
0.05	0.05	0.0
0.05263	0.05263	0.03774
0.04592	0.04592	0.03759
0.0	0.0	0.0
0.04839	0.04839	0.04444
0.05263	0.05263	0.05714
0.12903	0.13526	0.12772
0.01887	0.01887	0.0
0.01299	0.01299	0.00962
0.05172	0.06062	0.03486
0.04217	0.04217	0.04425
1.0	1.67733	1.5
0.57143	0.57143	0.5
0.27273	0.26539	0.21908
0.09756	0.09795	0.0661
0.21212	0.21212	0.20455
0.06742	0.11199	0.11237
0.16667	0.16667	0.0
0.17526	0.20884	0.20866
0.0566	0.05721	0.02778
0.09524	0.1175	0.10378
0.2561	0.26829	0.21912
0.08333	0.11905	0.08197
0.07229	0.05752	0.02807
0.32143	0.34878	0.35661
0.72	0.98576	1.00427
0.05195	0.05236	0.03448
0.0	0.0	0.0
0.0	0.0	0.0
0.08108	0.09503	0.11981
0.15789	0.19863	0.18493
0.2	0.21111	0.15254
0.01852	0.01732	0.01992
0.05882	0.05746	0.03422
0.30769	0.30798	0.23467
0.09474	0.11069	0.06186
0.44444	0.362	0.20967
0.14706	0.17362	0.16667
0.30556	0.28581	0.21932
0.25	0.25	0.16667
0.04545	0.06061	0.02564
0.08333	0.08333	0.09091
0.11111	0.13889	0.125
0.02098	0.02098	0.02273
0.27473	0.2733	0.24568
0.5	0.52345	0.48485
0.08108	0.08892	0.07143
0.0	0.0	0.0
0.27941	0.28888	0.19143
0.5	0.5	0.5
0.11321	0.11686	0.0956
0.02778	0.02778	0.04167
0.16	0.16	0.125
0.01538	0.03077	0.02703
0.04348	0.04348	0.0303
0.1223	0.13506	0.07032
0.67742	0.66284	0.56522
0.0	0.0	0.0
0.125	0.12633	0.125
0.14894	0.17021	0.0625
0.0	0.0	0.0
0.12121	0.11533	0.13362
0.08824	0.06641	0.08333
0.2029	0.22719	0.22166
0.18421	0.18166	0.11322
0.20561	0.24237	0.1944
0.0	0.0	0.0
0.2	0.2	0.09524
0.28814	0.31929	0.28186
0.17241	0.2069	0.15
0.10909	0.14545	0.10526
0.05556	0.05556	0.08333
0.0566	0.0566	0.0
0.39024	0.4398	0.40782
0.08	0.08	0.03571
0.14286	0.14286	0.16667
0.6	0.53113	0.43691
0.03738	0.03707	0.05434
0.11628	0.11628	0.0625
0.01053	0.01053	0.01389
1.5	2.016	3.032
0.12088	0.1184	0.08621
0.15789	0.15789	0.08333
0.05208	0.05208	0.03077
0.03947	0.04668	0.05539
0.15254	0.16129	0.20276
0.0	0.0	0.0
0.46429	0.47118	0.37689
0.11864	0.11919	0.1008
0.16216	0.16216	0.04
0.12941	0.12941	0.09615
0.28571	0.57143	0.66667
0.03448	0.03448	0.03448
0.0	0.0	0.0
0.19048	0.18586	0.1705
0.0	0.0	0.0
0.13725	0.12839	0.09856
0.12195	0.11015	0.10655
0.11765	0.11432	0.1087
0.0	0.0	0.0
0.01754	0.01754	0.02632
0.0	0.0	0.0
0.0	0.0	0.0
0.05263	0.06196	0.05111
0.09375	0.09375	0.04545
0.0	0.0	0.0
0.08333	0.08333	0.04545
0.1123	0.10936	0.1141
0.11905	0.11905	0.11538
0.0	0.0	0.0
0.15957	0.17364	0.08725
0.03797	0.04818	0.0
0.0	0.0	0.0
0.10714	0.10714	0.04762
0.26389	0.28269	0.28145
1.4	1.2064	1.0
0.03448	0.03448	0.02778
0.09375	0.11088	0.08696
0.14286	0.14246	0.11579
0.33333	0.33333	0.25373
0.26471	0.28082	0.16
0.08065	0.08481	0.05251
0.01739	0.01739	0.01351
0.08527	0.08527	0.06977
0.09375	0.10988	0.1087
0.05634	0.07042	0.03774
0.0	0.0	0.0
0.0	0.0	0.0
0.10256	0.11	0.07633
0.12766	0.12285	0.10769
0.0	0.0	0.0
0.24138	0.19909	0.24702
0.0	0.0	0.0
0.77778	0.77778	0.6
0.08772	0.0764	0.04237
0.44444	0.46056	0.478
0.0	0.0	0.0
0.0	0.0	0.0
0.11321	0.11138	0.08571
0.17164	0.20076	0.16558
0.3	0.3	0.28571
0.04545	0.05205	0.043
0.0	0.0	0.0
0.58333	0.52683	0.1806
0.21519	0.21558	0.16785
0.09091	0.09091	0.07692
0.14286	0.16164	0.11371
0.22105	0.23089	0.2575
0.09917	0.10317	0.09426
0.05	0.05	0.03333
0.06	0.06	0.0
0.09043	0.09746	0.07804
0.09649	0.11742	0.02304
0.0	0.0	0.0
0.51515	0.51515	0.52381
0.01818	0.01818	0.02778
0.10345	0.12069	0.10811
0.05172	0.05172	0.025
0.02959	0.02959	0.01835
0.17073	0.17073	0.13462
0.22222	0.2226	0.18109
0.18182	0.18182	0.0
0.0	0.0	0.0
0.33333	0.473	0.7095
0.1	0.1	0.18182
0.0303	0.03812	0.0414
0.0125	0.0125	0.01923
0.08036	0.08669	0.06242
0.09677	0.0489	0.05263
0.44776	0.46364	0.44516
0.33333	0.3817	0.37095
0.1	0.1	0.18182
0.16129	0.16129	0.15
0.09524	0.14286	0.09091
0.07692	0.07857	0.06928
0.10345	0.1546	0.08781
0.24359	0.22828	0.18894
0.21053	0.24842	0.18063
0.0	0.0	0.0
0.0	0.0	0.0
0.05882	0.05882	0.03571
0.125	0.14583	0.12121
0.05988	0.06838	0.06713
0.57143	0.58829	0.5032
0.07353	0.07353	0.05882
0.0	0.0	0.0
0.03846	0.03846	0.05405
0.08989	0.08989	0.08475
0.0	0.0	0.0
0.07576	0.08405	0.07608
0.03822	0.04335	0.03731
0.1	0.09353	0.10624
0.5	0.5	0.5
0.0	0.0	0.0
0.0274	0.0411	0.01961
0.08824	0.14135	0.04545
0.0	0.0	0.0
0.03529	0.03529	0.03226
0.03125	0.03125	0.02703
0.14599	0.13538	0.0853
0.23077	0.21338	0.19711
0.375	0.379	0.3376
0.52083	0.57054	0.44007
0.12857	0.12926	0.09408
0.04225	0.03907	0.03696
0.27273	0.28248	0.30822
0.0	0.0	0.0
0.17708	0.17808	0.15483
0.21212	0.19745	0.1465
0.28477	0.30228	0.24147
0.11111	0.11111	0.10811
0.13333	0.13333	0.0
0.16774	0.1848	0.18121
0.14286	0.14377	0.14179
0.14925	0.14757	0.13333
0.15909	0.19939	0.14054
0.35	0.35	0.33333
0.0411	0.05479	0.0339
0.09016	0.09492	0.11143
0.10615	0.1056	0.1087
0.22857	0.22211	0.20833
0.15152	0.26685	0.13043
0.11702	0.13023	0.11191
0.0	0.0	0.0
0.21	0.22902	0.17503
0.0	0.0	0.0
0.01852	0.01852	0.02632
0.0	0.0	0.0
0.02439	0.02439	0.0
0.28125	0.28225	0.2
0.04545	0.04545	0.04
0.22222	0.22222	0.3
0.05405	0.05405	0.04167
0.26087	0.25804	0.29218
0.0	0.0	0.0
0.21053	0.21018	0.20448
0.18966	0.21412	0.15
0.0	0.0	0.0
0.0	0.0	0.0
0.0099	0.0099	0.01471
0.2459	0.30036	0.21056
0.07407	0.07407	0.07143
0.10366	0.10621	0.12385
0.39286	0.44814	0.30791
0.06897	0.06607	0.04321
0.2	0.2045	0.18017
0.15385	0.16713	0.11569
0.14607	0.1399	0.13215
0.07407	0.07407	0.04762
0.26316	0.28605	0.19354
0.23077	0.24069	0.0625
0.05714	0.05714	0.03571
0.09195	0.09789	0.06062
0.64286	0.65779	0.60211
0.03448	0.03448	0.03226
0.64	0.6116	0.57167
0.18	0.19032	0.16715
0.05825	0.05606	0.03947
0.05263	0.06349	0.04525
0.12575	0.13695	0.10793
0.19048	0.19048	0.14634
0.02439	0.03659	0.03922
0.05263	0.0447	0.02703
0.31579	0.30216	0.39164
0.0241	0.0241	0.0
0.0	0.0	0.0
0.11111	0.11289	0.08333
0.0	0.0	0.0
0.28571	0.28571	0.25
0.11111	0.14815	0.11111
0.07759	0.05033	0.05414
0.05556	0.05137	0.02211
0.1	0.1	0.0
0.0303	0.0303	0.02439
0.08621	0.08731	0.09062
0.17117	0.17726	0.16084
0.0	0.0	0.0
0.0625	0.0625	0.06452
0.13402	0.14233	0.10693
0.08571	0.08571	0.04348
0.1875	0.1875	0.22222
0.6	0.69028	0.62959
0.16084	0.20505	0.20299
0.14444	0.13942	0.12097
0.11765	0.14706	0.04167
0.33333	0.33333	0.3
0.15979	0.16012	0.16713
0.17	0.18032	0.14706
0.45	0.49835	0.58659
0.28261	0.31088	0.26099
0.03311	0.03311	0.03261
0.73333	0.73333	0.7
0.0	0.0	0.0
0.125	0.175	0.09375
0.09091	0.10967	0.08195
0.23711	0.26305	0.21458
0.26357	0.29406	0.26856
0.25	0.25	0.28571
0.01316	0.01316	0.01111
1.0	1.016	0.9096
0.0	0.0	0.0
0.15556	0.15556	0.11111
0.08163	0.08755	0.04161
0.0	0.0	0.0
0.66667	0.66667	0.629
0.17204	0.16822	0.15372
0.0	0.0	0.0
0.0	0.0	0.0
0.31944	0.32347	0.32477
0.07071	0.05832	0.03421
0.13636	0.13636	0.16667
0.0	0.0	0.0
0.50794	0.50076	0.46627
0.0303	0.03127	0.04487
0.12698	0.16333	0.12519
0.22581	0.20187	0.21739
0.51429	0.5152	0.48128
0.19231	0.18423	0.11246
0.20721	0.18744	0.14203
0.04959	0.03732	0.0272
0.0	0.0	0.0
1.0	1.0	1.0
0.0339	0.05085	0.05405
0.11321	0.16555	0.17369
0.51613	0.55774	0.53978
0.19512	0.20875	0.16296
0.07273	0.06393	0.02778
0.13014	0.16283	0.14054
0.0	0.0	0.0
1.0	1.55367	1.4256
0.03774	0.05721	0.0635
0.03571	0.03917	0.03311
0.05	0.03548	0.01911
0.23077	0.21338	0.08128
0.09836	0.10311	0.07991
0.13333	0.13333	0.08197
0.04286	0.04331	0.02243
0.13043	0.13067	0.07901
0.2766	0.29511	0.18935
0.24138	0.28362	0.2161
0.21687	0.21453	0.18315
0.18391	0.18131	0.18534
0.2	0.19677	0.20479
0.0	0.0	0.0
0.44444	0.48022	0.086
0.10127	0.10494	0.078
0.0	0.0	0.0
0.48485	0.51515	0.3913
0.04444	0.06667	0.06061
0.11628	0.12677	0.11132
0.35714	0.37557	0.1516
0.45238	0.45238	0.43333
0.0274	0.0274	0.04082
0.11111	0.11111	0.14286
0.33333	0.30344	0.3274
0.0	0.0	0.0
0.27778	0.27778	0.11727
0.0	0.0	0.0
0.18182	0.18964	0.17479
0.0	0.0	0.0
0.28571	0.28571	0.25
0.13208	0.16128	0.16715
0.18571	0.21059	0.19543
0.25806	0.20861	0.13824
0.0	0.0	0.0
0.09804	0.1012	0.07496
0.15517	0.14238	0.12519
0.09796	0.10638	0.09104
0.37037	0.37037	0.4
0.45238	0.43086	0.38064
0.16107	0.15804	0.13657
0.15789	0.15958	0.23323
0.09091	0.09091	0.05556
0.10784	0.1167	0.07576
0.11039	0.11688	0.10377
0.0	0.0	0.0
0.14286	0.14438	0.21657
0.04494	0.04494	0.01639
0.0177	0.0177	0.0125
0.08955	0.08666	0.06977
0.16794	0.17655	0.19354
0.13333	0.13892	0.08938
0.44444	0.47311	0.37633
0.32143	0.32143	0.32353
0.03125	0.02545	0.02595
0.29167	0.33333	0.25
0.0	0.0	0.0
0.17204	0.16475	0.12147
0.0	0.0	0.0
0.10345	0.08676	0.03127
0.41333	0.45222	0.406
0.08333	0.08655	0.0953
0.21429	0.21429	0.22222
0.0	0.0	0.0
0.52	0.52	0.52381
0.23529	0.28744	0.2749
0.22034	0.23729	0.19444
0.17857	0.17857	0.21053
0.0	0.0	0.0
0.02564	0.02564	0.03571
0.2043	0.2088	0.17152
0.44086	0.436	0.39655
0.27273	0.34146	0.28267
0.14583	0.16548	0.14131
0.28571	0.28571	0.25
0.02857	0.02857	0.02083
0.45455	0.434	0.32257
0.05556	0.05556	0.08333
0.0	0.0	0.0
0.07143	0.07143	0.11111
0.33333	0.31989	0.22469
1.0	1.0	1.0
0.30233	0.33233	0.23516
0.03571	0.02764	0.03686
0.06731	0.0701	0.07779
0.30189	0.36943	0.31573
0.14085	0.13766	0.09361
0.0	0.0	0.0
0.45455	0.49411	0.4205
0.19828	0.21384	0.15429
0.125	0.11693	0.08571
0.08333	0.10417	0.09677
0.12651	0.1436	0.13489
0.26154	0.29031	0.20159
0.05618	0.0569	0.02169
0.2381	0.2381	0.26667
0.04878	0.04878	0.06452
0.45455	0.45455	0.45455
0.02703	0.02703	0.0
0.19444	0.19892	0.16409
0.05618	0.06379	0.06451
0.0	0.0	0.0
0.0	0.0	0.0
0.17857	0.17857	0.17949
0.0	0.0	0.0
0.0	0.0	0.0
0.21918	0.27219	0.21694
0.11667	0.15913	0.13158
0.15789	0.16892	0.16367
0.03846	0.03846	0.02703
0.0	0.0	0.0
0.0	0.0	0.0
0.2	0.18128	0.14683
0.26667	0.27956	0.18
0.11504	0.1393	0.13099
0.0	0.0	0.0
0.0	0.0	0.0
0.0	0.0	0.0
0.14943	0.1661	0.12337
0.04575	0.05102	0.03768
0.13072	0.12839	0.10031
0.16667	0.16667	0.08511
0.27778	0.34406	0.21991
0.0	0.0	0.0
0.0	0.0	0.0
0.13333	0.13892	0.11254
0.66667	0.66667	0.77778
0.0	0.0	0.0
0.09524	0.09524	0.07143
0.48276	0.46048	0.35482
0.57895	0.56621	0.56317
0.10959	0.12329	0.06383
0.2	0.3	0.14286
0.09091	0.0821	0.08938
0.0	0.0	0.0
0.52381	0.42852	0.34985
0.05263	0.05263	0.08333
0.05	0.05	0.06667
0.08197	0.08725	0.05452
0.0	0.0	0.0
0.1028	0.10822	0.07173
0.09735	0.09735	0.0641
0.24265	0.27062	0.1746
0.27007	0.26677	0.26793
0.22059	0.26137	0.2342
0.25926	0.31659	0.2274
0.09524	0.09138	0.07007
0.12418	0.1324	0.08909
0.08621	0.08621	0.05263
0.09877	0.10872	0.07319
0.08247	0.08014	0.04026
0.15068	0.19089	0.12112
0.41429	0.42601	0.43564
0.0	0.0	0.0
0.34328	0.37745	0.32562
0.17391	0.18513	0.09106
0.01613	0.01613	0.02857
0.34091	0.32182	0.34192
0.19403	0.22724	0.21905
0.0	0.0	0.0
0.14035	0.14544	0.09582
0.0	0.0	0.0
0.0	0.0	0.0
0.0	0.0	0.0
0.15625	0.21269	0.13636
0.0	0.0	0.0
0.22314	0.25112	0.203
0.07692	0.06345	0.04548
0.10769	0.10769	0.11111
0.42105	0.42274	0.43086
0.07843	0.11131	0.07874
0.1	0.1	0.0
0.22785	0.22785	0.23529
0.46341	0.46495	0.43647
0.33333	0.33333	0.33333
0.25	0.27987	0.22848
0.19512	0.19512	0.11538
0.38776	0.36865	0.31822
0.07937	0.10394	0.08251
0.11538	0.13462	0.11111
0.75	0.98375	1.935
0.12903	0.14255	0.10517
0.21053	0.21053	0.14706
0.0	0.0	0.0
0.88889	0.81	0.75571
0.19565	0.19635	0.1885
0.15625	0.13406	0.06143
0.13333	0.12903	0.09022
0.05263	0.05263	0.08333
0.02857	0.02857	0.04167
0.375	0.40805	0.38262
0.13889	0.13978	0.12633
0.07487	0.07383	0.06269
0.30882	0.3145	0.31157
0.19079	0.20946	0.184
0.0	0.0	0.0
0.0	0.0	0.0
0.07143	0.07143	0.0
0.0	0.0	0.0
0.0	0.0	0.0
0.50704	0.52475	0.43073
0.48485	0.45258	0.34164
0.0	0.0	0.0
0.04444	0.02796	0.00782
0.01923	0.01923	0.0
0.15789	0.15789	0.08333
0.0	0.0	0.0
0.0	0.0	0.0
0.01852	0.02598	0.0
0.22727	0.24192	0.18062
0.16327	0.17752	0.10856
0.07692	0.07938	0.1032
0.09091	0.11364	0.12
0.12088	0.13611	0.08498
0.19027	0.18827	0.17984
0.06849	0.06849	0.07273
0.04545	0.07441	0.07335
0.01724	0.01724	0.025
0.1875	0.1879	0.15865
0.06557	0.07033	0.05452
0.03922	0.03922	0.02703
0.15966	0.16589	0.13192
0.11111	0.13465	0.08217
0.0	0.0	0.0
0.096	0.10658	0.08576
0.04444	0.03847	0.04613
0.35	0.3258	0.33333
0.17391	0.17391	0.14286
0.33333	0.33333	0.14286
0.0	0.0	0.0
0.31579	0.32937	0.35012
0.14136	0.15672	0.10184
0.01852	0.01852	0.02703
0.0	0.0	0.0
0.22857	0.23686	0.27709
0.75	0.75267	0.8
0.09	0.09	0.08108
0.07692	0.07692	0.04762
0.2	0.21796	0.22139
0.0	0.0	0.0
0.17778	0.21289	0.23688
0.13636	0.16275	0.10829
0.03659	0.03835	0.03046
0.70588	0.56353	0.55911
0.18018	0.17436	0.14297
0.03289	0.03311	0.01869
0.0678	0.0678	0.05405
0.45161	0.37355	0.39917
0.175	0.2	0.18182
0.15385	0.15426	0.10909
0.28571	0.2816	0.28182
0.42282	0.43581	0.37669
0.0	0.0	0.0
0.5	0.5903	0.53881
0.36232	0.3782	0.2961
0.23457	0.26044	0.26402
0.07386	0.07276	0.03417
0.1875	0.21875	0.14286
0.23529	0.22388	0.11827
0.18182	0.18182	0.14286
0.07937	0.11162	0.11436
0.0	0.0	0.0
0.20588	0.22674	0.22708
0.06803	0.06671	0.04086
0.2037	0.19951	0.16279
0.15942	0.15942	0.18182
0.175	0.16128	0.16726
0.10769	0.12308	0.06977
0.06	0.1	0.09091
0.0	0.0	0.0
0.0	0.0	0.0
0.0	0.0	0.0
0.3578	0.3637	0.28556
0.05455	0.07273	0.05405
0.26506	0.2907	0.22061
0.0	0.0	0.0
0.25	0.25894	0.22772
0.04545	0.04545	0.0
0.63636	0.63636	0.57143
0.11765	0.11859	0.07033
0.08065	0.08065	0.025
0.18644	0.19081	0.15
0.22222	0.23117	0.17875
0.21739	0.1823	0.1602
0.09859	0.12766	0.10774
0.08511	0.08511	0.03226
0.34615	0.40071	0.39045
0.02667	0.02667	0.03846
0.09434	0.09494	0.08195
0.25714	0.27034	0.22005
0.4	0.3177	0.31983
0.17105	0.18674	0.15557
0.04762	0.02457	0.0344
0.0	0.0	0.0
0.0	0.0	0.0
0.01786	0.02381	0.01802
0.29508	0.30248	0.26881
0.1068	0.0999	0.07247
0.05455	0.04633	0.0387
0.13636	0.1195	0.09873
0.0	0.0	0.0
0.16667	0.16667	0.14583
0.1831	0.1831	0.12195
0.09195	0.09195	0.09091
0.19512	0.15734	0.21676
0.15385	0.15385	0.11111
0.10667	0.11333	0.12798
0.07547	0.10042	0.04097
0.32	0.30644	0.25806
0.0	0.0	0.0
0.12	0.1316	0.188
0.0	0.0	0.0
0.23529	0.259	0.19224
0.0	0.0	0.0
0.14815	0.18278	0.29029
0.03571	0.03571	0.0
0.12121	0.14759	0.12902
0.05369	0.05564	0.04533
0.0	0.0	0.0
0.0	0.0	0.0
0.23077	0.30769	0.42857
0.2381	0.28006	0.26902
0.04167	0.04167	0.0
0.01695	0.01695	0.01316
0.83333	1.50533	1.4064
0.25333	0.26644	0.23244
0.0	0.0	0.0
0.68421	0.79116	0.85483
0.1405	0.14929	0.12511
0.5	0.53686	0.35943
0.0	0.0	0.0
0.27907	0.31133	0.29892
0.08333	0.08333	0.1
0.21739	0.26926	0.18782
0.075	0.075	0.03704
0.08824	0.11194	0.09091
0.04	0.04	0.03125
0.30769	0.25308	0.229
0.09615	0.08685	0.04331
0.25	0.19083	0.125
0.0	0.0	0.0
0.0	0.0	0.0
0.12821	0.12821	0.10714
0.21875	0.24294	0.2
0.0	0.0	0.0
0.08974	0.10628	0.0887
0.16216	0.14384	0.15858
0.09524	0.14286	0.07692
0.19355	0.20394	0.1459
0.14388	0.16639	0.10133
0.06349	0.06349	0.05405
0.12245	0.1389	0.11894
0.07547	0.06979	0.0582
0.0	0.0	0.0
0.2	0.20773	0.10409
0.09524	0.14286	0.09091
0.08333	0.08333	0.06349
0.1411	0.15416	0.11273
0.28571	0.26843	0.16667
0.18605	0.22166	0.20188
0.5	0.47446	0.45635
0.13415	0.13138	0.12661
0.0	0.0	0.0
0.0	0.0	0.0
0.0	0.0	0.0
0.5	0.46233	0.46233
0.07692	0.07692	0.09091
0.0	0.0	0.0
0.05	0.05	0.07407
0.06977	0.06714	0.03894
0.45833	0.45967	0.31015
0.0	0.0	0.0
0.0678	0.0678	0.02632
0.7	0.8258	0.6516
0.13333	0.13333	0.09091
0.14286	0.10752	0.08676
0.0	0.0	0.0
0.05917	0.05955	0.07136
0.72	0.76124	0.586
0.0531	0.05224	0.01299
1.0	0.9435	1.419
0.33333	0.39629	0.293
0.07407	0.06511	0.02778
0.10145	0.10565	0.11187
0.14815	0.13141	0.0344
0.40625	0.34675	0.20581
0.21311	0.26387	0.22949
0.07317	0.09598	0.11288
0.09756	0.09965	0.08601
0.11111	0.11788	0.11693
0.21176	0.21896	0.16517
0.11765	0.12751	0.10977
0.19048	0.11671	0.05954
0.11111	0.11111	0.06122
0.0	0.0	0.0
0.0125	0.0129	0.02064
0.0	0.0	0.0
0.08081	0.08081	0.04762
0.07477	0.08953	0.06681
0.07143	0.07143	0.04762
0.09091	0.09091	0.07692
0.05882	0.05882	0.01786
0.19048	0.20276	0.12557
0.08163	0.08163	0.03333
0.03226	0.03226	0.0
0.19231	0.15508	0.16844
0.0	0.0	0.0
0.21739	0.2237	0.143
0.58333	0.62633	0.57371
0.17368	0.19218	0.13107
0.06667	0.10107	0.09282
0.11765	0.11322	0.06911
0.04167	0.04233	0.02857
0.02128	0.02128	0.0
0.08163	0.12245	0.10345
0.07692	0.07692	0.10526
0.0	0.0	0.0
0.125	0.13739	0.10035
0.13725	0.13725	0.12121
0.01408	0.01408	0.02083
0.08	0.08	0.11111
0.13812	0.15095	0.11887
0.0	0.0	0.0
0.02564	0.02564	0.04
0.38596	0.35596	0.38225
0.0	0.0	0.0
0.02941	0.04553	0.06192
0.0	0.0	0.0
0.14286	0.19048	0.09091
0.26446	0.30924	0.25543
0.15625	0.1875	0.0903
0.14925	0.16081	0.13953
0.45238	0.47771	0.46513
0.09434	0.10681	0.12308
1.5	2.016	3.032
0.0	0.0	0.0
0.0	0.0	0.0
0.0	0.0	0.0
0.28571	0.27932	0.3123
0.07692	0.07692	0.04082
0.1215	0.11817	0.06854
0.28571	0.30827	0.27345
0.03529	0.03529	0.01786
0.33333	0.473	0.7095
0.04545	0.04545	0.06667
0.15254	0.17058	0.15958
0.17647	0.20682	0.08333
0.19626	0.20561	0.18571
0.14286	0.1364	0.08577
1.0	1.11971	1.36275
0.08511	0.09609	0.09946
0.0122	0.02439	0.01923
0.25352	0.24397	0.18933
0.24051	0.24132	0.18315
0.0	0.0	0.0
0.21429	0.21657	0.1032
0.28125	0.29738	0.29032
0.16667	0.15938	0.1651
0.26316	0.28479	0.23302
0.11818	0.11818	0.12162
0.0	0.0	0.0
0.0	0.0	0.0
0.05455	0.07273	0.05405
0.25191	0.25215	0.18391
0.11538	0.1315	0.12732
0.18182	0.18182	0.0
0.04348	0.04348	0.04255
0.18182	0.18182	0.0
0.35593	0.36795	0.36405
0.14035	0.17316	0.19083
0.0	0.0	0.0
0.29508	0.33633	0.32966
0.0	0.0	0.0
0.05455	0.09091	0.05
0.21951	0.21161	0.1634
0.14286	0.13657	0.1087
0.21649	0.23677	0.22396
0.19444	0.21683	0.13753
0.13913	0.16409	0.13493
0.17857	0.20736	0.23937
0.19512	0.19827	0.16516
0.01818	0.01075	0.01674
0.22222	0.24587	0.26013
0.3	0.3419	0.38936
0.05556	0.05644	0.03969
0.07752	0.07377	0.05376
0.08571	0.08663	0.08467
0.0	0.0	0.0
0.44444	0.44444	0.40741
0.0	0.0	0.0
0.33333	0.362	0.37633
0.0	0.0	0.0
0.10127	0.10861	0.09424
0.15306	0.15108	0.11612
0.08696	0.09887	0.11827
0.0625	0.0625	0.04
0.13699	0.15466	0.07
0.15	0.1379	0.14488
0.02959	0.0355	0.0381
0.0	0.0	0.0
0.0	0.0	0.0
0.13158	0.11884	0.08387
0.04762	0.04454	0.03942
0.15487	0.15972	0.15243
1.5	1.8225	4.258
0.02857	0.02166	0.01961
0.09231	0.0928	0.06522
0.0	0.0	0.0
1.5	1.903	2.032
0.23256	0.2633	0.16256
0.19048	0.19048	0.1875
0.0	0.0	0.0
0.09836	0.08249	0.07395
0.26316	0.24447	0.13523
0.10526	0.15789	0.15385
0.25	0.21773	0.17857
0.29412	0.296	0.18182
0.09848	0.12609	0.10116
0.125	0.11744	0.05851
0.25	0.25	0.25
0.0	0.0	0.0
0.0	0.0	0.0
0.05357	0.06796	0.02632
0.0	0.0	0.0
0.10938	0.10938	0.09302
0.27273	0.30277	0.23619
0.02857	0.02857	0.0
0.04545	0.04545	0.03571
0.24031	0.2553	0.18633
0.16667	0.18906	0.1718
0.18868	0.23492	0.1834
0.05172	0.05172	0.02632
0.25397	0.26062	0.17664
0.03509	0.03509	0.02857
0.0	0.0	0.0
0.05102	0.05694	0.05188
0.14286	0.14318	0.14539
0.30769	0.31762	0.30929
0.10638	0.14481	0.1991
0.07216	0.08247	0.04688
0.07246	0.08696	0.06122
0.07692	0.07692	0.05228
0.63636	0.63636	0.66667
0.05714	0.05806	0.04167
0.58333	0.586	0.379
0.07143	0.08571	0.06667
0.06767	0.08295	0.07502
0.03896	0.05195	0.0625
0.07547	0.07547	0.05714
0.0	0.0	0.0
0.14634	0.14083	0.10669
0.13208	0.14515	0.08949
0.26087	0.30435	0.17615
0.07143	0.07143	0.06329
0.0	0.0	0.0
0.42105	0.53474	0.51333
0.02778	0.02778	0.0
0.12717	0.15476	0.13808
0.07547	0.07821	0.07347
0.0	0.0	0.0
0.01408	0.01408	0.01887
0.16309	0.17997	0.14669
0.12903	0.12903	0.05556
0.04348	0.04348	0.0
0.08889	0.08889	0.09677
0.0	0.0	0.0
0.13725	0.13725	0.16129
0.0	0.0	0.0
0.07576	0.07576	0.06522
0.06098	0.06098	0.04918
0.0	0.0	0.0
0.02778	0.02778	0.04545
0.0367	0.0367	0.02963
0.04762	0.0361	0.0
0.04444	0.0411	0.03152
0.25547	0.25099	0.22751
0.08511	0.08511	0.05882
0.04706	0.05616	0.04954
0.21429	0.22257	0.23511
0.1375	0.16195	0.12188
0.0	0.0	0.0
0.17391	0.1537	0.15649
0.14286	0.10368	0.12563
0.46296	0.45996	0.38903
0.13433	0.14925	0.11628
0.0	0.0	0.0
0.52	0.47096	0.34767
0.13415	0.14988	0.10661
0.3913	0.38565	0.34557
0.125	0.125	0.2
0.0	0.0	0.0
0.1037	0.12473	0.07952
0.34483	0.31366	0.28591
0.10606	0.10997	0.09756
0.51282	0.50331	0.47465
0.16071	0.15725	0.12323
0.17857	0.21543	0.14438
0.33333	0.41667	0.29412
0.03704	0.0233	0.0
0.04	0.03011	0.02621
0.20192	0.21773	0.16318
0.07895	0.087	0.07929
0.0	0.0	0.0
0.54545	0.63341	0.52559
0.0	0.0	0.0
0.11765	0.14706	0.09091
0.0	0.0	0.0
0.04	0.04	0.02857
0.22222	0.18636	0.17875
0.08718	0.08999	0.0615
0.06897	0.07229	0.08403
0.13636	0.16055	0.15825
0.1875	0.1875	0.16667
0.07937	0.07578	0.04545
0.15789	0.16434	0.143
0.07463	0.1011	0.05128
0.06098	0.06098	0.0
0.0443	0.04287	0.01942
0.01316	0.01316	0.0
0.1	0.1	0.07143
0.0	0.0	0.0
0.23529	0.24382	0.24045
0.0	0.0	0.0
0.07097	0.07908	0.03158
0.09091	0.09091	0.0
0.12048	0.11465	0.09193
0.16901	0.16673	0.11849
0.01587	0.01587	0.02083
0.02128	0.02128	0.0
0.0303	0.06061	0.04348
0.44444	0.44444	0.4
0.41538	0.40495	0.37015
0.0	0.0	0.0
0.14815	0.10752	0.102
0.05263	0.05874	0.06451
0.61905	0.77571	0.42882
0.39726	0.41581	0.42708
0.41379	0.436	0.3661
0.0	0.0	0.0
0.32432	0.31822	0.23096
0.02857	0.02857	0.0
0.09231	0.09628	0.04909
0.08397	0.08125	0.05692
0.0	0.0	0.0
0.0	0.0	0.0
0.0	0.0	0.0
0.06977	0.09077	0.09677
0.77778	0.58411	0.63967
0.15556	0.17849	0.13006
0.08475	0.10169	0.02778
0.24742	0.25307	0.2086
0.81356	0.8059	0.81865
0.11377	0.12941	0.09677
0.26087	0.26226	0.23529
0.07692	0.08188	0.03931
0.12658	0.12658	0.12766
0.34211	0.40489	0.40782
0.12977	0.14552	0.1153
0.02	0.00516	0.00806
0.01333	0.01032	0.01433
0.16981	0.18928	0.10897
0.25806	0.24591	0.23117
0.17568	0.17218	0.15424
0.20513	0.21214	0.18806
0.30303	0.3597	0.25032
0.51613	0.49319	0.47614
0.16514	0.18644	0.13448
0.02128	0.03568	0.04791
0.0	0.0	0.0
0.08108	0.08108	0.03704
0.04545	0.04545	0.05172
0.0	0.0	0.0
0.0	0.0	0.0
0.2907	0.37807	0.31319
0.63636	0.63636	0.66667
0.0	0.0	0.0
0.0	0.0	0.0
0.4466	0.46788	0.35665
0.19835	0.19461	0.13879
0.2	0.181	0.15483
0.14103	0.16418	0.12158
0.04167	0.04435	0.04984
0.09722	0.12186	0.05902
0.16667	0.21144	0.25308
0.5	0.59675	0.8
0.21429	0.2331	0.16
0.46667	0.42147	0.36095
0.28049	0.30526	0.29704
0.0	0.0	0.0
0.44118	0.44118	0.44444
0.46667	0.45373	0.3774
0.07143	0.08436	0.07306
0.17241	0.16462	0.17155
0.12054	0.12586	0.08928
0.03704	0.05256	0.0
0.25714	0.3152	0.26391
0.30769	0.31711	0.27955
0.11905	0.15744	0.14181
0.0	0.0	0.0
0.21053	0.19863	0.17338
0.05479	0.05479	0.05357
0.20705	0.20477	0.18219
0.2069	0.2219	0.23342
0.3	0.2645	0.1075
0.06897	0.06897	0.04348
0.15942	0.15942	0.14583
0.12329	0.15156	0.09533
0.2381	0.26727	0.20553
0.0	0.0	0.0
0.09091	0.09091	0.14286
0.36364	0.52782	0.3806
0.0	0.0	0.0
0.31373	0.31624	0.24359
0.06548	0.07219	0.06809
0.0	0.0	0.0
0.04706	0.04706	0.03509
0.10465	0.10388	0.09185
0.0	0.0	0.0
0.55319	0.5477	0.47203
0.08772	0.09111	0.11861
0.0678	0.0678	0.06977
0.14754	0.18033	0.10526
0.26316	0.29032	0.25114
0.01852	0.01852	0.0
0.03371	0.03371	0.03279
0.15	0.15	0.11111
0.10938	0.11139	0.06877
0.0	0.0	0.0
0.15294	0.14762	0.11679
0.12903	0.16129	0.19048
0.0	0.0	0.0
0.15625	0.15725	0.125
0.125	0.125	0.2
0.0303	0.0303	0.04167
0.125	0.12961	0.08574
0.0	0.0	0.0
0.56944	0.56989	0.54
0.17647	0.18481	0.1658
0.14545	0.18182	0.13889
0.1165	0.1093	0.05091
0.08621	0.08953	0.08403
0.19231	0.19231	0.21429
0.39506	0.4054	0.3603
0.04444	0.04444	0.03448
0.3	0.3	0.258
0.0	0.0	0.0
0.31579	0.31182	0.31529
0.03361	0.03171	0.02326
0.12821	0.12903	0.12128
0.25	0.25	0.0
0.18519	0.16007	0.08918
0.0	0.0	0.0
0.30882	0.3055	0.29032
0.0	0.0	0.0
0.0	0.0	0.0
0.12766	0.12766	0.06061
0.17647	0.15465	0.13032
0.10714	0.11923	0.10815
0.11268	0.10313	0.05421
0.41176	0.45159	0.38288
0.07692	0.07692	0.05882
0.24	0.2258	0.21347
0.0	0.0	0.0
0.31579	0.30984	0.29452
0.17021	0.17089	0.10455
0.0	0.0	0.0
0.4717	0.54655	0.4728
0.0	0.0	0.0
0.175	0.18225	0.18893
0.0	0.0	0.0
0.08824	0.10294	0.06818
0.06667	0.08889	0.03571
0.13115	0.14277	0.11407
0.07692	0.07444	0.07319
0.18667	0.2	0.15942
0.22308	0.23349	0.21971
0.2	0.2	0.22449
0.0	0.0	0.0
0.06122	0.08163	0.06667
0.09756	0.12195	0.08
0.37273	0.35483	0.32257
0.2069	0.23581	0.24266
0.21359	0.22361	0.19098
0.12	0.13032	0.074
0.0	0.0	0.0
0.0	0.0	0.0
0.2381	0.22733	0.13646
0.13194	0.15233	0.13335
0.25749	0.23758	0.23847
0.03125	0.0625	0.04348
0.0	0.0	0.0
0.15789	0.17571	0.17988
0.0	0.0	0.0
0.08475	0.10059	0.09377
0.21053	0.23108	0.20627
0.0	0.0	0.0
0.35385	0.36972	0.32653
0.07547	0.08074	0.06223
0.20339	0.22798	0.21128
0.2029	0.20336	0.1771
0.28571	0.29952	0.23886
0.15385	0.15385	0.14062
0.16667	0.18086	0.15436
0.01149	0.01149	0.0
0.10577	0.09863	0.0896
0.23913	0.24963	0.2081
0.13	0.12774	0.0629
0.20833	0.168	0.14112
0.2	0.3	0.14286
0.07692	0.08486	0.06742
0.11765	0.17647	0.11111
0.08955	0.08618	0.09743
0.13793	0.16238	0.19521
0.20879	0.20064	0.19081
0.41667	0.47042	0.21933
0.11397	0.13389	0.09796
0.4	0.4	0.28571
0.16129	0.12174	0.0599
0.3913	0.37515	0.28197
0.25714	0.2774	0.21259
0.45614	0.43972	0.40912
0.0	0.0	0.0
0.1625	0.15482	0.14708
0.17857	0.17857	0.15789
0.0	0.0	0.0
0.5	0.52614	0.40879
0.14286	0.258	0.0
0.28571	0.28932	0.29126
0.0	0.0	0.0
0.25	0.28427	0.17117
0.0	0.0	0.0
0.0	0.0	0.0
0.0	0.0	0.0
0.07812	0.08131	0.10231
0.03571	0.04377	0.03354
0.16744	0.18274	0.18256
0.13699	0.1604	0.16128
0.13889	0.19444	0.15385
0.19403	0.19403	0.14286
0.04545	0.05303	0.03261
0.09589	0.12373	0.05945
0.05882	0.06863	0.07624
0.26667	0.29027	0.31178
0.07273	0.08738	0.02778
0.06061	0.06061	0.08333
0.25	0.29167	0.30871
0.0	0.0	0.0
0.26316	0.26316	0.25
0.29412	0.29412	0.32
0.0	0.0	0.0
0.11864	0.13641	0.096
0.07692	0.15385	0.11111
0.15152	0.14971	0.15428
0.01408	0.01408	0.0
0.24324	0.24411	0.125
0.50794	0.49922	0.47961
0.11696	0.14487	0.12874
0.10638	0.10706	0.06897
0.07407	0.07407	0.08571
0.11111	0.11111	0.04691
2.0	2.29	1.29
0.12698	0.14286	0.04348
0.03448	0.03448	0.025
0.12389	0.13331	0.12699
0.28723	0.30438	0.29492
0.18072	0.17178	0.12174
0.20253	0.20253	0.23404
0.21053	0.26484	0.27273
0.1165	0.13184	0.13675
0.0	0.0	0.0
0.36364	0.53655	0.60875
0.0	0.0	0.0
0.02128	0.04255	0.03125
0.11111	0.12126	0.10435
0.03636	0.03636	0.0
0.06818	0.09091	0.05556
0.05263	0.04612	0.01797
0.0	0.0	0.0
0.13636	0.15285	0.13854
0.0	0.0	0.0
0.15385	0.15385	0.11111
0.1	0.1	0.0
0.08333	0.08333	0.05882
0.04545	0.06061	0.04762
0.05882	0.06451	0.0303
0.19231	0.22454	0.22576
0.11111	0.11156	0.0625
0.22857	0.24283	0.2433
0.13333	0.1086	0.0599
0.26923	0.26923	0.33333
0.32143	0.32143	0.22222
0.14286	0.14286	0.03704
0.0	0.0	0.0
0.20339	0.20202	0.16003
0.0	0.0	0.0
0.26761	0.32348	0.2774
0.08511	0.10191	0.04623
0.0	0.0	0.0
0.03846	0.0641	0.0566
0.36	0.37932	0.4055
0.12308	0.11265	0.08225
0.06557	0.06557	0.05882
0.176	0.17779	0.12151
0.12941	0.12447	0.12449
0.26562	0.28125	0.28571
0.08861	0.118	0.05959
0.08333	0.08333	0.1
0.38462	0.44662	0.46767
0.02239	0.02239	0.02151
0.07634	0.07634	0.1
0.29167	0.27508	0.21032
0.04118	0.04288	0.02912
0.1039	0.12232	0.10096
0.14545	0.15953	0.08108
0.3038	0.32909	0.28057
0.19565	0.20336	0.16179
0.57143	0.84786	0.98375
0.1625	0.18447	0.15009
0.06349	0.0681	0.05132
0.22642	0.25502	0.22776
0.10577	0.12531	0.09916
0.21818	0.2428	0.23164
0.0	0.0	0.0
0.16418	0.19451	0.16198
0.05455	0.05455	0.02857
0.10526	0.10695	0.08333
0.18182	0.13782	0.21657
0.0	0.0	0.0
0.42105	0.42105	0.35714
0.0	0.0	0.0
0.57895	0.51611	0.5
0.125	0.125	0.13333
0.0	0.0	0.0
0.14894	0.12628	0.07527
0.11842	0.12903	0.11612
0.01471	0.01471	0.02128
0.35	0.4032	0.18064
0.15385	0.15385	0.10526
0.28571	0.25114	0.192
0.25161	0.27928	0.25435
0.25	0.2715	0.08918
0.08081	0.09091	0.07557
0.09639	0.1061	0.05455
0.04762	0.04762	0.0
0.0	0.0	0.0
0.06977	0.06977	0.09677
0.14493	0.16316	0.05507
0.14286	0.14286	0.0
0.02273	0.02273	0.0
0.03896	0.05195	0.02041
0.20408	0.20408	0.15625
0.0	0.0	0.0
0.0	0.0	0.0
0.02564	0.02564	0.04167
0.89706	0.89706	0.93617
0.22222	0.22222	0.2
0.15385	0.29277	0.35075
0.27536	0.27629	0.28571
0.06897	0.06897	0.03226
0.13889	0.20608	0.16996
0.27059	0.30435	0.26672
0.0	0.0	0.0
0.09677	0.06606	0.07015
0.28205	0.27582	0.25323
0.21875	0.21875	0.12
0.03529	0.03264	0.01488
0.07018	0.07018	0.0625
0.48276	0.49276	0.60529
0.17188	0.14801	0.14575
0.192	0.19998	0.11687
0.04348	0.04417	0.06773
0.0	0.0	0.0
0.0	0.0	0.0
0.12766	0.1503	0.10988
0.0	0.0	0.0
0.53846	0.56077	0.38448
0.0	0.0	0.0
0.0	0.0	0.0
0.03371	0.03153	0.03881
0.0	0.0	0.0
0.03704	0.03704	0.04545
0.0	0.0	0.0
0.2	0.22687	0.19048
0.72727	0.77118	0.79714
0.41667	0.44711	0.40256
0.27551	0.32224	0.25408
0.0	0.0	0.0
0.5	0.5575	0.72162
0.20833	0.22222	0.14815
0.26875	0.27216	0.19639
0.0	0.0	0.0
0.0578	0.06526	0.03763
0.01361	0.01361	0.01031
0.14286	0.15574	0.10995
0.0	0.0	0.0
0.01587	0.02662	0.03993
0.09091	0.09091	0.06667
0.54545	0.54545	0.54167
0.05769	0.05769	0.02941
0.16418	0.17364	0.17406
0.05833	0.07338	0.04878
0.09804	0.09867	0.0625
0.12903	0.14461	0.14022
0.73333	0.72467	0.8064
0.09091	0.1039	0.06667
0.4717	0.50821	0.42841
0.04	0.04	0.0
0.0303	0.0303	0.0
0.21053	0.20458	0.20757
0.0	0.0	0.0
0.0	0.0	0.0
0.28571	0.37171	0.21429
0.17857	0.16129	0.08422
0.16883	0.19417	0.14981
0.05714	0.05069	0.03159
0.12745	0.13535	0.09408
0.07895	0.07895	0.07407
0.53846	0.65254	0.77812
0.08333	0.09677	0.06935
0.1761	0.16919	0.16379
0.06818	0.06818	0.05556
0.02941	0.02941	0.0
0.07895	0.07895	0.03846
0.10127	0.11392	0.10345
0.13462	0.14825	0.13117
0.2844	0.29179	0.23624
0.13483	0.13483	0.10938
0.0	0.0	0.0
0.21429	0.288	0.27564
0.04167	0.04167	0.07692
0.12903	0.14516	0.13636
0.30769	0.30769	0.33333
0.0	0.0	0.0
0.0	0.0	0.0
0.37234	0.38674	0.34212
0.0	0.0	0.0
0.4	0.4	0.5
0.0	0.0	0.0
0.35294	0.33965	0.23117
0.27	0.29289	0.26506
0.0	0.0	0.0
0.07843	0.07843	0.02941
0.0	0.0	0.0
0.0	0.0	0.0
0.0	0.0	0.0
0.11475	0.10734	0.07692
0.31579	0.30216	0.39164
0.0122	0.0122	0.0
0.0	0.0	0.0
0.05556	0.05556	0.08333
0.05263	0.05263	0.09091
0.28571	0.28571	0.25
0.15385	0.19231	0.17647
0.06957	0.05329	0.04896
0.08929	0.08525	0.04928
0.1	0.1	0.0
0.01538	0.01538	0.0
0.07018	0.07018	0.05585
0.18182	0.17916	0.16084
0.0	0.0	0.0
0.04255	0.04255	0.06452
0.11579	0.12427	0.09453
0.11429	0.13731	0.04348
0.1875	0.1875	0.22222
0.72222	0.75803	0.6774
0.17687	0.18586	0.17808
0.14444	0.15591	0.11667
0.21053	0.23684	0.11538
0.33333	0.33333	0.3
0.15544	0.15577	0.16105
0.17822	0.18844	0.15942
0.47222	0.56986	0.59224
0.27778	0.32052	0.30591
0.04	0.04	0.03261
0.73333	0.73333	0.7
0.0	0.0	0.0
0.15	0.175	0.09375
0.09434	0.11381	0.08195
0.21111	0.25018	0.17888
0.24627	0.26793	0.26856
0.40909	0.412	0.375
0.05229	0.05756	0.02198
1.0	1.016	0.9096
0.0	0.0	0.0
0.30909	0.30909	0.29412
0.1	0.1058	0.04161
0.0	0.0	0.0
0.70588	0.70588	0.69083
0.13483	0.14751	0.11528
0.0	0.0	0.0
0.0	0.0	0.0
0.30986	0.31394	0.32477
0.05051	0.05051	0.0303
0.19048	0.19048	0.16667
0.0	0.0	0.0
0.54688	0.56298	0.48386
0.0303	0.03127	0.04487
0.16393	0.20148	0.15263
0.3	0.25913	0.15514
0.51429	0.5152	0.48128
0.16364	0.14193	0.10549
0.21429	0.1947	0.15465
0.09449	0.0828	0.07193
0.0	0.0	0.0
1.0	1.0	1.0
0.10909	0.12727	0.11429
0.11321	0.16555	0.17369
0.53226	0.57439	0.53978
0.20161	0.21513	0.17159
0.07273	0.06393	0.02778
0.12752	0.13466	0.10847
0.0	0.0	0.0
1.0	1.55367	1.4256
0.05357	0.05357	0.05714
0.06579	0.0648	0.05806
0.05	0.03548	0.01911
0.2	0.18305	0.08128
0.09677	0.08532	0.07991
0.11364	0.11364	0.06667
0.10959	0.11003	0.06317
0.12121	0.11119	0.05138
0.27083	0.28829	0.21469
0.23077	0.23819	0.13978
0.21687	0.21453	0.18315
0.20233	0.20296	0.16762
0.22034	0.2422	0.25098
0.0	0.0	0.0
0.44444	0.48022	0.086
0.10127	0.10494	0.078
0.09434	0.09434	0.10526
0.48485	0.51515	0.3913
0.04545	0.04545	0.06061
0.11628	0.12677	0.11132
0.27778	0.29567	0.21109
0.46512	0.46512	0.43333
0.0274	0.0274	0.04082
0.11111	0.11111	0.14286
0.3913	0.37865	0.39244
0.0	0.0	0.0
0.33333	0.30644	0.16418
0.0	0.0	0.0
0.22388	0.23158	0.17479
0.0	0.0	0.0
0.28571	0.28571	0.25
0.16364	0.19178	0.19165
0.18571	0.21059	0.19543
0.30357	0.26093	0.1629
0.0	0.0	0.0
0.12245	0.12573	0.09031
0.09091	0.09091	0.05128
0.08974	0.09195	0.07154
0.37037	0.37037	0.4
0.25806	0.2851	0.27674
0.20139	0.19869	0.16128
0.15	0.2016	0.288
0.0	0.0	0.0
0.13684	0.14737	0.1129
0.12179	0.12821	0.10377
0.0	0.0	0.0
0.14286	0.14438	0.21657
0.03333	0.03333	0.01639
0.00893	0.00893	0.0125
0.12308	0.12406	0.11628
0.15873	0.16333	0.17258
0.12329	0.133	0.08938
0.44444	0.47311	0.37633
0.26923	0.26923	0.28125
0.03125	0.0315	0.03485
0.29167	0.33333	0.25
0.0	0.0	0.0
0.18681	0.19319	0.13231
0.0	0.0	0.0
0.07143	0.05414	0.00782
0.5122	0.58533	0.55719
0.11864	0.13776	0.16577
0.21429	0.21429	0.22222
0.18978	0.19825	0.17777
0.53846	0.53846	0.54545
0.21875	0.25097	0.25155
0.15385	0.14702	0.12121
0.14815	0.14815	0.16667
0.0	0.0	0.0
0.02564	0.02564	0.03571
0.1573	0.16454	0.14436
0.36585	0.36585	0.33962
0.42857	0.48421	0.40532
0.17021	0.20229	0.16902
0.28571	0.28571	0.25
0.0	0.0	0.0
0.0	0.0	0.0
0.05556	0.05556	0.08333
0.15217	0.15217	0.16934
0.23529	0.23529	0.27273
0.23913	0.23913	0.20588
1.0	1.0	1.0
0.33333	0.35943	0.20967
0.07143	0.0645	0.03686
0.08	0.08064	0.0928
0.20755	0.23187	0.20233
0.13139	0.12832	0.0858
0.14286	0.14286	0.125
0.47826	0.53854	0.52879
0.16071	0.16791	0.12258
0.10909	0.10087	0.08571
0.04348	0.06522	0.06667
0.13174	0.14873	0.15786
0.29032	0.33194	0.25205
0.08989	0.08155	0.07217
0.2381	0.2381	0.26667
0.11628	0.11102	0.09375
0.4375	0.4375	0.45455
0.02703	0.02703	0.0
0.15873	0.17663	0.15052
0.04545	0.05315	0.0478
0.06349	0.06349	0.05682
0.5	0.5	0.4
0.27119	0.29688	0.26781
0.0	0.0	0.0
0.0	0.0	0.0
0.27632	0.33742	0.26109
0.14516	0.18626	0.15385
0.18421	0.1825	0.15135
0.0	0.0	0.0
0.04651	0.04651	0.03846
0.0	0.0	0.0
0.21569	0.19859	0.14683
0.26667	0.27956	0.18
0.13158	0.13836	0.1298
0.0	0.0	0.0
0.0	0.0	0.0
0.04082	0.04082	0.02857
0.14943	0.1661	0.12337
0.04667	0.05053	0.0358
0.12329	0.1193	0.09139
0.11429	0.11429	0.06522
0.41176	0.46106	0.3419
0.0	0.0	0.0
0.0	0.0	0.0
0.11034	0.10923	0.09351
0.6	0.6	0.75
0.28571	0.28571	0.33333
0.09524	0.09524	0.07143
0.5	0.52879	0.41933
0.09524	0.09524	0.07692
0.30476	0.32441	0.26816
0.02703	0.02703	0.0
0.34545	0.34545	0.34286
0.07143	0.05376	0.01032
0.05208	0.06821	0.05723
0.0625	0.0625	0.0
0.0	0.0	0.0
0.35897	0.37923	0.31354
0.09677	0.09677	0.04167
0.16327	0.15339	0.08676
0.03659	0.0354	0.04082
0.20792	0.20376	0.2029
0.0339	0.0298	0.01176
0.0	0.0	0.0
0.06452	0.06452	0.04762
0.21429	0.24996	0.28724
0.0	0.0	0.0
0.2	0.2	0.13158
0.02985	0.02985	0.02439
0.08772	0.10582	0.075
0.45652	0.46841	0.44742
0.05882	0.07843	0.0625
0.1068	0.11212	0.03421
0.21569	0.20429	0.12524
0.28169	0.30711	0.19282
0.19512	0.2321	0.21215
0.25	0.25	0.15
0.44776	0.44101	0.3458
0.26582	0.26582	0.23636
0.27027	0.24235	0.24812
0.04545	0.04545	0.04082
0.0	0.0	0.0
0.275	0.2766	0.24128
0.49057	0.50151	0.46594
0.11864	0.11864	0.12
0.19048	0.19968	0.15893
0.54545	0.55773	0.36045
0.21212	0.22776	0.1758
0.0641	0.05362	0.04839
0.0597	0.0597	0.07317
0.15625	0.21875	0.13636
0.01064	0.01064	0.01493
0.0625	0.0625	0.09091
0.08197	0.1158	0.10214
0.08257	0.07428	0.06291
0.22368	0.22368	0.19149
0.125	0.15522	0.14438
0.21429	0.19814	0.1387
2.5	2.145	4.032
0.0	0.0	0.0
0.15686	0.15496	0.15933
0.14865	0.17916	0.10278
0.05882	0.07494	0.0645
0.10811	0.18395	0.14783
0.26087	0.30852	0.19353
0.01754	0.01754	0.02273
0.00794	0.00794	0.0
0.07143	0.07526	0.03509
0.06061	0.06061	0.09091
0.07921	0.08271	0.07752
0.1	0.11182	0.08168
0.05556	0.07706	0.04996
0.0	0.0	0.0
0.04511	0.05772	0.04086
0.09375	0.07056	0.01122
0.03774	0.03834	0.02949
0.75	0.875	0.66667
0.10345	0.10345	0.08333
0.14773	0.17961	0.07879
0.09722	0.10602	0.09164
0.0	0.0	0.0
0.08791	0.08791	0.04839
0.05155	0.05221	0.03081
0.09677	0.09677	0.07955
0.0	0.0	0.0
0.05128	0.05128	0.03846
0.04478	0.0337	0.04909
0.11765	0.11765	0.0
0.28378	0.35657	0.18836
0.38889	0.46056	0.44083
0.07407	0.11111	0.06667
0.12169	0.14319	0.12288
0.17797	0.20556	0.13265
0.03774	0.02374	0.00629
0.175	0.18212	0.15183
0.07692	0.10634	0.06587
0.23009	0.24719	0.19352
0.04	0.04	0.05556
0.32653	0.37128	0.2731
0.0	0.0	0.0
0.15385	0.17451	0.12
0.06897	0.06897	0.07692
0.22222	0.2398	0.22677
0.67647	0.63471	0.61148
0.04762	0.04762	0.06897
0.2619	0.33945	0.30168
0.17333	0.16042	0.14397
0.625	0.5725	0.20967
0.36667	0.40213	0.3532
0.27273	0.26391	0.26957
0.16129	0.16129	0.08696
0.14286	0.17971	0.14706
0.1	0.10046	0.04348
0.13158	0.13666	0.10941
1.0	1.1224	1.26867
0.05882	0.05882	0.05714
0.08696	0.08696	0.09677
0.30303	0.31182	0.17971
0.25439	0.27956	0.31285
0.0	0.0	0.0
0.0	0.0	0.0
0.10798	0.1057	0.10883
0.39474	0.39474	0.38462
0.13333	0.13404	0.13548
0.05063	0.03511	0.04838
0.02857	0.02857	0.04167
0.0	0.0	0.0
0.075	0.0875	0.05085
0.02469	0.01872	0.02707
0.17007	0.1852	0.17347
0.00952	0.0172	0.0
0.15	0.1774	0.196
0.02222	0.02222	0.03448
0.34483	0.37931	0.3
0.11364	0.11832	0.07548
0.18487	0.20222	0.16441
0.25641	0.30272	0.30366
0.2	0.24013	0.21827
0.14706	0.16224	0.08579
0.0	0.0	0.0
0.21053	0.25211	0.17897
0.13889	0.16667	0.16667
0.12195	0.14712	0.1123
0.0	0.0	0.0
0.02419	0.01821	0.0143
0.0	0.0	0.0
0.07407	0.05137	0.04459
0.02941	0.02941	0.02041
0.15254	0.17603	0.15885
0.15179	0.14516	0.12511
0.34091	0.34091	0.32143
0.18333	0.1801	0.11935
0.13656	0.14296	0.13139
0.0	0.0	0.0
0.14943	0.17017	0.09858
0.0	0.0	0.0
0.12941	0.13965	0.11671
0.09278	0.0971	0.07632
0.16162	0.21765	0.17642
0.18182	0.18473	0.14783
0.08571	0.10874	0.04348
0.375	0.36288	0.3806
0.12963	0.13441	0.10181
0.13514	0.136	0.12128
0.15625	0.1628	0.16459
0.0625	0.10417	0.08571
0.05714	0.05714	0.0
0.075	0.09192	0.08923
0.0	0.0	0.0
0.0	0.0	0.0
0.06667	0.06697	0.0411
0.55	0.58062	0.543
0.11864	0.15089	0.14496
0.0	0.0	0.0
0.09756	0.09756	0.09091
0.0339	0.0339	0.02273
0.04854	0.04384	0.03646
0.4	0.39635	0.32382
0.18182	0.27273	0.125
0.09756	0.11171	0.06117
0.04762	0.07143	0.06061
0.0	0.0	0.0
0.07273	0.05982	0.06061
0.16355	0.18495	0.15605
0.0	0.0	0.0
0.0	0.0	0.0
0.53333	0.6172	0.5258
0.0	0.0	0.0
0.0	0.0	0.0
0.16883	0.15794	0.11765
0.13208	0.14181	0.09767
0.09231	0.09231	0.1
0.32075	0.30858	0.27787
0.10909	0.14193	0.15279
0.44444	0.448	0.43314
0.05556	0.05644	0.05721
0.08989	0.09315	0.11111
0.12903	0.12903	0.1
0.07273	0.07273	0.05405
0.26471	0.29718	0.22726
0.06186	0.06186	0.04839
0.03704	0.03704	0.0
0.22222	0.22625	0.21
0.58824	0.58824	0.7
0.27273	0.28562	0.25615
0.15152	0.17106	0.16553
0.46341	0.45239	0.41379
0.25641	0.24441	0.24094
0.18321	0.20289	0.18265
0.0	0.0	0.0
0.01818	0.01368	0.01198
0.1875	0.25	0.08333
0.13514	0.12903	0.07392
0.07692	0.07692	0.09677
0.10294	0.09582	0.06667
0.23256	0.32707	0.20128
0.1129	0.16076	0.14207
0.0274	0.0274	0.01818
0.03125	0.03125	0.04348
0.4	0.5032	0.41471
0.15625	0.15625	0.13043
0.15909	0.16605	0.16397
0.24419	0.25506	0.12441
0.05435	0.0603	0.05085
0.22581	0.22581	0.22727
0.0	0.0	0.0
0.26744	0.2813	0.20043
0.08065	0.08065	0.08108
0.07097	0.08865	0.06421
0.02878	0.03597	0.0303
0.09848	0.1063	0.08924
0.21053	0.21053	0.13333
0.12121	0.18182	0.15667
0.26744	0.2903	0.21823
0.12245	0.12245	0.09375
0.0	0.0	0.0
0.075	0.08145	0.08064
0.16216	0.15867	0.11187
0.3125	0.43744	0.387
0.12766	0.12766	0.06061
0.0	0.0	0.0
0.0	0.0	0.0
0.2381	0.28571	0.20043
0.03571	0.03571	0.0
0.11111	0.11111	0.13043
0.47917	0.4721	0.42496
0.38	0.4703	0.4092
0.0	0.0	0.0
0.0	0.0	0.0
0.0	0.0	0.0
0.75	0.75	0.66667
0.20312	0.22227	0.05145
0.05556	0.05556	0.08333
0.0	0.0	0.0
1.0	1.245	1.473
0.0719	0.08412	0.07763
0.23684	0.21221	0.19354
0.15	0.15	0.18519
0.15385	0.22	0.28385
0.03509	0.03226	0.03893
0.17949	0.22	0.19224
0.0	0.0	0.0
0.6087	0.68017	0.55907
0.08	0.08	0.0
0.02985	0.02431	0.01398
0.0	0.0	0.0
0.05063	0.04205	0.0286
0.05634	0.08223	0.04618
0.0	0.0	0.0
0.28846	0.34677	0.27114
0.0	0.0	0.0
0.0	0.0	0.0
0.33333	0.33511	0.25267
0.0	0.0	0.0
0.14286	0.14286	0.0
0.0	0.0	0.0
0.01087	0.01402	0.01985
0.23448	0.23492	0.21682
0.1215	0.12631	0.08768
0.0241	0.02137	0.01754
0.05825	0.06827	0.04167
0.30303	0.34994	0.3579
0.09836	0.09889	0.04545
0.04918	0.06557	0.04651
0.40741	0.43607	0.31579
0.0	0.0	0.0
0.0	0.0	0.0
0.02128	0.02128	0.03226
0.05882	0.06071	0.04691
0.0	0.0	0.0
0.11607	0.14054	0.10896
0.15789	0.15789	0.09091
0.14286	0.188	0.09214
0.0	0.0	0.0
0.09677	0.09547	0.09405
0.20833	0.21571	0.22578
0.0	0.0	0.0
0.0	0.0	0.0
0.14754	0.1322	0.07219
0.0	0.0	0.0
0.11111	0.09598	0.074
0.1087	0.13113	0.09375
0.20635	0.20635	0.2
0.0	0.0	0.0
0.0	0.0	0.0
0.17241	0.17241	0.15789
0.13158	0.13326	0.15725
0.125	0.13996	0.09759
0.17391	0.17391	0.125
0.1194	0.1791	0.10417
0.17949	0.23903	0.192
0.0	0.0	0.0
0.32941	0.35673	0.33844
0.0	0.0	0.0
0.0	0.0	0.0
0.16667	0.17203	0.21457
0.0	0.0	0.0
0.0	0.0	0.0
0.18605	0.20028	0.16615
0.0	0.0	0.0
0.15385	0.15385	0.0
0.03571	0.03571	0.05556
0.4	0.4806	0.28571
0.225	0.21975	0.17418
0.0	0.0	0.0
0.0	0.0	0.0
0.18421	0.16553	0.14165
0.0	0.0	0.0
0.0	0.0	0.0
0.0	0.0	0.0
0.13158	0.15874	0.09676
0.07143	0.10714	0.1
0.09459	0.09982	0.06912
0.80556	0.80556	0.80952
0.0	0.0	0.0
0.05556	0.11111	0.1
0.05	0.05	0.03571
0.20732	0.22226	0.2019
0.18889	0.19247	0.1705
0.09494	0.10187	0.0675
0.0	0.0	0.0
0.0	0.0	0.0
0.04819	0.04392	0.04991
0.02941	0.02941	0.04167
0.12162	0.09938	0.08387
0.12381	0.13548	0.09342
0.0	0.0	0.0
0.33333	0.32257	0.37095
0.05	0.05	0.03846
0.08333	0.08333	0.0
0.0	0.0	0.0
0.10409	0.1108	0.0914
0.15909	0.15909	0.12903
0.17021	0.17432	0.10669
0.02381	0.03175	0.02326
0.4375	0.4395	0.448
0.0	0.0	0.0
0.04167	0.08333	0.07143
0.09259	0.09378	0.1311
0.0	0.0	0.0
0.03636	0.03636	0.0
0.04255	0.04255	0.0303
0.77778	1.00356	1.16667
0.12658	0.14739	0.09612
0.2375	0.22942	0.15683
0.28205	0.2779	0.21385
0.16	0.1316	0.07167
0.07407	0.04659	0.0129
0.05556	0.06682	0.07378
0.03571	0.07143	0.05263
0.04082	0.02567	0.03812
0.02521	0.03361	0.02532
0.0625	0.0625	0.04348
0.05882	0.05882	0.02703
0.28125	0.28125	0.28205
0.09524	0.14286	0.1
0.81818	0.85627	0.77414
0.09	0.08483	0.05764
0.0	0.0	0.0
0.08197	0.06239	0.0516
0.64286	0.58986	0.60211
0.26667	0.2688	0.18182
0.0	0.0	0.0
0.36	0.33032	0.20362
0.04255	0.05421	0.05338
0.0495	0.06994	0.05544
0.06299	0.06731	0.08046
0.04808	0.04094	0.03093
0.10063	0.09008	0.07608
0.025	0.0258	0.0
0.03704	0.03704	0.01136
0.11538	0.12108	0.11327
0.09375	0.09375	0.09524
0.22222	0.33333	0.3612
0.0	0.0	0.0
0.19444	0.22086	0.19682
0.0	0.0	0.0
0.05063	0.05063	0.03279
0.46154	0.51115	0.405
0.32787	0.34002	0.31692
0.08621	0.10345	0.02222
0.03571	0.03571	0.01786
0.0	0.0	0.0
0.07216	0.06984	0.03007
0.22581	0.28197	0.27338
0.29032	0.29445	0.3016
0.11842	0.11884	0.07692
0.07143	0.07295	0.0645
0.16667	0.16667	0.08333
0.06604	0.06634	0.05376
0.04412	0.03913	0.03917
0.0	0.0	0.0
0.15341	0.17558	0.16499
0.18421	0.19692	0.1681
0.05405	0.05405	0.04
0.24561	0.28804	0.1888
0.1039	0.10138	0.11384
0.11679	0.11372	0.10986
0.2	0.2	0.0
0.32258	0.34512	0.29553
0.13333	0.13333	0.1
0.28571	0.31968	0.30249
0.02532	0.02572	0.01667
0.1	0.14083	0.20119
0.0	0.0	0.0
0.04878	0.04878	0.0
0.02899	0.02899	0.03846
0.20588	0.23671	0.11111
0.07368	0.05806	0.06355
0.31579	0.27674	0.20527
0.25352	0.24738	0.2132
0.0	0.0	0.0
0.28421	0.31815	0.23969
0.09091	0.13636	0.11111
0.15217	0.15357	0.16531
0.30682	0.35886	0.29088
0.0	0.0	0.0
0.15217	0.20196	0.17438
0.08219	0.08219	0.07547
0.06897	0.10345	0.05882
0.08571	0.06543	0.03518
0.1	0.1	0.08333
0.33333	0.34644	0.25495
0.0	0.0	0.0
0.0	0.0	0.0
0.07273	0.08796	0.0521
0.06452	0.06452	0.04348
0.09278	0.09278	0.0597
0.05085	0.04264	0.04097
0.0	0.0	0.0
0.0	0.0	0.0
0.45714	0.53823	0.49118
0.42857	0.36171	0.33689
0.25862	0.25472	0.21935
0.44	0.49676	0.43641
0.22727	0.20527	0.20682
0.06667	0.08923	0.12748
0.05797	0.05142	0.07549
0.0	0.0	0.0
0.12121	0.0997	0.06591
0.13636	0.13636	0.0
0.05556	0.05304	0.04203
0.2	0.2	0.125
0.03846	0.00992	0.0
0.0274	0.0274	0.02041
0.15385	0.14515	0.09856
0.01639	0.00846	0.01323
0.02151	0.01942	0.02778
0.27273	0.27273	0.22222
0.0	0.0	0.0
0.0	0.0	0.0
0.55224	0.58352	0.54914
0.19512	0.19512	0.16
0.13793	0.15683	0.11582
0.28571	0.29569	0.28063
0.07921	0.07921	0.05714
0.16667	0.13708	0.07588
0.10959	0.12019	0.09921
0.16418	0.16851	0.13404
0.12583	0.14121	0.11381
0.08065	0.10248	0.11898
0.21818	0.2516	0.29127
0.59091	0.692	0.58286
0.0	0.0	0.0
0.11111	0.12121	0.13433
0.33333	0.55556	0.0
0.43478	0.43478	0.5
0.04938	0.04938	0.0
0.17647	0.17773	0.17234
0.03571	0.03686	0.0
0.04286	0.04286	0.02083
0.0	0.0	0.0
0.39394	0.45745	0.3129
0.12209	0.1279	0.1077
0.4898	0.48057	0.39645
1.5	1.79	2.032
0.18333	0.18655	0.13463
0.05114	0.04784	0.03763
0.17778	0.17778	0.16129
0.55882	0.49141	0.4403
0.2	0.2	0.11765
0.02174	0.02899	0.02222
0.0	0.0	0.0
0.25806	0.27987	0.18124
0.13287	0.13737	0.10988
0.0	0.0	0.0
0.0	0.0	0.0
0.4	0.42167	0.36092
0.66667	0.70749	0.69072
0.1	0.1	0.125
0.25	0.3548	0.17615
0.01639	0.01269	0.0
0.05769	0.04342	0.02406
0.0	0.0	0.0
0.11628	0.13802	0.12297
0.0	0.0	0.0
0.32143	0.38593	0.46347
0.22222	0.2473	0.21629
0.29487	0.29363	0.2549
0.1405	0.15649	0.15218
0.09677	0.12903	0.04762
0.11538	0.11538	0.10526
0.40506	0.42914	0.35885
0.08392	0.07353	0.07311
0.12088	0.11343	0.1013
0.08824	0.08824	0.10526
0.14706	0.16271	0.08511
0.02098	0.02098	0.02222
0.21429	0.21429	0.25
0.15909	0.17155	0.09375
0.0	0.0	0.0
0.19318	0.23001	0.20866
0.33333	0.35841	0.23744
0.28571	0.30917	0.28721
0.20833	0.19488	0.14075
0.08333	0.08333	0.0
0.13636	0.1383	0.09834
0.875	0.68938	0.6644
0.66667	0.70696	0.6688
0.05882	0.07494	0.04348
0.01493	0.01493	0.02326
0.13725	0.09867	0.09052
0.0	0.0	0.0
0.0	0.0	0.0
0.27642	0.28847	0.25556
0.0	0.0	0.0
0.0	0.0	0.0
0.10256	0.10256	0.09524
0.08511	0.11804	0.09375
0.09302	0.09302	0.0
0.02703	0.02703	0.04
0.13253	0.13253	0.08197
0.04082	0.04082	0.03333
0.0	0.0	0.0
0.09934	0.10531	0.09144
0.08451	0.09859	0.07843
0.09302	0.10465	0.05263
0.0	0.0	0.0
1.0	1.23375	1.31167
0.0	0.0	0.0
0.42308	0.40446	0.34295
0.21387	0.2051	0.13613
0.0	0.0	0.0
0.09677	0.09695	0.07717
0.35714	0.35714	0.375
0.14286	0.14286	0.16667
0.0	0.0	0.0
0.0396	0.0396	0.01389
0.33333	0.33333	0.5
0.09023	0.09095	0.08346
0.16092	0.16685	0.10468
0.0	0.0	0.0
0.04167	0.04167	0.03175
0.0	0.0	0.0
0.06061	0.09091	0.04348
0.02439	0.02439	0.0303
0.01695	0.01695	0.0
0.2619	0.2089	0.16726
0.10638	0.10157	0.0625
0.16667	0.17413	0.08
0.03571	0.07143	0.04545
0.20588	0.27229	0.18327
0.03333	0.03333	0.03333
0.21818	0.22169	0.17782
0.19565	0.19238	0.18478
0.0641	0.06203	0.07833
0.0597	0.07896	0.04673
0.14706	0.15465	0.09408
0.14035	0.14063	0.06535
0.29146	0.29162	0.28055
0.1129	0.1129	0.07317
0.05455	0.05513	0.05976
0.14706	0.16224	0.09223
0.0	0.0	0.0
0.12583	0.12583	0.10417
0.10417	0.08871	0.1051
0.09804	0.09804	0.0625
0.07432	0.08304	0.05715
0.25641	0.19685	0.09408
0.27273	0.25291	0.24245
0.12069	0.12959	0.09253
1.5	2.016	3.032
0.125	0.11794	0.03686
0.09231	0.10025	0.06621
0.17949	0.1861	0.11662
0.0	0.0	0.0
0.41379	0.38707	0.27495
0.23301	0.2568	0.21535
0.05405	0.05405	0.03922
0.21778	0.22967	0.20536
0.15254	0.14925	0.09515
0.10417	0.09597	0.08589
0.09434	0.09981	0.09676
0.0	0.0	0.0
0.0	0.0	0.0
0.03846	0.03846	0.02857
0.22034	0.23673	0.19906
0.38298	0.38332	0.30508
0.20548	0.23066	0.16891
0.06522	0.06522	0.03448
0.25926	0.25207	0.125
0.15789	0.11884	0.07862
0.22	0.22838	0.19452
0.07059	0.08235	0.10345
0.0	0.0	0.0
0.02381	0.02381	0.0
0.0	0.0	0.0
0.02778	0.04211	0.02222
0.13333	0.2	0.11111
0.05882	0.07843	0.0303
0.07692	0.07692	0.03571
0.2129	0.24473	0.22426
0.31897	0.34537	0.32431
0.16892	0.18046	0.12499
0.0	0.0	0.0
0.1134	0.11273	0.09274
0.03571	0.03571	0.0
0.02857	0.03571	0.02151
0.06061	0.09091	0.05
0.23077	0.23077	0.125
0.0625	0.0625	0.04762
0.4	0.44	0.33012
0.07042	0.07042	0.09434
0.46667	0.50213	0.39067
0.08333	0.0905	0.04838
0.25806	0.25806	0.2381
0.23684	0.23684	0.25
0.07921	0.08176	0.06653
0.0	0.0	0.0
0.03226	0.03226	0.04348
0.13934	0.15547	0.11726
0.08	0.08021	0.06168
0.0367	0.03226	0.03494
0.1875	0.1875	0.09091
0.0	0.0	0.0
0.04615	0.05111	0.0791
0.0	0.0	0.0
0.28571	0.28571	0.25
0.45455	0.45455	0.45946
0.02899	0.02899	0.02083
0.08824	0.08886	0.09247
0.08333	0.08333	0.0
0.02703	0.02703	0.0
0.23529	0.19165	0.16129
0.12593	0.12616	0.13032
0.07317	0.07317	0.06452
0.20833	0.26746	0.2946
0.08	0.08	0.0
0.07143	0.05414	0.07979
0.23333	0.23333	0.2
0.13095	0.13095	0.06897
0.05941	0.05941	0.02899
0.42424	0.42424	0.38889
0.0	0.0	0.0
0.52941	0.50094	0.4
0.19048	0.192	0.14514
0.03333	0.03333	0.0
0.07018	0.07018	0.05333
0.11009	0.12222	0.09094
0.08511	0.08511	0.07407
0.00746	0.01493	0.01111
0.22222	0.21147	0.2172
0.03846	0.03846	0.05263
0.75758	0.75758	0.70833
0.15854	0.15263	0.13186
0.1	0.1	0.02381
0.09211	0.08574	0.08855
0.07143	0.07143	0.09091
0.08333	0.12051	0.12616
0.0	0.0	0.0
0.08333	0.1172	0.07692
0.2069	0.24081	0.26749
0.31915	0.31638	0.24307
0.09615	0.11538	0.11429
0.2449	0.26464	0.22644
0.03529	0.04706	0.01818
0.09489	0.09536	0.07488
0.24752	0.2539	0.16451
0.0	0.0	0.0
0.28571	0.2926	0.24285
0.0	0.0	0.0
0.15116	0.13991	0.17694
0.16071	0.17914	0.10526
0.21053	0.25295	0.10624
0.22785	0.28009	0.24647
0.17949	0.20595	0.08
0.75	1.0	0.5
0.9	0.9322	0.88167
0.16667	0.086	0.086
0.14737	0.14397	0.09966
0.09524	0.14286	0.07143
0.26446	0.29858	0.24691
0.27891	0.28242	0.24211
0.07273	0.06979	0.05107
0.11111	0.11111	0.14286
0.61538	0.78408	0.77412
0.0	0.0	0.0
0.08	0.08	0.0625
0.2963	0.2963	0.33333
0.09524	0.0599	0.0
0.2	0.19863	0.14858
0.02326	0.02326	0.0
0.07407	0.07407	0.05882
0.05556	0.05556	0.0
0.15686	0.148	0.12633
0.2439	0.24783	0.14351
0.15	0.17788	0.14898
0.16822	0.17787	0.08955
0.01351	0.01351	0.0
0.21053	0.19947	0.17109
0.36364	0.434	0.34675
0.23684	0.23725	0.16392
0.125	0.13575	0.08986
0.17647	0.17647	0.08511
0.13725	0.13725	0.11429
0.31707	0.38707	0.38576
0.0	0.0	0.0
0.17582	0.18681	0.17797
0.15686	0.18469	0.14255
0.5	0.45736	0.39895
0.42857	0.42857	0.5
0.03846	0.03846	0.0
0.05376	0.07527	0.04762
0.375	0.39312	0.329
0.15217	0.16339	0.10064
0.07692	0.07692	0.07143
0.36364	0.434	0.5
0.02273	0.02273	0.03448
0.03846	0.0244	0.01923
0.05556	0.05556	0.03509
0.2	0.2	0.10526
1.0	1.2354	1.46233
0.25	0.375	0.14286
0.06897	0.06897	0.10526
0.0	0.0	0.0
0.2619	0.2619	0.26471
0.12821	0.12241	0.1258
0.02778	0.02778	0.0
0.08772	0.09253	0.09094
0.05769	0.05769	0.05263
0.0	0.0	0.0
0.17808	0.15067	0.10939
0.05747	0.0608	0.05576
0.22951	0.22951	0.20588
0.14286	0.1269	0.1043
0.09286	0.10621	0.08554
0.19298	0.19354	0.14286
0.23188	0.2417	0.20687
0.31034	0.32478	0.27076
0.0	0.0	0.0
0.05128	0.06451	0.07547
0.16071	0.16071	0.11429
0.10256	0.14226	0.11078
0.15686	0.15686	0.12903
0.06452	0.06452	0.04762
0.0	0.0	0.0
0.24194	0.25806	0.19512
0.02703	0.02703	0.03846
0.13333	0.15556	0.15625
0.03488	0.03732	0.01234
0.0	0.0	0.0
0.09434	0.09434	0.08333
0.05556	0.05556	0.0
0.04651	0.06977	0.0303
0.0	0.0	0.0
0.15385	0.15385	0.11111
0.07895	0.09211	0.07692
0.0	0.0	0.0
0.75	0.83333	1.11283
0.07576	0.11827	0.10226
0.0	0.0	0.0
0.23077	0.23118	0.24064
0.25	0.24144	0.24905
0.12281	0.12309	0.10025
0.1875	0.18699	0.16589
0.16667	0.1645	0.19353
0.34545	0.34193	0.25069
0.0	0.0	0.0
0.0	0.0	0.0
0.38636	0.45011	0.32671
0.06579	0.11842	0.1087
0.09677	0.12903	0.09091
0.13115	0.14384	0.12563
0.01961	0.01961	0.0303
0.07576	0.07576	0.04444
0.09434	0.09555	0.0635
0.08861	0.07513	0.09402
0.23611	0.26679	0.18496
0.08738	0.08769	0.0754
0.27273	0.29421	0.29288
0.1831	0.184	0.18868
0.0365	0.0365	0.03297
0.0	0.0	0.0
0.22892	0.22892	0.21154
0.0	0.0	0.0
0.11667	0.11164	0.09992
0.76471	0.76471	0.66667
0.6	0.7774	0.7548
0.03571	0.03571	0.04348
0.08696	0.08742	0.096
0.0	0.0	0.0
0.05556	0.09317	0.129
0.2093	0.2093	0.2069
0.6875	0.6895	0.67022
0.28283	0.31182	0.23024
0.02778	0.02778	0.0
0.1619	0.20521	0.12999
0.1	0.09255	0.08145
0.06667	0.06667	0.0
0.04651	0.04651	0.03846
0.07692	0.10577	0.09589
0.2549	0.24604	0.27574
0.28846	0.30831	0.21875
0.06548	0.05165	0.03671
0.06316	0.08421	0.04615
0.23404	0.24638	0.11436
0.05882	0.07843	0.06452
0.24324	0.24585	0.24333
0.0303	0.0303	0.02222
0.14286	0.15277	0.1172
0.2265	0.22539	0.19146
0.0479	0.05292	0.03948
0.10345	0.10455	0.05263
0.0	0.0	0.0
0.0	0.0	0.0
0.02941	0.02941	0.02174
0.08	0.06064	0.03686
0.14141	0.13749	0.13802
0.06316	0.06316	0.04918
0.0	0.0	0.0
0.21667	0.2344	0.19622
0.875	0.9435	0.79257
0.02941	0.02941	0.02128
0.06977	0.06977	0.0796
0.12903	0.16129	0.15
0.12676	0.15583	0.10706
0.0625	0.08185	0.06823
0.16981	0.16981	0.17143
0.08824	0.09629	0.05421
0.05	0.075	0.05769
0.44444	0.54833	0.387
0.3	0.34513	0.25343
0.16364	0.17418	0.1395
0.07853	0.0809	0.06683
0.0	0.0	0.0
0.4557	0.4561	0.44167
0.2	0.2	0.1
0.0	0.0	0.0
0.04444	0.04444	0.03448
0.05882	0.06735	0.10409
0.08696	0.1087	0.09091
0.0	0.0	0.0
0.13131	0.13749	0.13432
0.14371	0.17731	0.12499
0.10526	0.10526	0.18182
0.11268	0.12039	0.09887
0.33333	0.35714	0.30704
0.1	0.1	0.10714
0.42857	0.42857	0.46667
0.0	0.0	0.0
0.15957	0.17638	0.14809
0.13636	0.10409	0.08387
0.05263	0.05263	0.03529
0.52	0.56	0.6
0.1	0.10064	0.09781
0.06897	0.06897	0.1
0.125	0.125	0.08333
0.29032	0.26639	0.28445
0.05263	0.07895	0.05263
0.0289	0.0289	0.02586
0.15789	0.15789	0.07692
0.02878	0.03063	0.03359
0.125	0.14448	0.10103
0.0	0.0	0.0
0.15596	0.15182	0.11313
0.26667	0.3376	0.33333
0.02381	0.02112	0.01312
2.0	2.0	2.0
0.06154	0.06154	0.05128
0.66667	0.66667	1.0
0.1	0.1	0.09524
0.8	0.5806	0.66667
0.125	0.16667	0.13333
0.375	0.41025	0.32109
0.17647	0.13282	0.10483
0.39623	0.49175	0.47678
0.0	0.0	0.0
0.07692	0.07692	0.09677
0.375	0.375	0.375
0.04762	0.04762	0.02439
0.48837	0.48386	0.49058
0.14545	0.15131	0.094
0.03226	0.03226	0.0
0.0	0.0	0.0
0.11842	0.11842	0.08333
0.69767	0.78093	0.75053
0.5	0.48162	0.40227
0.0	0.0	0.0
0.35294	0.34629	0.26881
