0.07273	0.04722	0.03333
0.44231	0.36665	0.35661
0.0678	0.02681	0.02941
0.32432	0.21168	0.2037
0.11765	0.05766	0.06029
0.12308	0.07495	0.05668
0.21687	0.15393	0.11924
0.0678	0.03992	0.02494
0.03226	0.01926	0.0
0.05556	0.03083	0.03092
0.0	0.0	0.0
0.18644	0.11375	0.11048
0.125	0.08738	0.10485
0.23077	0.13962	0.121
0.08421	0.04823	0.04063
0.13861	0.08434	0.09737
0.09091	0.05075	0.03333
0.08791	0.04857	0.05155
0.04854	0.0271	0.04195
0.07843	0.01141	0.00693
0.0	0.0	0.0
0.08434	0.05928	0.0746
0.21277	0.20006	0.13808
0.01538	0.00372	0.0
0.24324	0.16173	0.16956
0.02614	0.01065	0.0
0.09091	0.06598	0.07633
0.22	0.14068	0.15073
0.37778	0.2538	0.20567
0.12195	0.05411	0.04376
0.5	0.31002	0.39785
0.11842	0.06495	0.06885
0.03448	0.02141	0.0
0.27835	0.18508	0.20939
0.05983	0.04039	0.01587
0.50943	0.29496	0.26955
0.20339	0.15939	0.16181
0.16667	0.08514	0.05983
0.16296	0.11051	0.08807
0.13208	0.07517	0.09106
0.01695	0.00329	0.0
0.12	0.05937	0.06838
0.24286	0.20693	0.19705
0.30909	0.20329	0.15583
0.34646	0.28461	0.30941
0.24138	0.17464	0.20009
0.44444	0.31473	0.26279
0.18	0.10744	0.09554
0.1519	0.10047	0.08452
0.44737	0.29357	0.25217
0.375	0.344	0.39454
0.08108	0.04709	0.05328
0.15054	0.06974	0.10598
0.43636	0.34667	0.33767
0.13208	0.07517	0.09106
0.37615	0.30662	0.29646
0.19608	0.08637	0.09911
0.31683	0.21897	0.19584
0.60377	0.41575	0.39281
0.13559	0.11429	0.08369
0.1519	0.09189	0.12544
0.26761	0.24421	0.29505
0.0	0.0	0.0
0.05455	0.03989	0.03333
0.08824	0.06263	0.07684
0.2	0.1254	0.11945
0.30508	0.21544	0.24819
0.4	0.28805	0.22677
0.15663	0.14575	0.14785
0.14865	0.14865	0.13953
0.07216	0.03958	0.03112
0.37778	0.2538	0.20567
0.09639	0.09639	0.08696
0.0	0.0	0.0
0.08497	0.08497	0.07955
0.07595	0.06635	0.04348
0.0	0.0	0.0
0.59375	0.40983	0.42849
0.02632	0.00383	0.00677
0.04274	0.03667	0.01587
0.0	0.0	0.0
0.275	0.2081	0.23442
0.16	0.16	0.15385
0.0	0.0	0.0
0.01852	0.01852	0.03448
0.0	0.0	0.0
0.13333	0.11183	0.11905
0.21429	0.20484	0.18919
0.26829	0.24863	0.24444
0.21818	0.13993	0.11894
0.22293	0.19972	0.19652
0.08475	0.03746	0.01966
0.14444	0.09249	0.0999
0.08434	0.07812	0.07154
0.0339	0.02105	0.02941
0.07595	0.06635	0.04348
0.02632	0.00383	0.00677
0.07895	0.07025	0.05664
0.18812	0.1174	0.11802
0.4537	0.42235	0.42095
0.13187	0.05709	0.06484
0.05825	0.03399	0.02875
0.09639	0.05792	0.05981
0.12766	0.11496	0.05808
0.15033	0.13441	0.12427
0.18803	0.13097	0.09705
0.05556	0.04152	0.03448
0.03947	0.02208	0.00451
0.19048	0.10679	0.09657
0.17105	0.12438	0.15556
0.27143	0.2355	0.22408
0.28889	0.26524	0.26008
0.28889	0.23532	0.2559
0.28814	0.27147	0.28891
0.10638	0.10055	0.06904
0.27692	0.21489	0.24849
0.16456	0.15741	0.16522
0.15789	0.13943	0.13691
0.32394	0.32394	0.30134
0.08911	0.05254	0.03849
0.20755	0.16921	0.18471
0.0	0.0	0.0
0.29114	0.25439	0.25807
0.225	0.18246	0.17849
0.14013	0.08446	0.08325
0.15385	0.09951	0.09446
0.51546	0.47756	0.47002
0.05769	0.04096	0.05163
0.25743	0.24385	0.23214
0.15254	0.13834	0.11585
0.40157	0.36284	0.39051
0.08621	0.06009	0.04034
0.04054	0.00655	0.00677
0.0202	0.0202	0.01887
0.22018	0.1946	0.19859
0.05769	0.04096	0.05163
0.07692	0.03748	0.03227
0.05556	0.04152	0.03448
0.15596	0.08288	0.05767
0.39024	0.23471	0.21864
0.38028	0.25059	0.24315
0.14737	0.10443	0.09619
0.22222	0.14967	0.17435
0.16667	0.10507	0.08955
0.46341	0.26954	0.26991
0.24603	0.21442	0.20277
0.13043	0.06035	0.08529
0.14815	0.10679	0.11159
0.11765	0.10579	0.11037
0.34646	0.25133	0.25897
0.04054	0.00655	0.00677
0.0202	0.0202	0.01887
0.0	0.0	0.0
0.34921	0.20574	0.17329
0.19802	0.11259	0.11177
0.03659	0.02223	0.01291
0.0303	0.01272	0.01553
0.275	0.20546	0.22691
0.19108	0.12834	0.11384
0.15789	0.15789	0.14815
0.20833	0.19714	0.175
0.09259	0.07765	0.08487
0.36538	0.33065	0.32489
0.03297	0.02623	0.01961
0.16505	0.15127	0.16364
0.01613	0.01613	0.0
0.10526	0.06176	0.06885
0.30909	0.29618	0.26667
0.11852	0.10801	0.08532
0.23704	0.15593	0.16575
0.16949	0.15419	0.16129
0.05556	0.03083	0.03092
0.0	0.0	0.0
0.18644	0.11375	0.11048
0.23077	0.13962	0.121
0.27835	0.18508	0.20939
0.07843	0.01141	0.00693
0.225	0.18246	0.17849
0.50943	0.29496	0.26955
0.0678	0.03992	0.02494
0.24286	0.20693	0.19705
0.20339	0.15939	0.16181
0.24138	0.17464	0.20009
0.51546	0.47756	0.47002
0.44444	0.31473	0.26279
0.03659	0.02223	0.01291
0.375	0.344	0.39454
0.18	0.10744	0.09554
0.18803	0.13097	0.09705
0.08108	0.04709	0.05328
0.15054	0.06974	0.10598
0.12308	0.07495	0.05668
0.1519	0.09189	0.12544
0.275	0.20546	0.22691
0.43636	0.34667	0.33767
0.17105	0.12438	0.15556
0.19608	0.08637	0.09911
0.46341	0.26954	0.26991
0.26761	0.24421	0.29505
0.31683	0.21897	0.19584
0.23704	0.15593	0.16575
0.13208	0.07517	0.09106
0.4	0.28805	0.22677
0.0	0.0	0.0
0.15789	0.15789	0.14815
0.28889	0.23532	0.2559
0.20833	0.19714	0.175
0.25743	0.24385	0.23214
0.15254	0.13834	0.11585
0.09259	0.07765	0.08487
0.08824	0.06263	0.07684
0.09639	0.09639	0.08696
0.16505	0.15127	0.16364
0.14865	0.14865	0.13953
0.0	0.0	0.0
0.0	0.0	0.0
0.40157	0.36284	0.39051
0.08497	0.08497	0.07955
0.07595	0.06635	0.04348
0.10526	0.06176	0.06885
0.37778	0.2538	0.20567
0.0	0.0	0.0
0.59375	0.40983	0.42849
0.16	0.16	0.15385
0.27692	0.21489	0.24849
0.16456	0.15741	0.16522
0.275	0.2081	0.23442
0.01852	0.01852	0.03448
0.24603	0.21442	0.20277
0.30909	0.29618	0.26667
0.15789	0.13943	0.13691
0.0	0.0	0.0
0.32394	0.32394	0.30134
0.20755	0.16921	0.18471
0.0	0.0	0.0
0.08475	0.03746	0.01966
0.13333	0.11183	0.11905
0.21429	0.20484	0.18919
0.16949	0.15419	0.16129
0.21818	0.13993	0.11894
0.01538	0.00372	0.0
0.34646	0.25133	0.25897
0.07595	0.06635	0.04348
0.02632	0.00383	0.00677
0.16296	0.11051	0.08807
0.22222	0.14967	0.17435
0.44231	0.36665	0.35661
0.21687	0.15393	0.11924
0.03947	0.02208	0.00451
0.37615	0.30662	0.29646
0.60377	0.41575	0.39281
0.30508	0.21544	0.24819
0.28889	0.26524	0.26008
0.05455	0.03989	0.03333
0.36538	0.33065	0.32489
0.28814	0.27147	0.28891
0.10638	0.10055	0.06904
0.07216	0.03958	0.03112
0.04054	0.00655	0.00677
0.0202	0.0202	0.01887
0.0	0.0	0.0
0.22293	0.19972	0.19652
0.08421	0.04823	0.04063
0.14444	0.09249	0.0999
0.125	0.08738	0.10485
0.13861	0.08434	0.09737
0.09091	0.05075	0.03333
0.14815	0.10679	0.11159
0.11765	0.10579	0.11037
0.08434	0.07812	0.07154
0.08791	0.04857	0.05155
0.0339	0.02105	0.02941
0.04854	0.0271	0.04195
0.08434	0.05928	0.0746
0.24324	0.16173	0.16956
0.21277	0.20006	0.13808
0.0	0.0	0.0
0.02614	0.01065	0.0
0.11842	0.06495	0.06885
0.03448	0.02141	0.0
0.37778	0.2538	0.20567
0.12195	0.05411	0.04376
0.5	0.31002	0.39785
0.22	0.14068	0.15073
0.05983	0.04039	0.01587
0.05769	0.04096	0.05163
0.04054	0.00655	0.00677
0.0202	0.0202	0.01887
0.0	0.0	0.0
0.07692	0.03748	0.03227
0.29114	0.25439	0.25807
0.05556	0.04152	0.03448
0.34921	0.20574	0.17329
0.09091	0.06598	0.07633
0.15596	0.08288	0.05767
0.07895	0.07025	0.05664
0.39024	0.23471	0.21864
0.38028	0.25059	0.24315
0.18812	0.1174	0.11802
0.14013	0.08446	0.08325
0.13208	0.07517	0.09106
0.01695	0.00329	0.0
0.12	0.05937	0.06838
0.30909	0.20329	0.15583
0.16667	0.08514	0.05983
0.13043	0.06035	0.08529
0.14737	0.10443	0.09619
0.16667	0.10507	0.08955
0.19802	0.11259	0.11177
0.07273	0.04722	0.03333
0.4537	0.42235	0.42095
0.11765	0.05766	0.06029
0.13187	0.05709	0.06484
0.0678	0.02681	0.02941
0.05825	0.03399	0.02875
0.09639	0.05792	0.05981
0.32432	0.21168	0.2037
0.12766	0.11496	0.05808
0.03226	0.01926	0.0
0.15385	0.09951	0.09446
0.34646	0.28461	0.30941
0.15033	0.13441	0.12427
0.1519	0.10047	0.08452
0.44737	0.29357	0.25217
0.05769	0.04096	0.05163
0.0303	0.01272	0.01553
0.05556	0.04152	0.03448
0.19048	0.10679	0.09657
0.19108	0.12834	0.11384
0.13559	0.11429	0.08369
0.2	0.1254	0.11945
0.27143	0.2355	0.22408
0.03297	0.02623	0.01961
0.15663	0.14575	0.14785
0.01613	0.01613	0.0
0.08621	0.06009	0.04034
0.04274	0.03667	0.01587
0.02632	0.00383	0.00677
0.22018	0.1946	0.19859
0.26829	0.24863	0.24444
0.08911	0.05254	0.03849
0.11852	0.10801	0.08532
0.125	0.08738	0.10485
0.0	0.0	0.0
0.14444	0.09249	0.0999
0.18644	0.11375	0.11048
0.225	0.18246	0.17849
0.08791	0.04857	0.05155
0.04854	0.0271	0.04195
0.11765	0.10579	0.11037
0.23077	0.13962	0.121
0.08434	0.07812	0.07154
0.08434	0.05928	0.0746
0.24324	0.16173	0.16956
0.34646	0.25133	0.25897
0.04054	0.00655	0.00677
0.0202	0.0202	0.01887
0.12195	0.05411	0.04376
0.22	0.14068	0.15073
0.03448	0.02141	0.0
0.37778	0.2538	0.20567
0.05769	0.04096	0.05163
0.01695	0.00329	0.0
0.24286	0.20693	0.19705
0.07895	0.07025	0.05664
0.34921	0.20574	0.17329
0.05556	0.04152	0.03448
0.02632	0.00383	0.00677
0.38028	0.25059	0.24315
0.14013	0.08446	0.08325
0.16296	0.11051	0.08807
0.13043	0.06035	0.08529
0.20339	0.15939	0.16181
0.30909	0.20329	0.15583
0.16667	0.08514	0.05983
0.14737	0.10443	0.09619
0.16667	0.10507	0.08955
0.19802	0.11259	0.11177
0.4537	0.42235	0.42095
0.21687	0.15393	0.11924
0.12766	0.11496	0.05808
0.32432	0.21168	0.2037
0.0678	0.02681	0.02941
0.09639	0.05792	0.05981
0.03226	0.01926	0.0
0.51546	0.47756	0.47002
0.05825	0.03399	0.02875
0.34646	0.28461	0.30941
0.44737	0.29357	0.25217
0.24138	0.17464	0.20009
0.18803	0.13097	0.09705
0.05769	0.04096	0.05163
0.12308	0.07495	0.05668
0.19608	0.08637	0.09911
0.375	0.344	0.39454
0.18	0.10744	0.09554
0.275	0.20546	0.22691
0.43636	0.34667	0.33767
0.37615	0.30662	0.29646
0.13208	0.07517	0.09106
0.13559	0.11429	0.08369
0.2	0.1254	0.11945
0.4	0.28805	0.22677
0.27143	0.2355	0.22408
0.28889	0.26524	0.26008
0.0	0.0	0.0
0.46341	0.26954	0.26991
0.31683	0.21897	0.19584
0.60377	0.41575	0.39281
0.28889	0.23532	0.2559
0.15254	0.13834	0.11585
0.36538	0.33065	0.32489
0.10638	0.10055	0.06904
0.25743	0.24385	0.23214
0.05455	0.03989	0.03333
0.03297	0.02623	0.01961
0.28814	0.27147	0.28891
0.08824	0.06263	0.07684
0.09639	0.09639	0.08696
0.37778	0.2538	0.20567
0.16	0.16	0.15385
0.0	0.0	0.0
0.0	0.0	0.0
0.08621	0.06009	0.04034
0.07216	0.03958	0.03112
0.04054	0.00655	0.00677
0.0202	0.0202	0.01887
0.07595	0.06635	0.04348
0.10526	0.06176	0.06885
0.59375	0.40983	0.42849
0.02632	0.00383	0.00677
0.01852	0.01852	0.03448
0.22018	0.1946	0.19859
0.27692	0.21489	0.24849
0.0	0.0	0.0
0.26829	0.24863	0.24444
0.20755	0.16921	0.18471
0.0	0.0	0.0
0.08475	0.03746	0.01966
0.13333	0.11183	0.11905
0.08421	0.04823	0.04063
0.13861	0.08434	0.09737
0.14815	0.10679	0.11159
0.27835	0.18508	0.20939
0.05983	0.04039	0.01587
0.39024	0.23471	0.21864
0.44231	0.36665	0.35661
0.0303	0.01272	0.01553
0.26761	0.24421	0.29505
0.19108	0.12834	0.11384
0.15789	0.15789	0.14815
0.40157	0.36284	0.39051
0.16456	0.15741	0.16522
0.0339	0.02105	0.02941
0.0	0.0	0.0
0.02614	0.01065	0.0
0.07843	0.01141	0.00693
0.18812	0.1174	0.11802
0.07273	0.04722	0.03333
0.13187	0.05709	0.06484
0.44444	0.31473	0.26279
0.1519	0.09189	0.12544
0.03947	0.02208	0.00451
0.17105	0.12438	0.15556
0.09259	0.07765	0.08487
0.16505	0.15127	0.16364
0.14865	0.14865	0.13953
0.01613	0.01613	0.0
0.04274	0.03667	0.01587
0.0	0.0	0.0
0.275	0.2081	0.23442
0.24603	0.21442	0.20277
0.30909	0.29618	0.26667
0.15789	0.13943	0.13691
0.32394	0.32394	0.30134
0.08911	0.05254	0.03849
0.22293	0.19972	0.19652
0.11852	0.10801	0.08532
0.16949	0.15419	0.16129
0.05556	0.03083	0.03092
0.21277	0.20006	0.13808
0.01538	0.00372	0.0
0.07595	0.06635	0.04348
0.11842	0.06495	0.06885
0.07692	0.03748	0.03227
0.29114	0.25439	0.25807
0.09091	0.06598	0.07633
0.15596	0.08288	0.05767
0.50943	0.29496	0.26955
0.13208	0.07517	0.09106
0.12	0.05937	0.06838
0.22222	0.14967	0.17435
0.11765	0.05766	0.06029
0.15385	0.09951	0.09446
0.15033	0.13441	0.12427
0.15054	0.06974	0.10598
0.30508	0.21544	0.24819
0.20833	0.19714	0.175
0.21818	0.13993	0.11894
0.09091	0.05075	0.03333
0.5	0.31002	0.39785
0.0	0.0	0.0
0.0678	0.03992	0.02494
0.1519	0.10047	0.08452
0.03659	0.02223	0.01291
0.08108	0.04709	0.05328
0.05556	0.04152	0.03448
0.19048	0.10679	0.09657
0.23704	0.15593	0.16575
0.15663	0.14575	0.14785
0.08497	0.08497	0.07955
0.0	0.0	0.0
0.21429	0.20484	0.18919
0.0	0.0	0.0
0.32759	0.20191	0.2272
0.34483	0.24917	0.23189
0.2	0.2	0.21429
0.22449	0.16888	0.10878
0.43636	0.27556	0.26627
0.0	0.0	0.0
0.36538	0.277	0.33354
0.5098	0.37767	0.37938
0.27451	0.16386	0.17685
0.37097	0.18706	0.18224
0.01887	0.00366	0.0
0.21429	0.20075	0.19355
0.26667	0.12693	0.16132
0.11594	0.08183	0.06121
0.0	0.0	0.0
0.24138	0.18495	0.22178
0.07812	0.05772	0.03043
0.08955	0.03733	0.04011
0.10769	0.08252	0.07179
0.0	0.0	0.0
0.13158	0.12578	0.12666
0.25316	0.21376	0.19915
0.11538	0.08252	0.11348
0.08571	0.02973	0.02551
0.28125	0.28125	0.26471
0.51163	0.4539	0.45646
0.05882	0.04301	0.03616
0.17241	0.15809	0.14673
0.01562	0.00303	0.0
0.23171	0.1562	0.15306
0.16129	0.10056	0.1276
0.32653	0.25118	0.22941
0.78788	0.70259	0.67531
0.0	0.0	0.0
0.24658	0.13151	0.08719
0.0	0.0	0.0
0.10345	0.10345	0.08571
0.46465	0.38579	0.41705
0.31959	0.29266	0.27625
0.10638	0.06213	0.05708
0.06122	0.05365	0.05818
0.33333	0.34381	0.35484
0.00685	0.00199	0.00367
0.23529	0.23529	0.3
0.52747	0.42079	0.38475
0.125	0.07092	0.07407
0.51546	0.39445	0.37007
0.23729	0.12031	0.14079
0.5	0.35274	0.31032
0.22807	0.11974	0.10084
0.2625	0.24235	0.25581
0.1383	0.05372	0.05326
0.18	0.1223	0.12489
0.32653	0.32653	0.30769
0.28947	0.21776	0.20662
0.09091	0.07386	0.08128
0.05319	0.04221	0.03696
0.25532	0.1517	0.17992
0.25373	0.1961	0.19355
0.19388	0.17117	0.16482
0.2029	0.2029	0.21053
0.11392	0.07452	0.06872
0.08333	0.04724	0.04207
0.49153	0.31363	0.37911
0.15556	0.04913	0.0594
0.28125	0.14345	0.14824
0.375	0.26416	0.30231
0.21176	0.14044	0.1126
0.26389	0.23119	0.24429
0.54902	0.45478	0.4995
0.21591	0.11366	0.13486
0.23364	0.18045	0.17607
0.29545	0.20675	0.22652
0.2625	0.20542	0.23442
0.39024	0.24359	0.21429
0.16279	0.12642	0.125
0.20896	0.18488	0.16667
0.14286	0.11107	0.12643
0.12281	0.05461	0.08168
0.15873	0.11676	0.08154
0.07843	0.05186	0.07029
0.02727	0.02126	0.01724
0.11538	0.08252	0.11348
0.33333	0.19292	0.21862
0.15686	0.11955	0.13593
0.13483	0.08881	0.10904
0.4321	0.27604	0.29209
0.17647	0.11079	0.09398
0.36559	0.26624	0.22252
0.08955	0.033	0.02039
0.2	0.14075	0.13636
0.04167	0.04167	0.03571
0.0	0.0	0.0
0.25	0.15455	0.13307
0.21348	0.18956	0.19565
0.02128	0.00413	0.00359
0.1	0.05001	0.06453
0.30508	0.30508	0.3125
0.0	0.0	0.0
0.11111	0.03826	0.01039
0.15702	0.10066	0.09091
0.07812	0.05292	0.05263
0.09589	0.07447	0.07692
0.10667	0.06023	0.07702
0.19231	0.16315	0.18342
0.09677	0.06713	0.0561
0.19118	0.09941	0.10672
0.4386	0.43125	0.47215
0.14062	0.10609	0.13235
0.43089	0.38671	0.37996
0.16854	0.10693	0.11884
0.04255	0.00413	0.00359
0.06122	0.02931	0.00359
0.10526	0.0583	0.04787
0.44898	0.28082	0.34533
0.04651	0.04651	0.04
0.37097	0.12184	0.11382
0.10101	0.10101	0.10714
0.34884	0.20971	0.23153
0.34694	0.32851	0.29989
0.35088	0.23968	0.26223
0.17582	0.1503	0.11504
0.11111	0.06374	0.08389
0.16667	0.14309	0.14881
0.23188	0.12929	0.10739
0.39286	0.23562	0.26059
0.09677	0.08377	0.09679
0.11702	0.07466	0.07946
0.0	0.0	0.0
0.11811	0.11176	0.11429
0.125	0.1002	0.10991
0.58333	0.52322	0.52621
0.49206	0.44932	0.44931
0.14894	0.07553	0.06827
0.25	0.14396	0.09319
0.17188	0.13294	0.11704
0.26923	0.19358	0.18006
0.03509	0.03509	0.03333
0.14141	0.11226	0.10324
0.09615	0.03042	0.04264
0.33333	0.31654	0.32
0.37705	0.261	0.25809
0.24107	0.16562	0.17487
0.14925	0.04964	0.06411
0.44643	0.33296	0.33248
0.07895	0.07025	0.05128
0.44186	0.21684	0.19225
0.06557	0.06557	0.05714
0.1129	0.06816	0.04691
0.16	0.10132	0.08896
0.2807	0.12028	0.12612
0.07273	0.03665	0.05568
0.1	0.05178	0.05044
0.1194	0.10737	0.11429
0.10377	0.03807	0.02395
0.2716	0.17746	0.21504
0.34921	0.24914	0.27326
0.33333	0.2553	0.23815
0.2931	0.21302	0.22074
0.0	0.0	0.0
0.09677	0.0359	0.04572
0.33	0.16619	0.18136
0.15068	0.14163	0.16667
0.1194	0.06646	0.01883
0.14545	0.08331	0.07159
0.05263	0.02207	0.02965
0.21622	0.12799	0.13063
0.08889	0.03622	0.04082
0.05405	0.04316	0.025
0.50667	0.47441	0.4461
0.22951	0.1341	0.13856
0.03704	0.02827	0.02174
0.4	0.4	0.42105
0.14815	0.0472	0.02419
0.0241	0.01613	0.02273
0.17143	0.1113	0.12947
0.52113	0.30128	0.32522
0.0625	0.01312	0.00693
0.31633	0.31633	0.29825
0.19753	0.11909	0.10676
0.0	0.0	0.0
0.01613	0.01613	0.02778
0.22449	0.16526	0.17177
0.04	0.01915	0.02843
0.38356	0.32523	0.34461
0.42857	0.28871	0.28984
0.22581	0.22581	0.22222
0.27473	0.25187	0.2472
0.18519	0.14339	0.16026
0.04286	0.00693	0.00746
0.35802	0.23641	0.21256
0.03226	0.01015	0.0
0.46939	0.29265	0.288
0.32609	0.23777	0.22787
0.07143	0.05962	0.03333
0.10606	0.07564	0.0664
0.10294	0.08066	0.05874
0.18644	0.06866	0.04841
0.07895	0.05582	0.06298
0.0	0.0	0.0
0.22093	0.15924	0.19045
0.26263	0.22501	0.20856
0.02941	0.00285	0.0
0.17241	0.10459	0.10616
0.11364	0.06526	0.05377
0.25397	0.13802	0.1823
0.14035	0.05237	0.05723
0.02878	0.01173	0.00259
0.22973	0.13364	0.15081
0.2439	0.13654	0.15929
0.19672	0.1843	0.17647
0.07143	0.03764	0.02104
0.15152	0.02791	0.01078
0.2093	0.1553	0.17475
0.23404	0.16266	0.15233
0.0	0.0	0.0
1.04762	0.89176	0.93555
0.08929	0.08612	0.08822
0.0	0.0	0.0
0.10909	0.06336	0.08182
0.41892	0.27815	0.28951
0.08738	0.04557	0.02976
0.31579	0.13503	0.13326
0.32653	0.25118	0.22941
0.07143	0.04251	0.04436
0.0339	0.0339	0.02941
0.03125	0.03125	0.02857
0.15278	0.07483	0.06975
0.31325	0.22311	0.24268
0.11628	0.04842	0.05446
0.04819	0.02993	0.02174
0.09231	0.06799	0.05242
0.17742	0.09369	0.05603
0.19298	0.16072	0.1559
0.10417	0.08738	0.06897
0.15686	0.07878	0.08182
0.13415	0.09187	0.0934
0.17978	0.1336	0.12568
0.18644	0.08451	0.08447
0.0	0.0	0.0
0.44828	0.38822	0.41535
0.25301	0.15083	0.17458
0.26087	0.19638	0.21818
0.0	0.0	0.0
0.06897	0.06897	0.03125
0.2807	0.20235	0.1946
0.0	0.0	0.0
0.36066	0.2269	0.233
0.0	0.0	0.0
0.18841	0.14799	0.14038
0.24107	0.16477	0.15766
0.35897	0.26056	0.34222
0.28125	0.20514	0.20795
0.05932	0.05413	0.04412
0.29545	0.29545	0.30435
0.10976	0.09363	0.1018
0.19231	0.13671	0.1553
0.07576	0.05865	0.08647
0.06944	0.02129	0.00746
0.04167	0.04167	0.03571
0.0	0.0	0.0
0.1129	0.04892	0.03428
0.32609	0.2297	0.22407
0.38667	0.37592	0.39024
0.0137	0.00266	0.0
0.22308	0.22308	0.21127
0.09677	0.02865	0.03411
0.02632	0.01571	0.02381
0.13636	0.03632	0.03833
0.37113	0.34421	0.34722
0.03922	0.00855	0.0
0.47	0.38212	0.39632
0.26562	0.13741	0.12122
0.26531	0.18992	0.17691
0.0	0.0	0.0
0.13187	0.13187	0.13462
0.21154	0.1275	0.11345
0.19355	0.06558	0.10128
0.40659	0.19714	0.16802
0.0	0.0	0.0
0.05263	0.04061	0.03805
0.22581	0.15403	0.19356
0.15888	0.13853	0.12963
0.06667	0.05592	0.05351
0.24194	0.1989	0.20588
0.22609	0.13061	0.13964
0.68852	0.67848	0.7027
0.17949	0.15882	0.14286
0.06329	0.03329	0.0466
0.11111	0.03947	0.05338
0.225	0.16775	0.15465
0.09639	0.05986	0.05304
0.27957	0.19184	0.15861
0.11268	0.08338	0.07122
0.61905	0.61905	0.61538
0.00901	0.00305	0.0
0.05682	0.02236	0.0079
0.3	0.18497	0.15713
0.26531	0.18041	0.19917
0.0	0.0	0.0
0.1134	0.09146	0.10753
0.10909	0.03667	0.04338
0.01923	0.00187	0.0
0.25333	0.16573	0.1819
0.0566	0.04321	0.03333
0.17391	0.10941	0.10724
0.01961	0.0038	0.0
0.61224	0.38649	0.39379
0.10526	0.08461	0.08763
0.35385	0.19135	0.18733
0.19149	0.14826	0.13319
0.44156	0.31109	0.27795
0.24074	0.18489	0.20527
0.06452	0.03785	0.05456
0.22727	0.21506	0.21622
0.18182	0.09277	0.11429
0.2	0.13909	0.18182
0.26154	0.15735	0.1226
0.53846	0.38621	0.31975
0.08434	0.05072	0.03672
0.07447	0.02249	0.02388
0.04688	0.01866	0.03411
0.14563	0.08082	0.03793
0.1831	0.14972	0.14634
0.09091	0.04443	0.03377
0.325	0.248	0.25056
0.14894	0.06302	0.03883
0.06818	0.06818	0.06522
0.04762	0.04762	0.04
0.06383	0.04822	0.05556
0.10606	0.08895	0.11425
0.49383	0.40364	0.4723
0.34177	0.235	0.22372
0.29167	0.25773	0.25
0.07692	0.0149	0.02338
0.16867	0.16867	0.18182
0.47619	0.31495	0.29292
0.27381	0.19645	0.18079
0.04673	0.03045	0.01773
0.07463	0.03854	0.02778
0.21176	0.08847	0.09241
0.23684	0.10489	0.1299
0.31884	0.22465	0.20238
0.2459	0.17479	0.18691
0.08333	0.05175	0.04167
0.32143	0.21604	0.20162
0.30556	0.15754	0.0909
0.26984	0.171	0.23365
0.19737	0.13647	0.13593
0.18667	0.18667	0.17073
0.3662	0.23808	0.2852
0.2561	0.20123	0.22263
0.35714	0.25771	0.24196
0.0125	0.0125	0.02222
0.43902	0.2522	0.24196
0.16071	0.09579	0.09083
0.25	0.15144	0.1491
0.05455	0.04369	0.08582
0.31068	0.19154	0.17937
0.36765	0.23104	0.27203
0.31148	0.26257	0.24536
0.44715	0.37454	0.40731
0.12	0.06357	0.0605
0.65217	0.31574	0.2672
0.11579	0.11579	0.11111
0.29268	0.2221	0.21358
0.03636	0.02171	0.03333
0.26087	0.15467	0.13552
0.36047	0.3029	0.28742
0.25	0.196	0.14103
0.47143	0.41774	0.45584
0.09302	0.03791	0.04986
0.32353	0.22085	0.22374
0.24324	0.15346	0.11367
0.11321	0.09981	0.12121
0.18	0.12647	0.13697
0.20988	0.20988	0.17391
0.0	0.0	0.0
0.23276	0.17062	0.20028
0.0625	0.01312	0.00693
0.10078	0.04678	0.02109
0.19048	0.15746	0.16129
0.14286	0.11291	0.07462
0.23256	0.21081	0.22022
0.22222	0.138	0.11912
0.65306	0.46553	0.50058
0.1791	0.09488	0.07929
0.04839	0.03382	0.03134
0.34091	0.30536	0.32
0.03061	0.00742	0.0
0.08247	0.0341	0.01995
0.05185	0.02939	0.02033
0.2	0.1269	0.10031
0.39189	0.32172	0.37367
0.2973	0.16654	0.17949
0.2437	0.16009	0.15449
0.03529	0.01424	0.011
0.07937	0.04865	0.0625
0.07547	0.04808	0.0541
0.56716	0.37939	0.36733
0.13158	0.10803	0.12241
0.13333	0.03767	0.03292
0.05263	0.0314	0.05774
0.17333	0.17333	0.17073
0.04167	0.04167	0.0
0.41176	0.29792	0.28387
0.17647	0.16951	0.19643
0.18519	0.09054	0.10569
0.225	0.1045	0.15057
0.05495	0.03846	0.04342
0.07463	0.0626	0.05714
0.18987	0.15182	0.15306
0.17949	0.12119	0.11179
0.42593	0.33276	0.38356
0.1791	0.09415	0.07033
0.18421	0.10995	0.10407
0.20833	0.13779	0.1459
0.14815	0.14157	0.13115
0.11765	0.05253	0.08182
0.05556	0.02391	0.0
0.30303	0.29302	0.30952
0.06944	0.02801	0.01308
0.03077	0.00597	0.00524
0.04348	0.01772	0.02285
0.09434	0.06088	0.01828
0.28358	0.26468	0.26724
0.0979	0.05765	0.04262
0.17021	0.10226	0.11585
0.1	0.06981	0.06977
0.02	0.00871	0.00834
0.19512	0.06334	0.05686
0.25	0.16346	0.1714
0.49333	0.39055	0.40363
0.14286	0.06224	0.08955
0.18644	0.13192	0.15347
0.11538	0.10484	0.08333
0.02597	0.02597	0.02273
0.82014	0.68869	0.66488
0.27119	0.22336	0.18218
0.04545	0.02652	0.03312
0.04819	0.04819	0.0
0.16393	0.09254	0.08108
0.09639	0.06899	0.04766
0.20513	0.16295	0.17391
0.34328	0.19672	0.18178
0.05333	0.05333	0.04545
0.2093	0.2093	0.21277
0.22973	0.14158	0.13776
0.12121	0.07968	0.05263
0.52632	0.35358	0.38078
0.10204	0.03427	0.01078
0.34109	0.34109	0.34783
0.28261	0.1827	0.18222
0.08861	0.08576	0.06943
0.05085	0.05085	0.02941
0.19298	0.13272	0.12803
0.11628	0.07335	0.05904
0.31193	0.21	0.20516
0.15789	0.14375	0.13333
0.21333	0.11929	0.10477
0.18182	0.14714	0.16308
0.22826	0.19847	0.18731
0.05263	0.03396	0.02564
0.34211	0.1643	0.14212
0.10526	0.07322	0.06605
0.07767	0.0437	0.02976
0.19048	0.10102	0.0958
0.0	0.0	0.0
0.1405	0.12957	0.13235
0.25893	0.18032	0.19254
0.4557	0.31567	0.31452
0.15238	0.08789	0.10317
0.05455	0.02611	0.03333
0.18103	0.16227	0.1474
0.12308	0.0556	0.06903
0.26471	0.16512	0.14269
0.0991	0.07484	0.05853
0.23664	0.22593	0.20667
0.08333	0.07473	0.08649
0.05085	0.00822	0.00856
0.0	0.0	0.0
0.24096	0.19006	0.17993
0.13636	0.06892	0.08647
0.14667	0.09357	0.07605
0.13514	0.08938	0.10062
0.17757	0.09786	0.0856
0.04673	0.04009	0.0339
0.08434	0.07463	0.08
0.0885	0.0885	0.08197
0.20339	0.13207	0.13345
0.0	0.0	0.0
0.11364	0.08414	0.041
0.17284	0.09341	0.06704
0.30303	0.25368	0.25883
0.18333	0.13362	0.1636
0.26984	0.15851	0.18818
0.24242	0.16637	0.15986
0.27273	0.18442	0.17577
0.43636	0.3735	0.36128
0.07018	0.04274	0.03226
0.0	0.0	0.0
0.01031	0.01031	0.0
0.26316	0.25339	0.26868
0.10294	0.05161	0.03558
0.16071	0.11839	0.13409
0.33721	0.17371	0.17034
0.0	0.0	0.0
0.02469	0.01533	0.0
0.36	0.28517	0.29233
0.08772	0.05491	0.05777
0.22951	0.1169	0.09973
0.05102	0.02009	0.00346
0.30476	0.22335	0.23333
0.29032	0.20423	0.19625
0.21905	0.16637	0.14219
0.08696	0.04714	0.05224
0.14815	0.08365	0.09189
0.16216	0.13486	0.11727
0.28736	0.22694	0.23084
0.25352	0.18697	0.19907
0.16949	0.12986	0.12755
0.09375	0.06031	0.08128
0.63158	0.54333	0.54914
0.07447	0.04222	0.0207
0.09375	0.05242	0.02484
0.17284	0.09998	0.10811
0.42373	0.27973	0.29121
0.20833	0.16721	0.16053
0.15385	0.1216	0.12025
0.10843	0.08959	0.10619
0.04808	0.02529	0.02265
0.17164	0.11641	0.11292
0.14953	0.12255	0.13483
0.23438	0.23438	0.22857
0.21569	0.16004	0.15902
0.0	0.0	0.0
0.0875	0.06978	0.10311
0.01667	0.01128	0.02052
0.1	0.06683	0.05485
0.09278	0.0474	0.02875
0.20988	0.13204	0.13125
0.13333	0.11048	0.12949
0.0098	0.00284	0.0
0.2549	0.10488	0.08847
0.04396	0.02943	0.02271
0.02532	0.01695	0.01064
0.14286	0.09312	0.09497
0.16495	0.12589	0.11438
0.17021	0.12836	0.17342
0.24576	0.15119	0.16035
0.30682	0.22635	0.21386
0.23729	0.09437	0.07212
0.17742	0.15948	0.15942
0.1625	0.12622	0.07465
0.0678	0.06042	0.03771
0.18889	0.09823	0.06353
0.30159	0.19356	0.24534
0.04918	0.02513	0.02941
0.01379	0.01379	0.01235
0.01754	0.00425	0.0
0.25263	0.13399	0.15467
0.07463	0.06476	0.05714
0.11712	0.09446	0.08534
0.08633	0.06509	0.05496
0.20833	0.11025	0.10133
0.21805	0.18605	0.16259
0.32857	0.18	0.17741
0.0	0.0	0.0
0.17757	0.13913	0.11773
0.125	0.04482	0.06326
0.11429	0.11429	0.11864
0.43038	0.36139	0.35485
0.13014	0.10794	0.07758
0.32258	0.3068	0.26923
0.11628	0.07353	0.07996
0.08547	0.07541	0.08437
0.37879	0.22365	0.23867
0.13953	0.08723	0.08032
0.06452	0.01406	0.0
0.44231	0.26927	0.33643
0.02941	0.01756	0.0
0.18519	0.09559	0.0973
0.05376	0.04267	0.01396
0.384	0.32029	0.32591
0.15957	0.10674	0.13711
0.03704	0.01077	0.01076
0.2875	0.19741	0.19733
0.06061	0.0247	0.02965
0.09722	0.05579	0.04011
0.05517	0.0405	0.04198
0.43182	0.36073	0.40909
0.16854	0.1131	0.1313
0.1619	0.09019	0.10317
0.0	0.0	0.0
0.35	0.23168	0.25489
0.30303	0.20302	0.20305
0.25197	0.18911	0.20292
0.35	0.30292	0.32432
0.09375	0.06755	0.06094
0.22059	0.18716	0.20762
0.1875	0.14241	0.11706
0.06557	0.0291	0.0
0.16667	0.07329	0.04961
0.10112	0.06399	0.06614
0.04082	0.02979	0.01188
0.4023	0.24829	0.28933
0.1875	0.08134	0.08326
0.0979	0.08032	0.06433
0.30108	0.20346	0.21192
0.37391	0.23958	0.24642
0.1129	0.09963	0.06495
0.125	0.0988	0.1
0.40351	0.26402	0.25163
0.12245	0.11488	0.13441
0.19697	0.13835	0.14313
0.0	0.0	0.0
0.02857	0.02228	0.01667
0.0	0.0	0.0
0.02083	0.01715	0.03165
0.41176	0.28325	0.24395
0.0	0.0	0.0
0.31646	0.20849	0.21848
0.41837	0.33774	0.3484
0.0	0.0	0.0
0.10833	0.07822	0.07862
0.08	0.04405	0.03429
0.2549	0.14741	0.17685
0.24176	0.12533	0.10786
0.22619	0.16498	0.16367
0.06944	0.05556	0.05689
0.12097	0.08753	0.09091
0.14943	0.09956	0.11831
0.03846	0.02027	0.02326
0.37209	0.34265	0.31847
0.05814	0.01464	0.00206
0.32	0.18681	0.22055
0.03279	0.02036	0.0
0.04032	0.01744	0.03037
0.16418	0.12952	0.12029
0.06452	0.05229	0.02703
0.29496	0.22558	0.24649
0.01316	0.01316	0.0
0.17692	0.15459	0.15121
0.14	0.08326	0.04477
0.11667	0.0898	0.06453
0.3125	0.20229	0.22456
0.0	0.0	0.0
0.12097	0.067	0.06982
0.11	0.04841	0.03775
0.22835	0.14213	0.12743
0.15278	0.05199	0.03559
0.14865	0.10507	0.10505
0.13514	0.09624	0.08981
0.08696	0.02877	0.02635
0.06452	0.03331	0.01906
0.28333	0.17315	0.11862
0.22936	0.15614	0.11897
0.09302	0.05028	0.02324
0.24719	0.18648	0.2258
0.20312	0.13409	0.13853
0.51613	0.35435	0.39339
0.12903	0.11031	0.09878
0.25806	0.22496	0.24196
0.08772	0.08192	0.06452
0.04878	0.04878	0.04444
0.09639	0.03694	0.02596
0.21233	0.18638	0.19508
0.24444	0.15807	0.13773
0.5	0.40535	0.39269
0.168	0.12144	0.10865
0.18182	0.10138	0.11808
0.63971	0.63449	0.61333
0.03614	0.02759	0.02273
0.04808	0.02529	0.02265
0.12195	0.10963	0.1194
0.11382	0.09087	0.09557
0.29605	0.24439	0.27814
0.33019	0.33019	0.32258
0.23585	0.22961	0.2
0.11111	0.09365	0.10127
0.41935	0.36371	0.32118
0.34118	0.34118	0.33333
0.0	0.0	0.0
0.25	0.12245	0.10788
0.12766	0.07037	0.04344
0.37705	0.23823	0.2293
0.23636	0.23636	0.21875
0.175	0.11575	0.13636
0.04688	0.02244	0.0
0.0303	0.01027	0.0
0.09375	0.05242	0.02484
0.07	0.02824	0.0207
0.09756	0.05154	0.04776
0.0	0.0	0.0
0.14516	0.09469	0.11381
0.19298	0.17912	0.21925
0.22414	0.21635	0.23226
0.44737	0.24203	0.18773
0.4717	0.28579	0.2296
0.03846	0.01396	0.019
0.0339	0.01395	0.01561
0.04478	0.03275	0.02778
0.5	0.3635	0.33202
0.24658	0.15888	0.15578
0.14925	0.04242	0.04125
0.42857	0.37833	0.44097
0.05455	0.04369	0.08582
0.14754	0.10418	0.07762
0.0431	0.02475	0.02432
0.11765	0.07496	0.07143
0.09924	0.09025	0.08129
0.13934	0.0853	0.10314
0.23457	0.15015	0.12867
0.34091	0.27568	0.24615
0.17241	0.12626	0.14338
0.30263	0.2048	0.21545
0.05357	0.01384	0.0
0.14667	0.06905	0.07946
0.22222	0.16907	0.12852
0.23438	0.14947	0.1177
0.14474	0.05499	0.0378
0.22727	0.21652	0.23686
0.02083	0.00202	0.0
0.14516	0.06116	0.04941
0.32653	0.28804	0.29866
0.25301	0.15802	0.1484
0.22353	0.12166	0.11048
0.22	0.18904	0.20203
0.01667	0.00565	0.0
0.11966	0.1096	0.11514
0.2268	0.16364	0.15015
0.29688	0.28578	0.28947
0.11111	0.06752	0.07566
0.26415	0.18291	0.20467
0.33333	0.33333	0.30303
0.02326	0.00563	0.0
0.43333	0.35557	0.34531
0.08065	0.04165	0.06094
0.11765	0.07188	0.05774
0.05714	0.03341	0.02564
0.14458	0.0966	0.07415
0.02041	0.02041	0.01818
0.03571	0.03571	0.0
0.16854	0.11473	0.10931
0.11392	0.11392	0.12195
0.14103	0.13069	0.13636
0.33333	0.20157	0.21792
0.13235	0.10343	0.10782
0.26891	0.20374	0.18258
0.28571	0.2219	0.17369
0.26154	0.18686	0.16314
0.05063	0.0188	0.00633
0.03947	0.01953	0.02381
0.1129	0.07662	0.06693
0.32292	0.2438	0.23138
0.14754	0.0767	0.08406
0.16379	0.07858	0.07109
0.05556	0.05556	0.03571
0.33871	0.23626	0.21846
0.08791	0.08791	0.09804
0.17647	0.15419	0.1593
0.22388	0.163	0.14117
0.23077	0.16877	0.14286
0.325	0.22281	0.24917
0.44262	0.3961	0.43281
0.59091	0.43258	0.41595
0.58025	0.39807	0.34996
0.11111	0.10175	0.09524
0.14516	0.14516	0.15152
0.29126	0.19105	0.19513
0.10976	0.09599	0.09545
0.0	0.0	0.0
0.21212	0.13468	0.11333
0.37681	0.26161	0.18364
0.1746	0.13775	0.11111
0.1625	0.08431	0.06456
0.28889	0.18247	0.1794
0.19328	0.14748	0.14855
0.36709	0.26095	0.25532
0.11429	0.0332	0.03568
0.06452	0.01406	0.0
0.09091	0.0549	0.05702
0.07018	0.04612	0.04161
0.30769	0.26583	0.24455
0.35821	0.28673	0.27958
0.11957	0.1194	0.11765
0.16393	0.09336	0.10959
0.32	0.27484	0.3023
0.28571	0.24771	0.28104
0.09375	0.04134	0.04795
0.18667	0.10797	0.09532
0.23404	0.14791	0.15415
0.11765	0.03957	0.04219
0.18644	0.11703	0.08162
0.02857	0.00554	0.0
0.0678	0.02215	0.01209
0.06383	0.04822	0.05556
0.23214	0.13079	0.13306
0.02564	0.02564	0.04651
0.17172	0.08523	0.09078
0.44211	0.39662	0.39369
0.0	0.0	0.0
0.12766	0.09302	0.09804
0.23077	0.2101	0.19048
0.33333	0.18093	0.19492
0.31313	0.27307	0.25169
0.09756	0.05154	0.04776
0.125	0.06992	0.07407
0.16279	0.13205	0.12082
0.0	0.0	0.0
0.11667	0.02262	0.00647
0.28125	0.17517	0.16086
0.46552	0.38822	0.35912
0.2027	0.10466	0.08973
0.16393	0.16393	0.15625
0.25225	0.19618	0.17075
0.38272	0.33972	0.36922
0.0	0.0	0.0
0.19672	0.14148	0.13106
0.22642	0.16587	0.14984
0.17355	0.14423	0.15094
0.09259	0.03556	0.07159
0.10169	0.06848	0.06748
0.125	0.10052	0.0699
0.31818	0.17498	0.15426
0.08065	0.03176	0.00511
0.22222	0.17	0.2035
0.34884	0.27312	0.23704
0.0	0.0	0.0
0.14876	0.09598	0.07776
0.37288	0.19963	0.203
0.0	0.0	0.0
0.37736	0.26753	0.2812
0.15385	0.13751	0.14193
0.79747	0.62904	0.6122
0.2807	0.22244	0.2097
0.19231	0.10827	0.11348
0.27778	0.15254	0.14122
0.35802	0.31202	0.29513
0.39189	0.34765	0.35109
0.31707	0.19593	0.17942
0.31818	0.19112	0.17234
0.04412	0.0344	0.02564
0.04688	0.02167	0.0
0.10938	0.06728	0.05359
0.01639	0.00318	0.0
0.01923	0.00187	0.00346
0.14286	0.09823	0.08847
0.3125	0.15831	0.10014
0.19355	0.09756	0.10215
0.1375	0.09959	0.13035
0.32653	0.27422	0.28493
0.06757	0.06757	0.07143
0.06977	0.0514	0.03629
0.20312	0.16281	0.17871
0.01923	0.00187	0.0
0.02273	0.0187	0.03292
0.30882	0.22416	0.2135
0.22222	0.15861	0.19435
0.22857	0.1947	0.15385
0.12676	0.10018	0.10937
0.08451	0.03659	0.01452
0.20755	0.11947	0.13417
0.08955	0.07752	0.05714
0.15625	0.10588	0.14047
0.05128	0.03062	0.05191
0.08955	0.05416	0.02778
0.21333	0.12581	0.16003
0.22034	0.13069	0.15348
0.30303	0.17958	0.20014
0.03922	0.00761	0.00719
0.18182	0.09277	0.11429
0.05128	0.04342	0.04651
0.04819	0.02993	0.02273
0.30645	0.23442	0.18489
0.1828	0.13512	0.10712
0.3964	0.32942	0.31036
0.07246	0.03812	0.05263
0.34426	0.31095	0.32353
0.38462	0.27421	0.21391
0.05556	0.03472	0.0211
0.18605	0.16505	0.16667
0.22222	0.17795	0.1742
0.19737	0.13796	0.1389
0.10843	0.06046	0.07529
0.12766	0.04189	0.0287
0.15714	0.04819	0.03114
0.42593	0.27389	0.23491
0.29825	0.21421	0.17207
0.08197	0.04469	0.02941
0.0	0.0	0.0
0.06897	0.042	0.03512
0.07692	0.03474	0.04348
0.12766	0.07587	0.09804
0.01562	0.0053	0.0
0.23529	0.13903	0.14064
0.48276	0.34319	0.29439
0.41667	0.30595	0.27326
0.07692	0.03805	0.0
0.29167	0.245	0.22584
0.20635	0.13829	0.13175
0.25316	0.12785	0.14116
0.26471	0.1561	0.17547
0.01316	0.00509	0.0
0.16667	0.08963	0.12553
0.03774	0.02343	0.0
0.17742	0.07365	0.07306
0.06897	0.052	0.03277
0.03125	0.03125	0.03846
0.13462	0.09694	0.09996
0.20667	0.13045	0.11718
0.1831	0.11315	0.14081
0.18182	0.09151	0.08326
0.21805	0.19465	0.23153
0.18519	0.17893	0.16597
0.2	0.1111	0.12049
0.056	0.01576	0.01955
0.05085	0.00739	0.00647
0.10976	0.03759	0.02841
0.14634	0.0909	0.02641
0.0303	0.01882	0.0
0.31884	0.24219	0.26136
0.2	0.17169	0.13936
0.27368	0.24975	0.24611
0.36842	0.33051	0.28731
0.02273	0.0187	0.03292
0.08621	0.06091	0.07077
0.12766	0.10845	0.11538
0.20779	0.12738	0.14105
0.15596	0.10611	0.09022
0.23377	0.13366	0.12905
0.27273	0.1833	0.13626
0.0	0.0	0.0
0.0	0.0	0.0
0.0678	0.00986	0.00606
0.07463	0.05465	0.07041
0.09302	0.05028	0.02324
0.07937	0.07141	0.08414
0.50704	0.39597	0.38832
0.26786	0.18839	0.18603
0.2541	0.20123	0.17426
0.13924	0.0972	0.10217
2.72727	2.45895	2.4785
0.53571	0.36639	0.38459
0.04286	0.00693	0.0071
0.31746	0.202	0.16622
0.05455	0.04282	0.04839
0.09804	0.06726	0.06417
0.0	0.0	0.0
0.01667	0.00565	0.0
0.46154	0.41045	0.38235
0.18045	0.13474	0.14149
0.18	0.14776	0.14224
0.23944	0.19561	0.20881
0.21429	0.15093	0.1441
0.45783	0.29504	0.27747
0.2029	0.14588	0.11212
0.23077	0.14704	0.13345
0.25	0.19185	0.20381
0.02632	0.01571	0.02381
0.15789	0.15789	0.15556
0.23256	0.22076	0.22617
0.18421	0.12482	0.16535
0.08955	0.06549	0.05556
0.22917	0.2154	0.19231
0.14085	0.08499	0.08971
0.0	0.0	0.0
0.14583	0.14583	0.11538
0.21739	0.19987	0.20833
0.31897	0.23139	0.23589
0.34615	0.32879	0.25346
0.14634	0.14634	0.16667
0.15929	0.09224	0.10341
0.43478	0.26476	0.29156
0.04098	0.03068	0.03461
0.30952	0.15136	0.14726
0.025	0.025	0.02439
0.10256	0.07218	0.06818
0.32609	0.29313	0.28
0.2549	0.14741	0.17685
0.41176	0.22642	0.222
0.13235	0.11362	0.12249
0.11905	0.10254	0.10483
0.02273	0.02273	0.02817
0.07407	0.03019	0.00606
0.02857	0.01981	0.02326
0.25	0.15629	0.12189
0.21687	0.11371	0.10419
0.3	0.25117	0.27337
0.08642	0.02611	0.03094
0.21154	0.1486	0.12683
0.19608	0.17837	0.20323
0.37143	0.20971	0.20372
0.09375	0.05973	0.05991
0.08571	0.06406	0.05077
0.53684	0.46589	0.41223
0.1068	0.08331	0.08356
0.03571	0.03571	0.0
0.18033	0.12587	0.1226
0.09524	0.0809	0.07895
0.04	0.02796	0.025
0.175	0.10747	0.12756
0.21053	0.11519	0.14366
0.10417	0.10417	0.07143
0.04651	0.02888	0.0
0.30508	0.19085	0.22047
0.12963	0.06902	0.03657
0.09524	0.05532	0.06364
0.6129	0.37777	0.27506
0.07895	0.052	0.05514
0.01562	0.00152	0.00285
0.20513	0.18756	0.1585
0.03947	0.01953	0.02381
0.35849	0.31255	0.32257
0.16667	0.13602	0.12534
0.03846	0.03846	0.02273
0.23423	0.19705	0.2253
0.38596	0.37182	0.4
0.18519	0.12726	0.11754
0.31707	0.26871	0.26805
0.46296	0.29487	0.25256
0.1236	0.08065	0.09746
0.03226	0.02003	0.0
0.04762	0.01552	0.00658
0.10227	0.0942	0.08333
0.28409	0.24048	0.23936
0.08571	0.07834	0.06537
0.61765	0.46682	0.43888
0.20635	0.16002	0.16841
0.0678	0.06315	0.0625
0.14815	0.0753	0.08283
0.05797	0.04629	0.02703
0.13043	0.09749	0.10619
0.22857	0.1431	0.13952
0.27419	0.19639	0.18785
0.27027	0.15454	0.1399
0.16667	0.0949	0.08444
0.44444	0.29157	0.31323
0.10484	0.06284	0.0555
0.23134	0.18272	0.19804
0.29167	0.21406	0.25185
0.38333	0.35538	0.38515
0.05172	0.02309	0.00303
0.02222	0.0138	0.0
0.26437	0.16337	0.15941
0.2521	0.18637	0.18679
0.07353	0.06381	0.05128
0.20253	0.13885	0.14365
0.0339	0.02105	0.0
0.26786	0.23993	0.22481
0.03922	0.03288	0.0
0.07018	0.04274	0.03226
0.31148	0.19646	0.24103
0.20952	0.17927	0.18808
0.10236	0.09602	0.10145
0.09091	0.05309	0.03333
0.0	0.0	0.0
0.03947	0.01953	0.02381
0.01087	0.00263	0.0
0.13433	0.07776	0.05377
4.40909	4.30132	4.25
0.0	0.0	0.0
0.33333	0.21297	0.21397
0.06818	0.02567	0.02285
0.16901	0.10452	0.12656
0.24272	0.19309	0.19586
0.13924	0.09209	0.09247
0.09091	0.03316	0.00313
0.06667	0.03138	0.02239
0.33333	0.32187	0.25936
0.07246	0.03812	0.05263
0.0	0.0	0.0
0.19608	0.14865	0.14972
0.29167	0.17779	0.17797
0.67742	0.54556	0.47892
0.06897	0.04116	0.03428
0.2	0.13685	0.1636
0.5	0.33348	0.3406
0.325	0.27945	0.27356
0.22449	0.16296	0.20757
0.5	0.4035	0.41624
0.17172	0.08523	0.09078
0.0	0.0	0.0
0.11486	0.06573	0.0699
0.08642	0.07239	0.07069
0.38889	0.34796	0.38709
0.04545	0.04545	0.04348
0.11538	0.05337	0.05786
0.12658	0.07576	0.0695
0.04348	0.03319	0.03686
0.14286	0.09535	0.12857
0.0	0.0	0.0
0.72	0.54094	0.52074
0.22727	0.20039	0.19863
0.4186	0.28247	0.30388
0.08036	0.05632	0.05504
0.13699	0.11379	0.12237
0.03509	0.03509	0.03125
0.07317	0.01773	0.0
0.18447	0.11762	0.11539
0.17172	0.13394	0.13191
0.09821	0.0484	0.03348
0.13953	0.07167	0.04438
0.22619	0.17475	0.13879
0.11304	0.06803	0.09477
0.16667	0.11718	0.12668
0.06897	0.01503	0.02119
0.19403	0.12268	0.10379
0.17708	0.11528	0.09798
0.03086	0.01743	0.01451
0.06716	0.05634	0.049
0.0	0.0	0.0
0.18557	0.11526	0.13284
0.0566	0.01098	0.0
0.13953	0.07229	0.08134
0.04	0.0163	0.01959
0.16949	0.09953	0.09981
0.4086	0.34253	0.31079
0.35088	0.20832	0.23443
0.35088	0.27395	0.24976
0.375	0.24023	0.24347
0.12346	0.07627	0.08496
0.31683	0.2592	0.26217
0.22436	0.13278	0.14159
0.12048	0.07076	0.06716
0.10345	0.06091	0.0625
0.01613	0.00781	0.01383
0.16304	0.05754	0.05006
0.1375	0.1375	0.13333
0.05155	0.03841	0.02698
0.25	0.21545	0.21697
0.26667	0.12452	0.13591
0.02778	0.02778	0.02381
0.02778	0.0074	0.00485
0.28571	0.24688	0.24619
0.41935	0.26489	0.27286
0.07317	0.04268	0.01351
0.11429	0.10484	0.08333
0.43836	0.3246	0.27995
0.59184	0.35522	0.331
0.0	0.0	0.0
0.20408	0.15504	0.1577
0.0	0.0	0.0
0.12371	0.06287	0.09582
0.39024	0.25272	0.28183
0.25564	0.2086	0.20452
0.25962	0.1841	0.1594
0.47126	0.41139	0.43171
0.10317	0.03894	0.02219
0.26087	0.23001	0.22405
0.2069	0.19711	0.19236
0.21212	0.16559	0.1654
0.03704	0.01714	0.00422
0.175	0.175	0.19048
0.09184	0.06436	0.06877
0.13559	0.05525	0.06648
0.20635	0.13187	0.08872
0.05426	0.03477	0.04225
0.11111	0.04638	0.03349
0.40496	0.28901	0.28818
0.0	0.0	0.0
0.12121	0.09629	0.07429
0.06579	0.02209	0.02612
0.37805	0.23372	0.23144
0.01852	0.00896	0.01613
0.11017	0.06262	0.05647
0.18421	0.12607	0.11492
0.0	0.0	0.0
0.18919	0.09049	0.08228
0.26154	0.19605	0.17562
0.07071	0.03554	0.0412
0.05063	0.0188	0.00633
0.16049	0.07927	0.0484
0.0	0.0	0.0
0.10256	0.02299	0.01128
0.12121	0.06014	0.03397
0.14953	0.09468	0.1147
0.2625	0.2625	0.24444
0.17647	0.08162	0.06523
0.12727	0.05867	0.09621
0.27	0.16665	0.19526
0.19767	0.0893	0.10854
0.1	0.0663	0.07316
0.07874	0.04751	0.04656
0.22835	0.22238	0.21622
0.04938	0.04938	0.04444
0.21111	0.09949	0.08988
0.25455	0.132	0.08875
0.16901	0.08362	0.06061
0.14103	0.08109	0.1043
0.056	0.01576	0.01955
0.03922	0.03922	0.03571
0.29508	0.266	0.27941
0.09756	0.03346	0.01649
0.21875	0.21875	0.21154
0.04615	0.03375	0.02778
0.2963	0.16848	0.13812
0.0	0.0	0.0
0.26761	0.18332	0.203
0.17007	0.09219	0.10139
0.03571	0.0265	0.01561
0.16949	0.0968	0.10638
0.17708	0.17708	0.16667
0.10294	0.07212	0.06782
0.07759	0.04575	0.03971
0.0	0.0	0.0
0.12121	0.04938	0.03047
0.14286	0.10571	0.07462
0.35484	0.29995	0.2696
0.11628	0.07653	0.08333
0.16379	0.11084	0.11663
0.22	0.12502	0.13102
0.10714	0.10714	0.13636
0.0241	0.00817	0.0
0.02326	0.00507	0.0
0.40385	0.27296	0.21955
0.12371	0.09943	0.09207
0.56863	0.33337	0.30259
0.28283	0.18104	0.18028
0.18947	0.14364	0.16464
0.24786	0.23326	0.23672
0.2561	0.16957	0.19157
0.30556	0.21688	0.17283
0.35417	0.22417	0.18803
0.2125	0.15265	0.14067
0.01449	0.00701	0.01344
0.1875	0.15089	0.17212
0.18919	0.14705	0.15824
0.03226	0.03226	0.02857
0.05319	0.023	0.02194
0.06061	0.04912	0.02857
0.12174	0.08851	0.0756
0.23636	0.17862	0.16442
0.36735	0.22256	0.23518
0.05607	0.04236	0.0339
0.3662	0.26739	0.2691
0.48611	0.44804	0.47539
0.07692	0.05605	0.05307
0.3	0.27119	0.2664
0.40625	0.37525	0.36835
0.14384	0.09855	0.10148
0.51351	0.42419	0.48832
0.14035	0.09623	0.09677
0.06977	0.03415	0.01851
0.0	0.0	0.0
0.12329	0.08618	0.0841
0.125	0.08414	0.07308
0.21495	0.13855	0.13536
0.2931	0.25222	0.17932
0.16418	0.12351	0.10128
0.35043	0.23728	0.24044
0.0	0.0	0.0
0.29412	0.19087	0.17339
0.22449	0.20541	0.24028
0.40449	0.39435	0.43055
0.01695	0.00164	0.0
0.3913	0.28661	0.29819
0.14563	0.06909	0.07116
0.15254	0.13014	0.0303
0.26	0.18851	0.16111
0.15873	0.106	0.13206
0.29231	0.14002	0.17645
0.33	0.19631	0.18807
0.10989	0.06453	0.0684
0.14286	0.08564	0.08776
0.11864	0.08108	0.05647
0.31818	0.19286	0.18531
0.1358	0.0534	0.07564
0.18803	0.12201	0.10408
0.54902	0.51361	0.47313
0.10577	0.06778	0.08375
0.05952	0.04148	0.04444
0.19318	0.17815	0.18774
0.03922	0.01424	0.019
0.10843	0.08784	0.06589
0.06579	0.02209	0.02612
0.04762	0.01107	0.00164
0.10811	0.06584	0.05249
0.2	0.12033	0.12676
0.08	0.04388	0.08065
0.12791	0.05179	0.05379
0.13636	0.08342	0.08933
0.17778	0.17097	0.18
0.05263	0.05263	0.04348
0.18018	0.109	0.12957
0.51678	0.41257	0.392
0.04615	0.03238	0.02294
0.11184	0.09412	0.09211
0.25806	0.13185	0.09143
0.16667	0.16667	0.17857
0.21359	0.13579	0.12195
0.4	0.30956	0.26319
0.02	0.00871	0.00834
0.07339	0.02043	0.01797
0.06742	0.02901	0.04676
0.16822	0.12195	0.12128
0.11594	0.05612	0.03227
0.23611	0.16668	0.14398
0.0	0.0	0.0
0.02857	0.00462	0.00485
0.06803	0.04333	0.04541
0.00685	0.00199	0.00367
0.01408	0.00341	0.0
0.15714	0.08987	0.048
0.18056	0.10842	0.1375
0.04545	0.0347	0.03686
0.24731	0.24731	0.22222
0.48052	0.43256	0.43437
0.56296	0.47996	0.48428
0.06061	0.0247	0.02965
0.06667	0.03457	0.02353
0.36082	0.27671	0.27748
0.16667	0.11655	0.08316
0.09709	0.05622	0.04533
0.10714	0.07604	0.10888
0.04494	0.03915	0.02968
0.28571	0.21744	0.23107
0.04412	0.03618	0.03488
0.05333	0.05333	0.04545
0.13194	0.12176	0.12658
0.23077	0.18345	0.21506
0.15315	0.12048	0.11682
0.17544	0.10556	0.10926
0.34146	0.2335	0.19707
0.11765	0.09993	0.08709
0.25806	0.2201	0.24911
0.11475	0.08462	0.07842
0.17045	0.13234	0.14826
0.10833	0.09664	0.09022
0.21667	0.09197	0.04787
0.0	0.0	0.0
0.22414	0.13126	0.10665
0.32258	0.15952	0.15471
0.0	0.0	0.0
0.01961	0.01233	0.01966
0.04225	0.04225	0.04878
0.16901	0.1311	0.09928
0.13605	0.12486	0.11926
0.12162	0.09308	0.06618
0.09302	0.03791	0.04986
0.14286	0.09564	0.12856
0.17778	0.05344	0.01552
0.15	0.08955	0.09973
0.16	0.09004	0.06039
0.07576	0.03056	0.04161
0.0	0.0	0.0
0.13514	0.1058	0.12412
0.1	0.04662	0.03481
0.0	0.0	0.0
0.07865	0.05801	0.0453
0.12121	0.07968	0.09385
0.04255	0.04255	0.04167
0.03797	0.00981	0.00226
0.42105	0.35911	0.33577
0.23529	0.21159	0.20833
0.03509	0.03509	0.03333
0.14118	0.07042	0.08335
0.13559	0.09132	0.09142
0.09756	0.03346	0.01649
0.21277	0.16166	0.15674
0.05634	0.03839	0.0421
0.45455	0.35668	0.34241
0.10417	0.10417	0.07143
0.10714	0.0868	0.08361
0.36765	0.31821	0.33348
0.2093	0.15194	0.15998
0.15556	0.11971	0.11912
0.01149	0.0039	0.0
0.11364	0.08359	0.08
0.39623	0.26966	0.27573
0.07767	0.05418	0.05077
0.06957	0.03591	0.03697
0.40678	0.39312	0.3613
0.33333	0.31308	0.31745
0.33333	0.31308	0.31745
0.11111	0.09619	0.07077
0.39785	0.28932	0.29274
0.01613	0.00313	0.00588
0.22619	0.15977	0.15674
0.12222	0.08119	0.09151
0.09091	0.03186	0.04589
0.0	0.0	0.0
0.40816	0.25908	0.27963
0.33333	0.2553	0.23815
0.07843	0.03606	0.06265
0.16456	0.14006	0.13709
0.24096	0.1516	0.13181
0.14286	0.11603	0.12082
0.41463	0.22905	0.216
0.01031	0.01031	0.0
0.17722	0.14373	0.13633
0.18018	0.17292	0.16129
0.12987	0.0907	0.10227
0.13043	0.10466	0.10402
0.23729	0.16978	0.15917
0.02985	0.02648	0.05069
0.16505	0.13796	0.13467
0.06557	0.04152	0.03317
0.0381	0.03088	0.01639
0.0	0.0	0.0
0.07407	0.03019	0.00606
0.10227	0.06251	0.07413
0.26415	0.20026	0.16186
0.0	0.0	0.0
0.07407	0.05796	0.09104
0.50633	0.352	0.36678
0.21519	0.14641	0.17007
0.04167	0.04167	0.0
0.20635	0.14263	0.10619
0.19231	0.14175	0.10716
0.2	0.2	0.21951
0.2381	0.2084	0.17255
0.26984	0.18638	0.1714
0.25397	0.15543	0.17561
0.21154	0.21154	0.19355
0.15854	0.11645	0.08889
0.06452	0.00939	0.00554
0.08491	0.03624	0.03679
0.41096	0.24108	0.23964
0.2	0.14715	0.15346
0.15493	0.11155	0.1259
0.04	0.03183	0.02381
0.26374	0.23911	0.24324
0.03226	0.01015	0.00829
0.02326	0.00507	0.0
0.24074	0.17893	0.17794
0.08197	0.08197	0.05882
0.03571	0.0265	0.01561
0.04	0.04	0.04878
0.49123	0.42389	0.3758
0.07273	0.03665	0.05568
0.26786	0.14116	0.09728
0.03604	0.01338	0.00469
0.20635	0.13135	0.13188
0.2069	0.1993	0.16
0.02597	0.01613	0.0
0.07018	0.03028	0.01173
0.08696	0.03883	0.0331
0.01149	0.0039	0.0
0.0991	0.07949	0.05085
0.23585	0.13362	0.1371
0.40845	0.23107	0.20144
0.08642	0.03665	0.03859
0.07692	0.06917	0.07143
0.08219	0.02764	0.03149
0.08197	0.04787	0.02857
0.14706	0.09905	0.08393
0.05952	0.04148	0.04444
0.01613	0.00547	0.0
0.26087	0.15257	0.13164
0.44348	0.32807	0.3456
0.26829	0.19832	0.21469
0.08772	0.032	0.03226
0.08571	0.0385	0.05053
0.25	0.14388	0.09124
0.21127	0.09386	0.07595
0.12245	0.12245	0.12903
0.06897	0.05507	0.07077
0.22535	0.1679	0.17073
0.19048	0.1279	0.13912
0.08511	0.05389	0.03774
0.48649	0.35838	0.38955
0.01639	0.00318	0.0
0.38596	0.25839	0.22381
0.20635	0.10629	0.08164
0.0122	0.00295	0.0
0.13699	0.12595	0.10229
0.16949	0.10007	0.12226
0.25806	0.18445	0.18369
0.05882	0.02452	0.02305
0.0404	0.03128	0.03745
0.07143	0.05695	0.04811
0.3642	0.36161	0.38001
0.26582	0.19256	0.1826
0.17333	0.14581	0.18182
0.16364	0.10325	0.10284
0.26087	0.26087	0.28
0.19565	0.19565	0.19231
0.26957	0.1672	0.15777
0.21212	0.15129	0.1965
0.09589	0.07447	0.07692
0.05769	0.03319	0.019
0.12698	0.06556	0.07217
0.05085	0.00822	0.00856
0.42857	0.30033	0.31515
0.06522	0.05646	0.0625
0.3	0.21937	0.25468
0.13115	0.08938	0.07762
0.0396	0.0396	0.03571
0.10092	0.05787	0.04006
0.54386	0.38518	0.33375
0.07586	0.05384	0.04367
0.08065	0.05542	0.02941
0.06604	0.02892	0.03679
0.21053	0.16088	0.15854
0.17442	0.06641	0.07154
0.04301	0.01597	0.02531
0.85185	0.55985	0.43656
0.06122	0.03422	0.04954
0.27848	0.22032	0.23241
0.08163	0.01188	0.01437
0.67568	0.47476	0.48536
0.11667	0.0898	0.06453
0.05495	0.03209	0.02854
0.08696	0.06943	0.08126
0.12658	0.08005	0.06247
0.09722	0.04258	0.05626
0.16667	0.1204	0.14298
0.26829	0.23034	0.23749
0.12121	0.08041	0.07473
0.14563	0.07346	0.03793
0.2027	0.11573	0.13356
0.12281	0.05888	0.03448
0.55844	0.34922	0.36295
0.12	0.08647	0.09752
0.38235	0.33375	0.34919
0.15663	0.15663	0.15556
0.03175	0.01741	0.02632
0.28205	0.26386	0.27112
0.20561	0.17245	0.20666
0.0	0.0	0.0
0.07143	0.05346	0.07149
0.09565	0.08345	0.07415
0.05556	0.03083	0.02041
0.08955	0.033	0.02039
0.51351	0.42681	0.375
0.17391	0.13628	0.16597
0.13559	0.12302	0.0625
0.0	0.0	0.0
0.18605	0.1133	0.08333
0.03704	0.02031	0.03571
0.19277	0.1174	0.08032
0.11905	0.08314	0.09282
0.02727	0.02126	0.01724
0.30508	0.30508	0.3
0.17544	0.17544	0.15625
0.39785	0.32172	0.33406
0.22727	0.17255	0.14347
0.36486	0.18749	0.1887
0.25275	0.17319	0.14123
0.30108	0.28946	0.26396
0.08824	0.05515	0.04301
0.05102	0.02684	0.03636
0.16393	0.08307	0.07309
0.13514	0.10159	0.053
0.11364	0.07515	0.08322
0.0125	0.0125	0.02222
0.22222	0.161	0.13996
0.31915	0.24556	0.23374
0.0	0.0	0.0
0.0	0.0	0.0
0.07792	0.05656	0.05026
0.15217	0.11642	0.11135
0.37	0.31229	0.31957
0.05882	0.01282	0.00462
0.22951	0.16051	0.14012
0.0	0.0	0.0
0.55072	0.4437	0.46774
0.09449	0.06478	0.04512
0.14815	0.12823	0.13333
0.21	0.11003	0.09122
0.16912	0.12667	0.1351
0.07407	0.01377	0.01078
0.21053	0.14816	0.1597
0.42276	0.27358	0.28691
0.14894	0.11668	0.12904
0.41176	0.38251	0.41212
0.0597	0.03781	0.02857
0.03077	0.00745	0.0
0.05479	0.05479	0.07143
0.13559	0.05197	0.03938
0.0	0.0	0.0
0.0303	0.00831	0.0
0.61538	0.48698	0.492
0.09375	0.04134	0.04795
0.06329	0.02553	0.00226
0.37037	0.25569	0.31673
0.26667	0.2086	0.17171
0.0	0.0	0.0
0.41558	0.3869	0.38145
0.16	0.09486	0.07889
0.13913	0.09819	0.09415
0.07143	0.03514	0.01966
0.26531	0.26531	0.23077
0.18519	0.12725	0.13712
0.27632	0.20525	0.18026
0.1875	0.13855	0.12806
0.0	0.0	0.0
0.23214	0.15555	0.15375
0.07527	0.04544	0.04257
0.18478	0.07401	0.07112
0.11111	0.07827	0.09149
0.21053	0.11379	0.09386
0.11429	0.0712	0.07811
0.02941	0.01637	0.02605
0.39	0.30035	0.31174
0.37037	0.30915	0.31
0.17391	0.13957	0.14158
0.43939	0.29183	0.28653
0.24638	0.18912	0.18202
0.12821	0.07033	0.11083
0.09434	0.08094	0.06667
0.25581	0.21867	0.22721
0.22093	0.15401	0.14148
0.25424	0.1411	0.149
0.13934	0.0952	0.11391
0.03279	0.00318	0.00554
0.10959	0.07645	0.08734
0.05	0.02983	0.04688
0.09375	0.02498	0.02906
0.26667	0.17781	0.17645
0.0	0.0	0.0
0.24419	0.19676	0.21642
0.0303	0.00661	0.0
0.2619	0.19262	0.19287
0.2439	0.14795	0.10362
0.2807	0.19358	0.23855
0.21212	0.20235	0.21095
0.09677	0.04553	0.04079
0.23529	0.12734	0.13871
0.09302	0.07278	0.08
0.14433	0.14433	0.18182
0.39474	0.27674	0.31798
0.0	0.0	0.0
0.04545	0.00735	0.00831
0.05634	0.02362	0.0165
0.1746	0.1746	0.17143
0.01493	0.00506	0.0
0.07576	0.07161	0.0699
0.31343	0.22921	0.20478
0.05405	0.04316	0.025
0.11828	0.10874	0.10032
0.17778	0.12976	0.12904
0.4375	0.32564	0.37889
0.03922	0.01424	0.019
0.35294	0.35294	0.3
0.11765	0.09535	0.07692
0.0	0.0	0.0
0.2	0.04569	0.02425
0.03175	0.00846	0.0
0.08642	0.03207	0.03513
0.5	0.47271	0.44932
0.1125	0.10121	0.08696
0.32759	0.25557	0.24886
0.09195	0.04637	0.02531
0.17391	0.13955	0.17971
0.19118	0.12003	0.06192
0.28358	0.24593	0.24788
0.1875	0.12804	0.12689
0.09859	0.05068	0.05295
0.28571	0.23962	0.24644
0.02083	0.00202	0.00334
0.34118	0.23019	0.21938
0.32759	0.27116	0.25612
0.1165	0.05169	0.06164
0.40541	0.41457	0.40909
0.3125	0.1855	0.19703
0.09524	0.07374	0.0477
0.05319	0.023	0.02194
0.31325	0.2641	0.25404
0.27419	0.1959	0.18639
0.29565	0.19047	0.19878
0.0	0.0	0.0
0.01923	0.00373	0.0
0.03279	0.03279	0.02857
0.18293	0.14772	0.15079
0.30508	0.12553	0.10991
0.0	0.0	0.0
0.12121	0.04938	0.03047
0.14286	0.14286	0.18182
0.14894	0.10262	0.11538
0.35616	0.2687	0.23467
0.02439	0.00827	0.0
0.15517	0.08178	0.08545
0.12281	0.1013	0.10888
0.43038	0.28054	0.28264
0.25	0.18012	0.18406
0.14286	0.06166	0.07159
0.21111	0.15682	0.14808
0.37975	0.26706	0.24949
0.14583	0.12954	0.1271
0.07273	0.04898	0.04839
0.14286	0.10054	0.10284
0.13402	0.06968	0.07796
0.33333	0.21765	0.23846
0.52	0.38698	0.35865
0.05263	0.04104	0.03333
0.28302	0.18325	0.20433
0.07071	0.03554	0.0412
0.0	0.0	0.0
0.22917	0.12467	0.17396
0.17284	0.1603	0.11641
0.27119	0.17556	0.19709
0.27692	0.12115	0.17645
0.19643	0.12561	0.11294
0.05682	0.04875	0.04167
0.29474	0.16319	0.1638
0.02778	0.01926	0.02632
0.42373	0.22068	0.22284
0.1375	0.11351	0.1086
0.16216	0.07978	0.1129
0.02564	0.02564	0.02174
0.22222	0.20072	0.18075
0.52941	0.32008	0.32479
0.09	0.04066	0.02347
0.0	0.0	0.0
0.21154	0.14085	0.07231
0.22727	0.15424	0.14608
0.14458	0.06589	0.05983
0.02564	0.02564	0.02222
0.0	0.0	0.0
0.09722	0.05156	0.06531
0.26087	0.16201	0.16642
0.2459	0.22661	0.19071
0.16667	0.15152	0.15789
0.10909	0.08065	0.06667
0.05797	0.04699	0.02703
0.15873	0.09346	0.11335
0.18033	0.13485	0.16321
0.08197	0.08197	0.09091
0.4375	0.28529	0.33127
0.4	0.25662	0.2656
0.3	0.24235	0.29338
0.12	0.04422	0.025
0.05556	0.02197	0.02843
0.22857	0.165	0.14578
0.33803	0.24786	0.21735
0.11429	0.07466	0.04718
0.20588	0.19094	0.18718
0.09877	0.06094	0.08496
0.17	0.12502	0.11758
0.73611	0.61901	0.58578
0.14912	0.10429	0.07935
0.21739	0.14868	0.15394
0.05797	0.03565	0.02332
0.18056	0.09724	0.0972
0.09167	0.07245	0.07901
0.45455	0.26631	0.2769
0.34375	0.28631	0.28757
0.01613	0.00547	0.0
0.0	0.0	0.0
0.11111	0.06454	0.07231
0.03614	0.007	0.00206
0.2087	0.19145	0.17792
0.13178	0.11416	0.12329
0.1129	0.07468	0.05882
0.39506	0.39506	0.4156
0.18182	0.0986	0.06582
0.1	0.04948	0.02239
0.06897	0.02852	0.00313
0.28283	0.17355	0.14464
0.35714	0.27613	0.26848
0.03846	0.02999	0.02326
0.02597	0.02597	0.02273
0.19792	0.12318	0.12815
0.10526	0.05463	0.04338
0.05357	0.04004	0.03226
0.39706	0.28465	0.25261
0.15854	0.15854	0.16
0.24793	0.22929	0.23289
0.08696	0.06943	0.08126
0.19512	0.19512	0.19118
0.20635	0.1293	0.12424
0.36667	0.24557	0.22847
0.25455	0.08304	0.07062
0.19048	0.17614	0.21053
0.04673	0.03045	0.01773
0.07246	0.0491	0.02564
0.42857	0.30734	0.29788
0.08235	0.05731	0.04167
0.27219	0.17133	0.1757
0.16883	0.13627	0.13865
0.02381	0.02087	0.02396
0.04918	0.0259	0.03583
0.16923	0.14394	0.16415
0.32456	0.21847	0.19252
0.22609	0.1069	0.10771
0.24561	0.16839	0.1941
0.29167	0.27285	0.24
0.0303	0.00831	0.0
0.12613	0.09373	0.07466
0.18605	0.10579	0.08302
0.12195	0.11389	0.10638
0.43678	0.37859	0.37656
0.32877	0.16353	0.17546
0.23913	0.14485	0.15473
0.25862	0.18966	0.17794
0.36232	0.26722	0.28413
0.10606	0.07086	0.05377
0.18868	0.10563	0.08198
0.25641	0.20431	0.20382
0.0396	0.00576	0.00353
0.04138	0.04138	0.03704
0.05333	0.05333	0.04545
0.23729	0.23729	0.22222
0.36364	0.22204	0.21232
0.24528	0.20208	0.21543
0.19048	0.1243	0.11318
0.25806	0.23595	0.23686
0.21795	0.13113	0.09371
0.23636	0.1584	0.14877
0.3125	0.21354	0.1883
0.025	0.025	0.02439
0.1358	0.10594	0.09572
0.08209	0.03613	0.02557
0.09375	0.0601	0.0553
0.4186	0.37174	0.38712
0.36207	0.2395	0.22181
0.1125	0.06696	0.094
0.35955	0.23272	0.26265
0.0	0.0	0.0
0.07965	0.0327	0.02592
0.21302	0.15185	0.16649
0.21176	0.1744	0.15513
0.0	0.0	0.0
0.20155	0.1738	0.19074
0.34343	0.2032	0.1669
0.30986	0.18451	0.21873
0.14388	0.0874	0.07805
0.2029	0.09096	0.10866
0.21348	0.18051	0.20774
0.125	0.12014	0.12162
0.13846	0.08388	0.07374
0.30952	0.217	0.19188
0.15068	0.10805	0.10622
0.32283	0.24791	0.25994
0.20408	0.11259	0.14337
0.11111	0.0902	0.08566
0.17143	0.14861	0.18046
0.0	0.0	0.0
0.02532	0.02532	0.02174
0.08696	0.04153	0.06655
0.14286	0.11425	0.13067
0.21477	0.1018	0.07467
0.13699	0.04223	0.05156
0.13725	0.06486	0.05202
0.23636	0.19533	0.20761
0.09859	0.05068	0.05295
0.28358	0.21209	0.20693
0.0678	0.06042	0.03771
0.05797	0.04629	0.02703
0.09259	0.05976	0.09104
0.0	0.0	0.0
0.27068	0.17029	0.18684
0.24324	0.1988	0.19078
0.25806	0.20519	0.26249
0.01266	0.01266	0.0
0.36735	0.27157	0.20793
0.10784	0.07165	0.06897
0.07059	0.0226	0.00619
0.2	0.13909	0.18182
0.11458	0.05664	0.07371
0.32237	0.18935	0.18608
0.14961	0.09043	0.08872
0.08434	0.0346	0.02596
0.06557	0.04496	0.05679
0.11957	0.11396	0.08296
0.02581	0.00625	0.00223
0.2093	0.0805	0.08535
0.35088	0.17495	0.26203
0.09091	0.0834	0.0625
0.24	0.18518	0.19912
0.22772	0.1562	0.14353
0.32051	0.27482	0.28208
0.29907	0.16917	0.14597
0.26316	0.24732	0.25806
0.08397	0.0388	0.02689
0.33333	0.27226	0.2709
0.01493	0.00506	0.0
0.06452	0.01329	0.00539
0.13115	0.12031	0.11765
0.13793	0.08902	0.09185
0.1358	0.08146	0.07098
0.02586	0.01363	0.00156
0.42857	0.33372	0.3665
0.50847	0.24585	0.18603
0.15385	0.10281	0.1
0.45882	0.32867	0.33528
0.04615	0.03598	0.02857
0.0241	0.00817	0.0
0.01786	0.01786	0.01587
0.09412	0.08349	0.04462
0.144	0.07499	0.06317
0.1129	0.07468	0.05882
0.16438	0.13588	0.13862
0.11712	0.09532	0.10753
0.25806	0.13185	0.09143
0.2439	0.18668	0.22306
0.13402	0.05439	0.05302
0.06742	0.03335	0.02174
0.33684	0.22378	0.20966
0.30392	0.27926	0.29142
0.02878	0.01173	0.00259
0.10909	0.05485	0.03657
0.30935	0.22072	0.24653
0.0	0.0	0.0
0.26744	0.17464	0.12267
0.02941	0.01969	0.025
0.2	0.17439	0.18996
0.28378	0.1132	0.07628
0.18681	0.18681	0.1875
0.19118	0.12715	0.14433
0.06024	0.04936	0.02334
0.39394	0.24491	0.21136
0.14286	0.08756	0.14474
0.05319	0.04221	0.03696
0.18935	0.15376	0.15991
0.10526	0.06396	0.07077
0.17544	0.09537	0.09773
0.0614	0.0286	0.02552
0.22549	0.12132	0.11463
0.12857	0.0703	0.06094
0.24638	0.19214	0.16478
0.04673	0.02458	0.0339
0.05102	0.03719	0.02461
0.08642	0.03905	0.02488
0.47253	0.31726	0.35217
0.13043	0.09574	0.08544
0.33333	0.25505	0.26155
0.54717	0.30866	0.29773
0.05263	0.04605	0.04463
0.30612	0.27455	0.27265
0.10101	0.0764	0.05452
0.125	0.08816	0.09719
0.12414	0.10823	0.11684
0.15094	0.10957	0.13186
0.03279	0.02539	0.02954
0.3662	0.23925	0.26046
0.02581	0.00625	0.00223
0.08696	0.07609	0.05579
0.11607	0.06597	0.07545
0.20979	0.13931	0.11669
0.22222	0.20789	0.19643
0.04878	0.02282	0.00644
0.41346	0.37794	0.37123
0.0	0.0	0.0
0.17037	0.11207	0.09436
0.15315	0.09519	0.09973
0.36047	0.28509	0.28598
0.0566	0.03425	0.01926
0.1413	0.10836	0.12702
0.11111	0.06543	0.03657
0.23457	0.12646	0.09363
0.35714	0.2853	0.28032
0.03846	0.00683	0.00677
0.10417	0.0501	0.07758
0.07609	0.03034	0.03227
0.27891	0.26476	0.24193
0.39241	0.303	0.28504
0.07447	0.01445	0.0
0.46154	0.36138	0.32779
0.33333	0.26295	0.26055
0.09195	0.04637	0.02531
0.42857	0.35608	0.37439
0.11321	0.09358	0.09002
0.07692	0.04273	0.01961
0.0122	0.00237	0.0
0.30645	0.26744	0.28047
0.28302	0.26781	0.27586
0.30303	0.217	0.21864
0.216	0.16944	0.15276
0.22619	0.15188	0.17284
0.0875	0.05606	0.02869
0.23529	0.16629	0.15305
0.02899	0.0208	0.01208
0.10465	0.04597	0.06808
0.12644	0.06249	0.06263
0.21176	0.20342	0.20617
0.23478	0.1871	0.18714
0.23636	0.1584	0.14877
0.45	0.31138	0.28666
0.26389	0.162	0.1621
0.12621	0.10336	0.13038
0.1619	0.1123	0.09228
0.16129	0.09003	0.07306
0.01429	0.00277	0.0
0.03478	0.02076	0.01587
0.19463	0.12138	0.08517
0.15094	0.06288	0.04617
0.16794	0.07834	0.05765
0.21667	0.09197	0.04787
0.04255	0.00721	0.0
0.26087	0.13094	0.13287
0.28916	0.1302	0.15
0.03226	0.03226	0.02857
0.08108	0.06189	0.09091
0.41667	0.2709	0.31686
0.36111	0.22136	0.1821
0.07143	0.07143	0.06452
0.0	0.0	0.0
0.2381	0.12681	0.09931
0.0	0.0	0.0
0.05128	0.04342	0.04651
0.0	0.0	0.0
0.23188	0.15361	0.17265
0.01923	0.00187	0.00346
0.1125	0.0597	0.03516
0.13115	0.10313	0.09981
0.73529	0.55294	0.49962
0.06061	0.04912	0.02857
0.31944	0.23993	0.29879
0.29885	0.25289	0.28047
0.40909	0.36365	0.38383
0.27419	0.13792	0.1014
0.25758	0.20774	0.19992
0.19643	0.18462	0.16667
0.28571	0.15595	0.16073
0.08197	0.02752	0.00856
0.11628	0.07653	0.08333
0.63889	0.5	0.54376
0.31148	0.17482	0.19074
0.0	0.0	0.0
0.07955	0.05701	0.07413
0.03077	0.00745	0.0
0.1791	0.16972	0.19203
0.02	0.02	0.03846
0.16456	0.10272	0.09543
0.14516	0.09861	0.06792
0.31313	0.26427	0.2342
0.08475	0.06151	0.05882
0.11765	0.10294	0.1016
0.2807	0.16811	0.17021
0.0	0.0	0.0
0.02381	0.01152	0.02104
0.21008	0.15208	0.15925
0.01923	0.01923	0.0
0.43636	0.34551	0.34858
0.28889	0.13518	0.13552
0.01887	0.01857	0.01669
0.23333	0.15835	0.17051
0.5	0.33018	0.37232
0.74194	0.51506	0.51208
0.1129	0.07624	0.08872
0.07143	0.02652	0.03852
0.12346	0.08783	0.06667
0.32184	0.28125	0.33714
0.07317	0.03149	0.01119
0.18391	0.12663	0.10388
0.33333	0.32362	0.3
0.77273	0.5765	0.53484
0.06542	0.02865	0.0339
0.14062	0.10359	0.05882
0.15517	0.10512	0.12384
0.07018	0.04612	0.04161
0.07843	0.04825	0.05414
0.19231	0.16172	0.16542
0.28261	0.20374	0.19744
0.34653	0.29563	0.33214
0.2	0.1712	0.191
0.11111	0.06243	0.07718
0.07143	0.07143	0.06452
0.125	0.08182	0.07462
0.17188	0.08394	0.09311
0.39394	0.28122	0.27734
3.45455	3.03232	3.02158
0.15	0.0472	0.04452
0.14706	0.07353	0.08738
0.16867	0.07406	0.08927
0.54	0.43614	0.44377
0.1	0.04662	0.03481
0.12281	0.08151	0.07077
0.01613	0.00781	0.01383
0.10526	0.05293	0.03448
0.10227	0.0462	0.02892
0.01587	0.00308	0.0
0.07692	0.05626	0.09539
0.12766	0.09951	0.07407
0.16393	0.12877	0.11797
0.06742	0.02664	0.042
0.12121	0.08823	0.08913
0.24138	0.17866	0.18383
0.13433	0.06551	0.05736
0.375	0.31319	0.356
0.325	0.31358	0.33269
0.12903	0.07858	0.0
0.21429	0.19263	0.23077
0.39024	0.16727	0.16652
0.06742	0.05654	0.07484
0.2027	0.11573	0.13356
0.19355	0.19355	0.21622
0.2093	0.10956	0.13037
0.10938	0.06728	0.05359
0.56863	0.53069	0.52059
0.36364	0.21668	0.31676
0.07273	0.03665	0.05568
0.17978	0.11998	0.1484
0.22523	0.13241	0.13519
0.10465	0.09752	0.08511
0.0396	0.00576	0.00353
0.1	0.047	0.04411
0.3	0.22604	0.21642
0.01316	0.00128	0.00231
0.04348	0.04348	0.03704
0.10811	0.0705	0.0763
0.31034	0.26518	0.2641
0.16667	0.0865	0.1194
0.2029	0.16246	0.13813
0.0	0.0	0.0
0.1125	0.06272	0.05091
0.07353	0.06451	0.02632
0.2907	0.20671	0.21285
0.1875	0.12377	0.12906
0.12245	0.05467	0.04781
0.0	0.0	0.0
0.04255	0.00413	0.00359
0.22368	0.18379	0.17357
0.20339	0.17934	0.1
0.21978	0.16663	0.16194
0.8	0.58536	0.55712
0.23913	0.20617	0.17548
0.16393	0.1383	0.13235
0.15556	0.12724	0.14516
0.08621	0.07759	0.08065
0.02174	0.02174	0.01961
0.24107	0.16104	0.16935
0.4375	0.25475	0.271
0.15625	0.13483	0.11765
0.38356	0.2583	0.32029
0.34524	0.22604	0.1778
0.28767	0.26559	0.29033
0.55844	0.45101	0.42662
0.26923	0.18581	0.17168
0.34426	0.24538	0.25635
0.16667	0.12713	0.13915
0.37391	0.21281	0.17699
0.15306	0.11867	0.12194
0.22414	0.12043	0.11429
0.16667	0.14632	0.12443
0.13235	0.09703	0.07662
0.14744	0.09938	0.08567
0.22449	0.16196	0.17308
0.22772	0.15461	0.14921
0.03947	0.01953	0.02381
0.45946	0.28908	0.30282
0.08772	0.05491	0.05465
0.53086	0.47532	0.50843
0.09375	0.07998	0.06631
0.18519	0.10428	0.09234
0.06897	0.05672	0.0303
0.31667	0.1718	0.19264
0.22549	0.18944	0.1941
0.2375	0.14901	0.13365
0.08955	0.033	0.02039
0.10976	0.09304	0.09302
0.21053	0.13691	0.14591
0.16667	0.14247	0.14883
0.34831	0.23778	0.24826
0.04	0.02796	0.025
0.0	0.0	0.0
0.35417	0.27423	0.24584
0.13158	0.10633	0.10252
0.0	0.0	0.0
0.55238	0.42813	0.37815
0.34286	0.29426	0.30485
0.16393	0.10063	0.07634
0.02857	0.00462	0.00485
0.0	0.0	0.0
0.1125	0.06594	0.06571
0.23529	0.13115	0.14449
0.25301	0.20504	0.18053
0.11458	0.09929	0.09615
0.19048	0.09719	0.07224
0.40816	0.27392	0.24006
0.45283	0.33813	0.36703
0.27711	0.21824	0.21828
0.10938	0.07234	0.05668
0.09302	0.03791	0.04986
0.0	0.0	0.0
0.18421	0.08197	0.0194
0.03774	0.01675	0.01754
0.06731	0.06095	0.07018
0.18519	0.12726	0.11754
0.18333	0.12045	0.09025
0.13095	0.13095	0.14583
0.49383	0.42195	0.36912
0.34615	0.24942	0.22414
0.02222	0.0086	0.0
0.17308	0.14114	0.14805
0.18841	0.15475	0.15633
0.09184	0.07521	0.0716
0.1087	0.08048	0.07604
0.15385	0.12587	0.09559
0.01835	0.01139	0.0
0.23256	0.1763	0.16667
0.17241	0.10847	0.1301
0.38889	0.37635	0.38462
0.07843	0.07843	0.07407
0.04762	0.0432	0.03324
0.11594	0.05214	0.06029
0.21429	0.18261	0.1875
0.125	0.07246	0.07738
0.08929	0.07748	0.06667
0.26471	0.26471	0.23684
0.14894	0.11978	0.12029
0.08209	0.03613	0.02557
0.18182	0.1122	0.09679
0.20779	0.20612	0.21291
0.1157	0.04721	0.03618
0.52459	0.33954	0.26736
0.32727	0.17598	0.19045
0.1875	0.17271	0.16667
0.17949	0.15013	0.15778
0.13235	0.06772	0.06071
0.6	0.52173	0.50629
0.13333	0.05192	0.045
0.1129	0.08015	0.08526
0.15385	0.14095	0.16415
0.17978	0.13665	0.15217
0.13433	0.04096	0.04797
0.08333	0.03586	0.03489
0.25714	0.06089	0.02425
0.21053	0.19807	0.1875
0.23729	0.09437	0.07212
0.14286	0.07123	0.07595
0.2875	0.15385	0.10324
0.71739	0.53928	0.50538
0.08772	0.08192	0.08197
0.25581	0.18081	0.17071
0.30508	0.30508	0.3125
0.07059	0.05275	0.04167
0.18605	0.11142	0.13712
0.08247	0.04141	0.03813
0.40741	0.27604	0.2445
0.30986	0.29873	0.29678
0.0	0.0	0.0
0.19388	0.13413	0.12433
0.14286	0.12271	0.07462
0.82051	0.54205	0.50009
0.0411	0.00664	0.0071
0.33962	0.21213	0.25457
0.57576	0.45215	0.45522
0.16484	0.14588	0.14904
0.12963	0.11291	0.10714
0.33696	0.23703	0.23994
0.05556	0.04458	0.02292
0.0	0.0	0.0
0.33929	0.20711	0.19306
0.1375	0.08369	0.09528
0.29412	0.21466	0.20311
0.11628	0.05215	0.0584
0.0989	0.03546	0.02563
0.33333	0.276	0.26658
0.31707	0.22423	0.25948
0.0	0.0	0.0
0.34286	0.20926	0.21295
0.21311	0.11926	0.12725
0.35294	0.22443	0.20474
0.23256	0.13358	0.11629
0.30303	0.23071	0.23244
0.07595	0.07595	0.07317
0.45455	0.27607	0.26776
0.256	0.19344	0.22224
0.14815	0.11072	0.1052
0.07229	0.02489	0.00413
0.06316	0.04279	0.03074
0.47742	0.4121	0.39954
0.17647	0.11135	0.11754
0.03279	0.03279	0.02778
0.05882	0.01282	0.00462
0.45679	0.38673	0.3752
0.0	0.0	0.0
0.46667	0.31267	0.30979
0.14085	0.08315	0.07156
0.2459	0.13966	0.11733
0.20238	0.14865	0.09277
0.15385	0.09245	0.08351
0.18367	0.1159	0.08485
0.15888	0.09334	0.12193
0.38095	0.26937	0.27224
0.70588	0.48585	0.44243
0.14286	0.11124	0.06164
0.34568	0.33453	0.3282
0.32558	0.28547	0.27772
0.26829	0.11376	0.10365
0.17172	0.10478	0.1138
0.1157	0.06133	0.0465
0.09677	0.02865	0.03411
0.02041	0.01711	0.01188
0.16667	0.11877	0.11438
0.03529	0.01424	0.011
0.1125	0.0597	0.03516
0.15686	0.12008	0.10933
0.21277	0.21277	0.18519
0.23077	0.15936	0.20178
0.27119	0.20751	0.21372
0.17143	0.04611	0.02307
0.21053	0.17192	0.1597
0.18987	0.10761	0.08378
0.18182	0.14689	0.138
0.3038	0.21397	0.18992
0.2069	0.10319	0.10923
0.49333	0.4314	0.42212
0.27368	0.25382	0.2422
0.1831	0.14517	0.13966
1.09524	0.81571	0.89736
0.18627	0.18627	0.17241
0.05376	0.04267	0.01396
0.25	0.25	0.2381
0.17442	0.12229	0.10879
0.29213	0.16676	0.1523
0.14815	0.10952	0.11914
0.03614	0.02643	0.02041
0.04688	0.01589	0.02906
0.5082	0.46167	0.51876
0.7619	0.68052	0.73609
0.02459	0.01348	0.02361
0.23913	0.18128	0.13676
0.08276	0.0733	0.07317
0.05085	0.00822	0.00856
0.11392	0.09065	0.10137
0.08633	0.08633	0.10256
0.13483	0.08899	0.12968
0.08333	0.05377	0.06531
0.33333	0.30329	0.31856
0.05263	0.02145	0.02612
0.22222	0.14856	0.17533
0.02597	0.02597	0.02381
0.15385	0.14696	0.13235
0.22772	0.17936	0.16716
0.0	0.0	0.0
0.34524	0.27726	0.30643
0.22549	0.16937	0.17205
0.08527	0.0454	0.05501
0.09211	0.05222	0.04762
0.31646	0.21439	0.19567
0.13077	0.07185	0.05064
0.10227	0.09751	0.08535
0.06944	0.04278	0.06789
0.25185	0.18926	0.22362
0.15385	0.07674	0.07374
0.3741	0.28615	0.3212
0.13115	0.07247	0.0823
0.08333	0.08495	0.08849
0.06154	0.04988	0.02857
0.09524	0.04818	0.05243
0.67708	0.51014	0.49334
0.08065	0.07311	0.03142
0.20238	0.13405	0.14988
0.26126	0.16801	0.13595
0.81443	0.67498	0.66334
0.07576	0.01176	0.00524
0.05319	0.03707	0.02483
0.22481	0.11906	0.11723
0.40741	0.35841	0.31336
0.08333	0.07347	0.07143
0.27869	0.16739	0.22358
0.12698	0.0809	0.07562
0.24419	0.1514	0.1314
0.28395	0.25469	0.23321
0.1028	0.0475	0.03253
0.14074	0.06465	0.05835
0.17391	0.07997	0.06235
0.16176	0.09099	0.08022
0.17164	0.14938	0.16347
0.13393	0.09521	0.09628
0.16484	0.11433	0.12968
0.11765	0.06749	0.05901
0.5	0.38902	0.37232
0.45455	0.26311	0.2608
0.32353	0.27385	0.28539
0.27957	0.1381	0.10039
0.28713	0.15287	0.13797
0.19512	0.15382	0.17347
0.06742	0.0542	0.0453
0.33333	0.24168	0.24723
0.2268	0.10245	0.08296
0.38372	0.23015	0.20145
0.05882	0.03226	0.02965
0.24324	0.11077	0.11334
0.13793	0.08902	0.09185
0.2125	0.20302	0.24364
0.24096	0.18501	0.22968
0.07216	0.07216	0.05455
0.19178	0.14982	0.13098
0.04348	0.0242	0.03763
0.30233	0.28302	0.27315
0.25397	0.17054	0.16985
0.05556	0.03204	0.02292
0.08943	0.06335	0.0555
0.11029	0.0739	0.06782
0.13699	0.10319	0.10256
0.03896	0.01761	0.01914
0.16667	0.13744	0.17966
0.22093	0.20217	0.19149
0.26471	0.18395	0.16638
0.13433	0.12085	0.15385
0.16867	0.11176	0.08738
0.21429	0.159	0.16691
0.29839	0.25848	0.24787
0.08397	0.04803	0.04925
0.09524	0.04015	0.01412
0.18605	0.10014	0.0516
0.19403	0.14278	0.16223
0.2807	0.17914	0.13833
0.26761	0.20266	0.19315
0.15493	0.1061	0.10466
0.38462	0.30831	0.32519
0.16	0.14172	0.14286
0.17857	0.16898	0.16667
0.09474	0.06299	0.0496
0.10976	0.09304	0.09302
0.23404	0.15685	0.17287
0.45062	0.31614	0.33944
0.15238	0.10508	0.09132
0.26316	0.22861	0.24344
0.20833	0.16801	0.20098
0.23881	0.20558	0.24863
0.06742	0.03842	0.06806
0.15108	0.12602	0.12543
0.5	0.46372	0.46411
0.09821	0.05013	0.04319
0.52542	0.36197	0.29941
0.17722	0.10965	0.09678
0.32857	0.19287	0.17822
0.29688	0.13237	0.13369
0.15385	0.10369	0.09292
0.17722	0.16762	0.17391
0.0	0.0	0.0
0.5	0.29539	0.34441
0.25833	0.19087	0.19524
0.01639	0.00556	0.0
0.05556	0.01167	0.00606
0.13	0.09244	0.07213
0.29032	0.21715	0.19023
0.09091	0.02543	0.01645
0.23529	0.12584	0.13106
0.14815	0.08485	0.06856
0.08081	0.05344	0.05905
0.25352	0.18697	0.19907
0.15942	0.15942	0.15385
0.14444	0.14444	0.14286
0.16239	0.1041	0.12855
0.1087	0.07725	0.09045
0.12195	0.07516	0.06404
0.34783	0.22008	0.19798
0.1625	0.1504	0.13404
0.2069	0.11947	0.12304
0.03623	0.01052	0.00588
0.19643	0.12934	0.14338
0.23529	0.1409	0.1685
0.10714	0.07775	0.10281
0.09278	0.0474	0.04091
0.12977	0.05063	0.03916
0.07547	0.01554	0.00968
0.09709	0.08832	0.10162
0.12941	0.07213	0.07058
0.47115	0.29567	0.25167
0.16	0.09487	0.07261
0.11111	0.05849	0.04226
0.50495	0.34833	0.3051
0.03797	0.02696	0.02043
0.14583	0.04608	0.01672
0.25581	0.19073	0.2103
0.14286	0.08816	0.0941
0.0	0.0	0.0
0.05769	0.03025	0.045
0.05634	0.02362	0.0165
0.12605	0.08404	0.08508
0.4557	0.3471	0.34609
0.13483	0.09298	0.10356
0.19048	0.09567	0.0594
0.0381	0.03088	0.01639
0.21918	0.16707	0.14671
0.25806	0.18229	0.16687
0.06024	0.05053	0.06
0.63291	0.50796	0.45452
0.20732	0.11099	0.09552
0.12121	0.0472	0.03227
0.01887	0.00366	0.0
0.83562	0.66486	0.65461
0.07955	0.02349	0.0269
0.02326	0.00507	0.0
0.12821	0.08274	0.11504
0.09211	0.06378	0.04877
0.25	0.1767	0.17329
0.05435	0.04559	0.03922
0.01923	0.01923	0.03571
0.32468	0.24531	0.25137
0.02469	0.01593	0.0
0.20833	0.12838	0.08525
0.11111	0.06911	0.07957
0.43548	0.21494	0.24324
0.2125	0.15102	0.12974
0.37	0.25358	0.23902
0.0241	0.01322	0.02438
0.18987	0.18987	0.2
0.04511	0.02729	0.01592
0.19643	0.14343	0.13606
0.21538	0.15858	0.17406
0.0339	0.01395	0.01561
0.20388	0.14157	0.11914
0.02469	0.01534	0.01451
0.0	0.0	0.0
0.21875	0.15375	0.18788
0.26667	0.21313	0.22227
0.15	0.11235	0.12668
0.00971	0.01316	0.02336
0.17241	0.10569	0.08309
0.06173	0.05954	0.06416
0.26562	0.16786	0.13853
0.175	0.10285	0.11291
0.15217	0.10029	0.10856
0.2037	0.09413	0.06303
0.28409	0.26155	0.32774
0.0122	0.00413	0.0
0.43478	0.40498	0.46415
0.15385	0.03975	0.01732
0.2963	0.2121	0.19287
0.31008	0.19934	0.21038
0.13115	0.0619	0.03797
0.125	0.05677	0.0531
0.0	0.0	0.0
0.11688	0.10516	0.11111
0.58696	0.493	0.48321
0.09231	0.04715	0.03853
0.29524	0.22874	0.21587
0.15238	0.0859	0.10791
0.03371	0.02573	0.02174
0.28333	0.24302	0.24385
0.1157	0.068	0.05694
0.25806	0.1855	0.14038
0.34314	0.32956	0.30729
0.25397	0.15325	0.13878
0.19608	0.1338	0.11912
0.57576	0.4883	0.50486
0.20619	0.14567	0.12609
0.15	0.12159	0.12079
0.31008	0.21871	0.234
0.21311	0.18153	0.1965
0.13636	0.08744	0.12194
0.01562	0.0053	0.0
0.0	0.0	0.0
0.18868	0.1464	0.14247
0.21687	0.12557	0.11087
0.06897	0.01003	0.0097
0.26087	0.17548	0.18298
0.19231	0.07479	0.07896
0.07547	0.03257	0.00334
0.25	0.17433	0.18781
0.19811	0.08114	0.08038
0.24286	0.14541	0.08779
0.18868	0.15917	0.19355
0.0	0.0	0.0
0.31395	0.2318	0.24452
0.12925	0.10666	0.11176
0.12698	0.08656	0.07842
0.02703	0.01977	0.01587
0.18852	0.18852	0.1831
0.1746	0.14159	0.13188
0.01961	0.0019	0.00323
0.23158	0.11191	0.09551
0.10588	0.09753	0.08511
0.14583	0.09948	0.10819
0.1831	0.09521	0.08776
0.2	0.09104	0.07876
0.16667	0.14247	0.14883
0.21698	0.18656	0.20124
0.26786	0.14548	0.13359
0.0	0.0	0.0
0.17241	0.12033	0.11582
0.10811	0.07557	0.06605
0.0	0.0	0.0
0.33333	0.28324	0.30729
0.02941	0.01756	0.0
0.04494	0.04494	0.04
0.13333	0.12491	0.11538
0.21154	0.06581	0.08529
0.18841	0.17812	0.15
0.1875	0.13709	0.09833
0.30303	0.21995	0.213
0.72059	0.47679	0.44833
0.2381	0.11064	0.0594
0.29412	0.23674	0.238
0.40984	0.36964	0.35915
0.08738	0.0556	0.03616
0.19737	0.15961	0.15617
0.36364	0.23098	0.22087
0.16327	0.1042	0.09968
0.21569	0.13949	0.11061
0.06452	0.01329	0.00831
0.25352	0.21992	0.20163
0.31884	0.25457	0.25721
0.01887	0.01857	0.01669
0.03846	0.01365	0.01209
0.18367	0.18367	0.14286
0.27059	0.20988	0.17436
0.19424	0.16199	0.18197
0.30769	0.2611	0.25098
0.08904	0.05492	0.04399
0.15517	0.10222	0.13049
0.23333	0.10355	0.10512
0.25	0.17686	0.18533
0.16867	0.12419	0.11161
0.42222	0.32118	0.25992
0.09722	0.08468	0.07692
0.23864	0.15343	0.14188
0.16854	0.15315	0.14616
0.05	0.05	0.02326
0.01266	0.00306	0.0
0.10169	0.07985	0.05376
0.58333	0.56251	0.55263
0.0339	0.0339	0.0303
0.20652	0.13903	0.14484
0.13953	0.09267	0.09208
0.20833	0.10892	0.06849
0.16071	0.0749	0.07144
0.36585	0.214	0.24592
0.24752	0.16276	0.14964
0.2	0.09008	0.07637
0.37349	0.24431	0.24018
0.42029	0.31067	0.29882
0.32759	0.31369	0.28317
0.30435	0.28448	0.3383
0.28814	0.17827	0.14066
0.22472	0.08487	0.09781
0.35938	0.33972	0.34391
0.03061	0.00742	0.0
0.01667	0.01128	0.02052
0.01163	0.01163	0.0
0.18605	0.14107	0.1415
0.05263	0.0314	0.05774
0.19853	0.15573	0.14064
0.20968	0.17145	0.14428
0.11321	0.07852	0.07415
0.52	0.3913	0.4576
0.35821	0.26507	0.26332
0.38889	0.36783	0.33333
0.15278	0.10015	0.09431
0.24561	0.17433	0.1656
0.29688	0.23489	0.27088
0.16	0.13484	0.12367
0.36364	0.32067	0.33598
0.30986	0.24921	0.22541
0.18519	0.10477	0.0724
0.35135	0.35135	0.35
0.26829	0.10432	0.11229
0.15	0.08628	0.08723
0.25	0.19082	0.16054
0.13402	0.1267	0.10909
0.14433	0.04809	0.02602
0.17986	0.14123	0.13839
0.08108	0.06189	0.09091
0.36	0.31721	0.32912
0.01923	0.00187	0.00346
0.18367	0.1682	0.16774
0.0303	0.02456	0.02817
0.13402	0.05439	0.05302
0.04706	0.03814	0.02083
0.02597	0.01613	0.0
0.03061	0.01317	0.0207
0.51351	0.41546	0.475
0.12245	0.09612	0.108
0.35556	0.24807	0.3194
0.18367	0.18367	0.22222
0.32558	0.2806	0.25688
0.29545	0.24159	0.27273
0.14583	0.1324	0.15288
0.24658	0.18253	0.18321
0.25225	0.20389	0.17948
0.08065	0.0428	0.02793
0.10769	0.05038	0.06757
0.07752	0.05451	0.05368
0.22222	0.17444	0.21904
