0.2	0.1762	0.16438
0.11475	0.10734	0.07692
0.31579	0.30216	0.39164
0.12346	0.14098	0.08871
0.0	0.0	0.0
0.31579	0.27163	0.27879
0.25	0.25805	0.2
0.35714	0.42857	0.41929
0.15385	0.19231	0.17647
0.21739	0.19466	0.1776
0.22807	0.20088	0.11558
0.1	0.1	0.0
0.15385	0.15135	0.04762
0.17857	0.19986	0.11722
0.2037	0.201	0.17696
0.09836	0.10944	0.07938
0.0625	0.0625	0.06452
0.17526	0.1942	0.14083
0.25	0.21683	0.13032
0.6875	0.58262	0.38709
0.71795	0.80308	0.80124
0.29193	0.30234	0.27495
0.27778	0.25769	0.15348
0.23684	0.25042	0.13523
0.41379	0.4149	0.3
0.22549	0.22659	0.19059
0.29	0.27192	0.1788
0.58974	0.61782	0.71352
0.30147	0.34629	0.30509
0.08	0.08128	0.03261
0.73333	0.73333	0.7
0.11594	0.10799	0.04909
0.2619	0.29876	0.16224
0.13208	0.15155	0.112
0.25	0.28515	0.23215
0.31818	0.34724	0.27669
0.59259	0.70489	0.7
0.13376	0.11977	0.08098
1.0	1.016	0.9096
0.05882	0.05882	0.04545
0.39655	0.37597	0.3653
0.1875	0.19488	0.07633
0.025	0.05	0.08333
0.70588	0.70588	0.69083
0.16667	0.17418	0.13787
0.16364	0.15484	0.16667
0.21053	0.21221	0.125
0.40278	0.40769	0.38778
0.10101	0.07917	0.04985
0.19048	0.19048	0.16667
0.0	0.0	0.0
0.58333	0.61127	0.55886
0.17647	0.14703	0.10617
0.18033	0.21839	0.15263
0.3	0.25913	0.15514
0.54054	0.54141	0.50123
0.27778	0.23235	0.15618
0.25225	0.24323	0.19691
0.13115	0.11184	0.06224
0.0	0.0	0.0
1.0	1.0	1.0
0.18033	0.17397	0.13158
0.13208	0.18502	0.17369
0.54839	0.59103	0.53978
0.20325	0.21714	0.16296
0.07273	0.06393	0.02778
0.22973	0.25957	0.19954
0.16279	0.12677	0.04659
1.0	1.55367	1.4256
0.2037	0.18935	0.13685
0.11207	0.11596	0.08938
0.05	0.03548	0.01911
0.28205	0.29113	0.11662
0.14286	0.14797	0.10036
0.17582	0.17901	0.09043
0.15493	0.16946	0.08579
0.26087	0.22555	0.17044
0.76642	0.78877	0.77765
0.24138	0.28362	0.2161
0.27059	0.27475	0.23454
0.35985	0.33453	0.27824
0.28333	0.2817	0.28887
0.10577	0.09956	0.05171
0.44444	0.48022	0.086
0.10127	0.10494	0.078
0.11321	0.11381	0.10526
0.58824	0.59012	0.48128
0.2093	0.20028	0.17238
0.13043	0.1122	0.09677
0.42857	0.44929	0.1516
0.425	0.425	0.41379
0.22892	0.23007	0.18767
0.42857	0.42857	0.33333
0.2963	0.29389	0.34714
0.1	0.15	0.125
0.33333	0.30644	0.16418
0.125	0.15725	0.14286
0.33333	0.34994	0.21505
0.10526	0.10695	0.07692
0.28571	0.28571	0.25
0.24528	0.2757	0.22776
0.25	0.26158	0.256
0.34921	0.3461	0.31333
0.21739	0.21739	0.125
0.15686	0.1461	0.06769
0.17544	0.19751	0.20141
0.20833	0.21678	0.14472
0.45161	0.45161	0.5
0.46341	0.42327	0.35483
0.17361	0.17764	0.1488
0.21053	0.18674	0.27292
0.09091	0.09091	0.05556
0.22222	0.22025	0.16178
0.16993	0.17689	0.125
0.0	0.0	0.0
0.26316	0.26484	0.31015
0.1087	0.09011	0.02908
0.02679	0.02736	0.0125
0.10606	0.10312	0.06977
0.41538	0.40246	0.36557
0.32353	0.31024	0.2305
0.44444	0.47311	0.37633
0.2963	0.2963	0.30303
0.13821	0.13479	0.08273
0.43478	0.48104	0.36364
0.0	0.0	0.0
0.33333	0.28405	0.1588
0.26316	0.26484	0.23077
0.25424	0.21485	0.16553
0.41611	0.45374	0.40798
0.16949	0.20664	0.16577
0.21429	0.21429	0.22222
0.37931	0.37906	0.29601
0.59259	0.62963	0.61905
0.5	0.51264	0.47624
0.42857	0.43736	0.38298
0.19231	0.19231	0.23529
0.0	0.0	0.0
0.175	0.1629	0.1
0.29474	0.30626	0.23849
0.49505	0.49537	0.45902
0.33981	0.39648	0.33663
0.28718	0.31296	0.22033
0.85714	0.50686	0.4435
0.0303	0.0303	0.02174
0.45455	0.434	0.32257
0.21053	0.18674	0.25114
0.07843	0.08094	0.0
0.53846	0.54092	0.5
0.38462	0.39867	0.308
1.0	1.0	1.0
0.54348	0.50065	0.33624
0.03571	0.02764	0.03686
0.18692	0.21433	0.14491
0.38182	0.40055	0.39537
0.29323	0.29079	0.16883
0.46667	0.4322	0.5193
0.58696	0.58761	0.51386
0.21552	0.22497	0.15429
0.125	0.11693	0.08571
0.22222	0.24516	0.16129
0.15152	0.1779	0.16069
0.33333	0.3773	0.29244
0.11628	0.09001	0.04414
0.2381	0.2381	0.26667
0.16279	0.14102	0.126
0.52778	0.55556	0.52381
0.13889	0.13261	0.125
0.26389	0.27597	0.21
0.1828	0.16786	0.11178
0.14754	0.14648	0.10465
0.5	0.5	0.4
0.33898	0.31327	0.27495
0.05263	0.05263	0.07692
0.0	0.0	0.0
0.27273	0.31	0.26109
0.31169	0.33556	0.26081
0.28205	0.26631	0.2995
0.21053	0.21333	0.12195
0.02381	0.02381	0.0
0.0	0.0	0.0
0.3	0.32964	0.23516
0.31111	0.324	0.18
0.15517	0.16601	0.14815
0.03846	0.03846	0.0
0.2	0.2	0.21429
0.24561	0.22747	0.13454
0.29213	0.24935	0.20447
0.26623	0.21929	0.1572
0.21605	0.22659	0.1761
0.15068	0.15068	0.08511
0.58824	0.69629	0.6515
0.0	0.0	0.0
0.27586	0.22634	0.18505
0.22378	0.21226	0.19056
0.69231	0.69231	0.77778
0.22222	0.42289	0.40086
0.17391	0.21878	0.1875
0.48276	0.46048	0.35482
0.32593	0.30321	0.24017
0.0	0.0	0.0
0.30769	0.30769	0.25
0.12766	0.1297	0.05053
0.14286	0.14438	0.07143
0.40741	0.37274	0.21975
0.26901	0.26729	0.22092
0.20588	0.18594	0.11096
0.30645	0.32515	0.31234
0.29762	0.31873	0.21265
0.28261	0.22509	0.1603
0.1659	0.17124	0.08209
0.2	0.2	0.2
0.16154	0.18212	0.10989
0.23913	0.28961	0.19756
0.11905	0.11981	0.06667
0.07071	0.07103	0.04545
0.24	0.24384	0.16129
0.0	0.0	0.0
0.45455	0.47209	0.20271
0.18966	0.18131	0.14516
0.25926	0.25926	0.27778
0.27273	0.27273	0.23333
0.5	0.52345	0.362
0.2381	0.24629	0.20314
0.16667	0.16667	0.0
0.13636	0.13636	0.09091
0.2236	0.24102	0.20921
0.104	0.10426	0.05814
0.37931	0.35038	0.3
0.02941	0.02941	0.03704
0.32394	0.34983	0.25147
0.04167	0.043	0.0
0.0	0.0	0.0
0.03448	0.06228	0.0
0.15842	0.14372	0.12676
0.13889	0.1586	0.13804
0.17647	0.16739	0.1129
0.07042	0.08496	0.04
0.05263	0.05263	0.09091
0.12903	0.1259	0.1
0.29139	0.28711	0.22867
0.33654	0.34987	0.25851
0.33333	0.34067	0.29985
0.32143	0.32143	0.22222
0.16456	0.19311	0.09566
0.21429	0.25057	0.28947
0.07317	0.05585	0.04167
0.05455	0.05102	0.0
0.0	0.0	0.0
0.5	0.502	0.52686
0.26829	0.31666	0.2061
0.38596	0.35142	0.24423
0.26316	0.25805	0.20736
0.0	0.0	0.0
0.35417	0.32858	0.2081
0.15789	0.18267	0.14013
0.18182	0.18376	0.12061
0.28333	0.27848	0.19779
0.25974	0.26057	0.21345
0.21569	0.21441	0.19924
0.05357	0.03629	0.02995
0.26087	0.34783	0.375
0.33333	0.30967	0.17155
0.29697	0.30752	0.26702
0.10588	0.10626	0.04813
0.16883	0.18055	0.10012
0.44444	0.46356	0.46154
0.13978	0.14116	0.08797
0.19767	0.21755	0.14032
0.5	0.55521	0.4741
0.16352	0.16677	0.13037
0.0	0.0	0.0
0.10526	0.10863	0.0
0.14894	0.15304	0.17203
0.24	0.23352	0.18024
0.52	0.56	0.5
0.3	0.325	0.34407
0.125	0.18344	0.16125
0.13861	0.15777	0.13008
0.0	0.0	0.0
0.33333	0.45333	0.31754
1.0	0.86378	0.87633
0.34211	0.3845	0.36315
0.32558	0.37133	0.33496
0.14943	0.19501	0.2161
0.21569	0.22959	0.26391
0.21154	0.1681	0.09932
0.0	0.0	0.0
0.13333	0.16057	0.13762
0.06452	0.06555	0.04348
0.16667	0.17773	0.13032
0.22727	0.217	0.09856
0.44444	0.4301	0.32117
0.25	0.1895	0.25267
0.6875	0.68544	0.6895
0.96552	0.94883	0.95455
0.21875	0.21522	0.19355
0.5	0.5	1.0
0.38095	0.39476	0.32754
0.12121	0.08503	0.06891
1.0	1.0741	0.88929
0.23	0.22515	0.15894
0.10345	0.10455	0.0
0.33333	0.36888	0.23402
0.18182	0.18255	0.10714
0.03704	0.03704	0.0
0.0	0.0	0.0
0.04167	0.03225	0.01518
0.47826	0.45578	0.37847
1.0	1.0	1.0
0.24561	0.23484	0.14872
1.0	1.0	1.0
0.17213	0.19195	0.12791
0.16822	0.19204	0.17383
0.10465	0.12058	0.09794
0.22024	0.19564	0.15599
0.0	0.0	0.0
0.43902	0.50744	0.347
0.39394	0.30985	0.17316
0.54167	0.51608	0.31
0.83333	0.83333	1.0
0.0	0.0	0.0
0.15894	0.16641	0.1129
0.07534	0.08285	0.04747
0.0	0.0	0.0
0.15625	0.12147	0.11736
0.21469	0.19555	0.16393
0.05556	0.05556	0.02778
0.36364	0.42518	0.33462
0.25	0.21696	0.17914
0.14286	0.10368	0.073
0.2	0.2129	0.17647
0.18519	0.21624	0.25466
0.46667	0.51827	0.33718
0.20833	0.20496	0.1301
0.19697	0.20036	0.1274
0.0	0.0	0.0
0.54412	0.54506	0.52478
0.2	0.19837	0.14491
0.3375	0.39838	0.3542
0.0916	0.09849	0.03082
0.35	0.3516	0.288
2.5	2.129	4.0
0.55172	0.51945	0.43189
0.25714	0.29674	0.30345
0.13793	0.13124	0.05942
0.33333	0.308	0.26429
0.31429	0.28109	0.23224
0.33333	0.41667	0.48276
0.3913	0.45532	0.39446
0.19697	0.19403	0.12329
0.47619	0.44644	0.46807
0.10959	0.1171	0.09464
0.62162	0.58586	0.52867
0.10753	0.12972	0.09625
0.52381	0.53531	0.47765
0.30769	0.27915	0.17147
0.08696	0.17391	0.16667
0.10204	0.09808	0.07387
0.18182	0.19645	0.13326
0.35714	0.28742	0.26162
0.2043	0.24071	0.20197
0.05556	0.05733	0.07371
0.16071	0.15321	0.07317
0.45455	0.52782	0.33333
0.20588	0.1864	0.09533
0.26923	0.28781	0.34121
0.05128	0.03969	0.01843
0.22472	0.21274	0.15537
0.22619	0.2258	0.14217
0.22059	0.21465	0.15123
0.28723	0.28068	0.2273
0.84615	0.84615	0.88235
0.09375	0.09475	0.09676
0.4	0.37297	0.35543
0.13386	0.14375	0.09115
0.21053	0.22495	0.12096
0.85714	0.82943	0.766
0.27273	0.25364	0.10829
0.11111	0.14872	0.17416
0.04878	0.07317	0.0303
0.24	0.33032	0.25
0.18182	0.19941	0.12121
0.07407	0.07407	0.0
0.13043	0.14374	0.10848
0.26316	0.28521	0.24192
0.26667	0.20213	0.18473
0.16667	0.1821	0.15697
0.22222	0.25089	0.10829
0.25	0.23476	0.15313
0.125	0.12633	0.05882
0.2	0.2	0.0
0.28571	0.27071	0.09106
0.26147	0.27166	0.21688
0.42857	0.49932	0.44883
0.14173	0.14451	0.08639
0.0625	0.0625	0.09091
0.5	0.60744	0.50258
0.05714	0.07189	0.06591
0.21591	0.24192	0.18369
0.25806	0.22684	0.18505
0.14545	0.195	0.1351
0.0	0.0	0.0
0.29268	0.29765	0.25767
0.14423	0.14825	0.07556
0.2069	0.20576	0.22271
0.26027	0.24479	0.17742
0.21429	0.20582	0.14396
0.12931	0.12541	0.09055
0.17544	0.19467	0.09091
0.2619	0.23424	0.15254
0.07692	0.09677	0.08918
0.16327	0.22449	0.15152
0.0	0.0	0.0
0.0	0.0	0.0
0.51724	0.48048	0.36125
0.01408	0.01408	0.0
0.07895	0.07937	0.04082
0.27907	0.25879	0.13022
1.33333	1.53595	1.46529
0.32609	0.32186	0.30587
0.18868	0.17526	0.1198
0.18182	0.17155	0.08986
0.11628	0.12902	0.07721
0.14286	0.19048	0.21429
0.13534	0.13557	0.15262
0.20833	0.24125	0.17188
0.625	0.5685	0.20967
0.07895	0.07958	0.02857
0.33333	0.38238	0.33107
0.25	0.28225	0.2
0.29091	0.29149	0.26667
0.26316	0.31747	0.1
0.13158	0.14642	0.12064
0.19355	0.22198	0.132
0.25225	0.25659	0.19834
0.22378	0.20955	0.17797
0.1746	0.17511	0.13333
0.37931	0.44828	0.30822
0.2	0.2	0.28571
0.31061	0.30204	0.26494
0.04286	0.05391	0.01887
0.33333	0.35196	0.29353
0.5	0.5	0.5
0.22727	0.27564	0.125
0.41667	0.52683	0.3322
0.1129	0.09052	0.05626
0.18182	0.18327	0.06667
0.15385	0.17451	0.18362
0.13453	0.12729	0.08011
0.15909	0.15346	0.09809
0.5	1.0	2.0
0.0	0.0	0.0
0.24648	0.25828	0.18267
0.14286	0.11611	0.0
0.5	0.4322	0.59133
0.25556	0.28637	0.19568
0.30769	0.25308	0.129
0.31579	0.36842	0.27093
0.36792	0.40657	0.39162
0.07407	0.05674	0.0
0.04348	0.04487	0.06071
0.3617	0.37574	0.23991
0.12121	0.13733	0.0576
0.19259	0.19736	0.07444
0.27586	0.27586	0.19048
0.14286	0.14286	0.14035
0.13333	0.13198	0.12284
0.62121	0.58503	0.47335
0.18033	0.19036	0.14556
0.25926	0.29985	0.28876
0.1768	0.19246	0.18124
0.24	0.21096	0.148
0.27778	0.24997	0.21908
0.57143	0.61286	0.458
0.47368	0.54326	0.52683
0.2	0.21772	0.1174
0.43243	0.41322	0.43545
0.0566	0.04747	0.02857
0.07143	0.07143	0.04762
0.2439	0.24232	0.10669
0.15476	0.1371	0.10979
0.17391	0.16548	0.17338
0.09375	0.09475	0.04691
0.20588	0.20588	0.15789
0.53333	0.673	0.645
0.18947	0.23225	0.22436
0.2	0.20274	0.05
0.25	0.23117	0.16812
0.10909	0.11025	0.05
0.06806	0.07448	0.08954
0.13043	0.13813	0.06939
0.17045	0.19134	0.14689
0.10294	0.09962	0.06766
0.15865	0.16563	0.13379
0.06504	0.0653	0.05208
0.22222	0.23533	0.16987
0.23529	0.24951	0.12191
0.36508	0.3676	0.31863
0.35514	0.36869	0.25901
0.17822	0.1303	0.094
0.13095	0.1225	0.08064
0.2517	0.28307	0.20829
0.14019	0.15012	0.0811
0.11111	0.11111	0.0
0.14729	0.14878	0.11147
0.22222	0.22222	0.14286
0.18605	0.2093	0.16307
0.12121	0.12817	0.07508
0.17241	0.14793	0.06989
0.13684	0.15517	0.14013
0.21429	0.20274	0.09781
0.11321	0.10468	0.12633
0.33333	0.34816	0.22659
0.12245	0.11059	0.09375
0.75	0.70967	0.3
0.25455	0.28211	0.20878
0.44681	0.55589	0.47523
0.27778	0.27778	0.29167
0.07353	0.08871	0.07051
0.15909	0.17008	0.13668
0.22148	0.21475	0.1526
0.0	0.0	0.0
0.22917	0.23117	0.13685
0.07143	0.06969	0.05926
0.23684	0.22495	0.25062
0.31915	0.32119	0.22684
0.77778	0.80644	0.8
0.33333	0.32133	0.23138
0.51852	0.59259	0.6
0.11111	0.11289	0.0
0.42857	0.42164	0.3
0.08571	0.11429	0.08333
0.27143	0.241	0.19616
0.28125	0.26208	0.21174
0.75	0.75	0.5
0.56436	0.57392	0.49476
0.4	0.4	0.33333
0.17857	0.1864	0.15338
0.14286	0.14536	0.10793
0.36842	0.28521	0.2172
0.125	0.126	0.04545
0.18072	0.17682	0.14181
0.275	0.26975	0.15032
0.09756	0.12273	0.1123
0.48387	0.44116	0.42086
0.25641	0.24895	0.18485
0.34507	0.32961	0.25068
0.15306	0.17412	0.12221
0.33333	0.33333	0.0
0.44737	0.44737	0.48262
0.22581	0.19458	0.192
0.03846	0.03846	0.05263
0.25263	0.26213	0.19302
0.06742	0.06742	0.05
0.15789	0.15958	0.0625
0.22785	0.21394	0.17162
0.21818	0.22873	0.1129
0.21739	0.26504	0.23323
0.14286	0.1586	0.09446
0.0	0.0	0.0
0.1871	0.19541	0.13298
0.22449	0.21459	0.16561
0.19355	0.19355	0.2
0.37209	0.29553	0.14933
0.24138	0.27252	0.19512
0.36585	0.37922	0.3675
0.33333	0.39424	0.33479
0.82353	0.82353	0.78261
0.14286	0.1321	0.12671
0.21818	0.27505	0.17157
0.22222	0.25444	0.215
0.09091	0.12903	0.09236
0.81481	0.88881	0.79431
0.18487	0.16861	0.15195
0.48	0.48128	0.44444
0.12941	0.11764	0.0951
0.25962	0.26363	0.19751
0.33929	0.33929	0.31429
0.43182	0.37755	0.28493
0.27545	0.27563	0.23906
0.22222	0.20142	0.12218
0.17188	0.18698	0.16531
0.01923	0.03846	0.02857
1.6	1.65793	2.03029
0.34507	0.35937	0.28361
0.14286	0.17277	0.04658
0.41975	0.41775	0.36141
0.13235	0.12903	0.11367
0.42105	0.41649	0.29774
0.22727	0.26832	0.17875
0.10309	0.11439	0.03077
0.16327	0.15469	0.08619
0.18072	0.18265	0.15094
0.0	0.0	0.0
1.0	1.058	1.13967
0.15789	0.15789	0.125
0.41667	0.48108	0.53212
0.25	0.25	0.25
0.12069	0.13903	0.10811
0.71429	0.50229	0.75
0.2381	0.28724	0.15385
0.0	0.0	0.0
0.10345	0.12069	0.08889
0.18824	0.18595	0.14925
0.20652	0.21352	0.23372
0.31915	0.36626	0.24313
0.0	0.0	0.0
0.29412	0.40035	0.20043
0.17557	0.18394	0.1409
0.11111	0.10803	0.10502
0.52	0.55224	0.394
0.17886	0.17833	0.15369
0.21978	0.23112	0.16393
0.08333	0.125	0.14286
0.47826	0.43335	0.28082
0.50909	0.47738	0.43544
0.15385	0.16004	0.12524
0.31034	0.29366	0.2973
0.19298	0.13411	0.08805
0.46667	0.4989	0.44444
0.19048	0.08448	0.07862
0.3	0.27633	0.20429
0.275	0.28385	0.24283
0.23223	0.26906	0.18384
0.27273	0.26308	0.21648
0.18605	0.13502	0.13406
2.38462	2.526	2.45962
0.17593	0.19711	0.14923
0.33333	0.3602	0.35821
0.42308	0.38212	0.32937
0.33333	0.491	0.4838
0.13889	0.12156	0.07397
0.9	0.8225	0.801
0.35	0.32847	0.25379
0.2549	0.23653	0.17957
0.26667	0.2172	0.15514
1.0	1.03933	1.059
0.27273	0.37682	0.3516
0.56897	0.56784	0.48288
0.21951	0.19983	0.19233
0.21053	0.23428	0.16756
0.16327	0.15963	0.07862
0.13514	0.14819	0.0489
0.32877	0.3451	0.252
0.11111	0.11111	0.0
0.2451	0.25584	0.16
0.02564	0.02564	0.0
0.20408	0.19486	0.13782
0.21875	0.21722	0.20967
0.15385	0.15385	0.0
0.28986	0.30481	0.28637
0.06667	0.07588	0.0705
0.36842	0.44311	0.28492
0.23913	0.22825	0.15698
0.45455	0.43929	0.40476
0.375	0.37211	0.27079
0.75	0.66125	0.50145
0.15385	0.15385	0.14286
0.13208	0.14058	0.11429
0.77778	0.66844	0.59236
0.28814	0.29578	0.24233
0.35	0.4161	0.38014
0.5	0.672	0.758
0.0	0.0	0.0
0.28571	0.28724	0.14286
0.52	0.52128	0.5
0.12037	0.12185	0.09859
0.57143	0.51379	0.1
0.37681	0.41629	0.34475
0.30579	0.3223	0.24246
0.41667	0.48375	0.59662
0.2	0.17326	0.1
0.1958	0.16985	0.12446
0.27778	0.25089	0.293
0.09524	0.10905	0.08808
0.18627	0.17108	0.12063
0.78378	0.79859	0.86952
0.376	0.376	0.36047
0.26471	0.27988	0.29032
0.27586	0.3259	0.15395
0.33333	0.25533	0.0
0.06711	0.06776	0.03846
0.125	0.1008	0.02915
0.19876	0.19434	0.17708
0.20968	0.21071	0.15385
0.27273	0.23655	0.20527
0.21053	0.26316	0.0625
0.6	0.6	0.83333
0.38983	0.38488	0.33105
0.20714	0.19837	0.12156
0.14085	0.14085	0.09804
0.10345	0.10455	0.1016
0.1	0.1032	0.0
0.09677	0.08635	0.04545
0.18919	0.19057	0.11898
0.06897	0.06979	0.0241
0.14634	0.17073	0.10345
0.225	0.2133	0.1008
0.33333	0.30925	0.24005
0.21875	0.24041	0.25254
0.08197	0.0661	0.04956
0.125	0.11744	0.09462
0.325	0.3524	0.23
0.18182	0.16127	0.16987
0.01923	0.03846	0.02857
0.67347	0.69847	0.63809
0.22	0.29482	0.35392
0.1131	0.12038	0.09043
0.25564	0.26047	0.22095
1.0	0.9032	1.0
0.17647	0.18529	0.12006
0.8125	0.73381	0.59236
0.24138	0.24469	0.19533
0.09302	0.10651	0.11088
0.31373	0.30802	0.23254
0.26708	0.2821	0.1891
0.20513	0.20513	0.20833
0.76923	0.58308	0.529
0.24852	0.2338	0.16596
0.15894	0.17388	0.14088
0.07937	0.07679	0.04444
0.4375	0.46975	0.37938
0.12598	0.13157	0.12265
0.08696	0.10939	0.08918
0.0	0.0	0.0
0.3913	0.38287	0.30844
0.21212	0.13879	0.0645
0.25	0.24443	0.2153
0.66667	0.76333	0.645
0.13333	0.13333	0.0
0.09375	0.126	0.11078
0.13889	0.16844	0.05556
0.14286	0.21657	0.09091
0.29167	0.27688	0.13735
0.13333	0.13591	0.11589
0.16058	0.16576	0.10741
0.14286	0.14743	0.1032
0.23077	0.22238	0.23152
0.23077	0.27046	0.3145
0.2	0.2	0.16667
0.0625	0.0625	0.0
0.15385	0.15385	0.1
0.31579	0.31579	0.30769
0.40816	0.38314	0.35988
0.0974	0.10619	0.06326
0.0	0.0	0.0
0.15385	0.16749	0.07843
0.09804	0.09929	0.06452
0.14286	0.14743	0.0
0.0	0.0	0.0
0.23188	0.23562	0.27083
0.0625	0.0625	0.0
0.2125	0.2231	0.13547
0.0	0.0	0.0
0.31944	0.32436	0.27584
0.30415	0.31573	0.20943
0.07692	0.07938	0.0
0.09091	0.10909	0.05556
0.21429	0.21429	0.11111
0.46154	0.50123	0.4935
0.26471	0.22579	0.09946
0.16	0.16241	0.12299
0.20183	0.19945	0.12128
0.41935	0.37768	0.379
0.21875	0.17336	0.14581
0.25	0.2693	0.20621
0.28571	0.3241	0.23383
0.25862	0.25862	0.19512
0.12069	0.13793	0.09756
0.11712	0.12641	0.09633
0.11818	0.1346	0.10505
0.09434	0.09494	0.09091
0.14286	0.1576	0.08889
0.37143	0.4115	0.3986
0.14286	0.14286	0.0
0.29412	0.32447	0.10829
0.31293	0.37939	0.23697
0.26829	0.26829	0.21429
0.07317	0.05507	0.08333
0.21019	0.21656	0.19266
0.44828	0.48329	0.43292
0.29412	0.29412	0.16667
0.14286	0.14286	0.0
0.25806	0.24833	0.20545
0.42105	0.52461	0.49705
0.36842	0.41932	0.33058
0.18	0.16128	0.12524
0.13372	0.1504	0.092
0.0	0.0	0.0
0.16788	0.15069	0.12158
0.5	0.5	0.2
0.13793	0.12679	0.05942
1.0	1.129	0.8902
0.48193	0.49552	0.44788
0.10738	0.09871	0.06544
0.22642	0.22457	0.11662
0.1	0.10805	0.05676
0.06	0.03032	0.0089
0.09091	0.12121	0.04762
0.24038	0.22579	0.19721
0.22	0.1858	0.13014
0.19277	0.17099	0.10498
0.09434	0.11321	0.07895
0.18421	0.16467	0.07806
0.0	0.0	0.0
0.21698	0.23217	0.14668
0.21505	0.19492	0.18186
0.07643	0.07664	0.05505
0.28723	0.3085	0.29586
0.2	0.24	0.25
0.25843	0.26638	0.18817
0.03125	0.03125	0.04762
0.07692	0.15385	0.11111
0.25	0.23386	0.22684
0.28	0.21288	0.16357
0.33898	0.33131	0.3456
0.08333	0.125	0.05882
0.30233	0.30907	0.31896
0.29412	0.444	0.41345
0.32432	0.39319	0.32877
0.15625	0.23588	0.2274
0.0625	0.0645	0.0
0.10606	0.11436	0.0724
0.13333	0.2	0.08333
0.26316	0.26484	0.2304
0.69565	0.62409	0.38329
0.43902	0.35952	0.26489
0.41228	0.41875	0.38985
0.11364	0.11364	0.08824
0.32468	0.27439	0.23284
0.14634	0.14555	0.09615
0.28571	0.35943	0.2
0.09434	0.08398	0.05976
0.2381	0.27546	0.22029
1.04762	1.21495	1.274
0.21429	0.21429	0.19048
0.0	0.0	0.0
0.11364	0.10264	0.06667
0.16162	0.1629	0.14417
0.14151	0.13662	0.0729
0.23333	0.23653	0.202
0.09091	0.10752	0.02381
0.31579	0.29032	0.20682
0.5	0.50894	0.448
0.22642	0.21969	0.09941
0.01786	0.01843	0.0
0.72414	0.79421	0.85336
0.08955	0.09773	0.04348
0.04545	0.04691	0.07938
0.26471	0.24713	0.17638
0.13158	0.13158	0.10204
0.07273	0.07331	0.02778
0.15556	0.14767	0.13709
0.27778	0.22758	0.14064
0.33476	0.36299	0.32094
0.31148	0.312	0.26267
0.01852	0.01852	0.02778
0.16667	0.16667	0.25
0.20455	0.27418	0.16572
0.46667	0.44513	0.34309
0.77372	0.80124	0.78874
0.09424	0.09643	0.10296
0.15029	0.1555	0.13724
0.64286	0.64971	0.86171
0.46667	0.48923	0.48532
0.16981	0.18928	0.14706
0.1087	0.06661	0.07633
0.08333	0.09921	0.07527
0.30435	0.26787	0.17647
0.20833	0.32392	0.25
0.1	0.09446	0.04348
0.4186	0.38858	0.35731
0.27586	0.27583	0.1774
0.13924	0.12684	0.11587
0.25926	0.27971	0.21699
0.58333	0.54833	0.41553
0.45455	0.45455	0.5
0.18182	0.17155	0.06667
0.26316	0.28689	0.129
0.11881	0.13061	0.11134
0.17751	0.17712	0.13702
0.2807	0.27107	0.15142
0.05263	0.05263	0.06667
0.18966	0.19021	0.17151
0.0625	0.06283	0.05053
0.43478	0.43478	0.5
0.07407	0.0657	0.0303
0.56522	0.5617	0.54213
0.08571	0.0728	0.02064
0.0	0.0	0.0
0.0	0.0	0.0
0.38889	0.37094	0.33333
0.21053	0.21779	0.14138
0.875	0.6935	0.645
0.24138	0.25917	0.11436
0.83942	0.83258	0.80748
0.21212	0.16127	0.0258
0.04	0.04	0.05882
0.2	0.23333	0.18182
0.4	0.3903	0.288
0.10132	0.0962	0.07981
0.225	0.17418	0.1123
0.40909	0.44423	0.37294
0.41935	0.3569	0.19635
0.0	0.0	0.0
0.3	0.2161	0.0
0.09677	0.07284	0.05718
0.09677	0.09781	0.0
0.07143	0.07143	0.0
0.4	0.4516	0.344
0.2973	0.30032	0.24982
0.05479	0.05523	0.01754
0.24242	0.21015	0.09337
0.14085	0.14197	0.08
0.42105	0.49063	0.4435
0.41935	0.39019	0.37019
0.16071	0.15954	0.02778
0.08219	0.06141	0.02246
0.22222	0.21381	0.18332
0.93939	0.93939	0.95
0.33333	0.33746	0.24711
0.19231	0.19231	0.26316
0.09091	0.09382	0.0
0.52174	0.46417	0.39857
0.51786	0.48616	0.39982
0.21667	0.2258	0.15153
0.12632	0.15143	0.12056
0.65517	0.69852	0.65767
0.35714	0.322	0.26316
0.53125	0.55037	0.36095
0.15625	0.17638	0.14073
0.23077	0.21835	0.16667
0.35714	0.37601	0.38093
0.08929	0.0985	0.08177
1.0	1.20092	0.79558
0.275	0.25725	0.23675
0.125	0.0645	0.086
0.28972	0.25412	0.19884
0.5	0.53664	0.54478
0.23529	0.18594	0.07692
0.4375	0.42839	0.40119
0.0137	0.01414	0.0
0.43333	0.44513	0.43968
0.33333	0.29952	0.23271
0.30244	0.30053	0.25112
0.13483	0.12684	0.10053
0.375	0.36423	0.2591
0.21739	0.22226	0.03704
0.8	0.7032	0.66667
0.25	0.31717	0.4
0.31395	0.32294	0.23899
0.52083	0.51342	0.47309
0.14789	0.15901	0.08977
0.11702	0.12181	0.05141
0.31579	0.30389	0.33333
0.10345	0.10345	0.1
0.13924	0.13924	0.08163
0.31579	0.24333	0.12053
0.22581	0.32361	0.21878
0.05714	0.05714	0.03774
0.23333	0.28115	0.19866
0.88889	0.91486	0.57692
0.16049	0.17681	0.10435
0.29577	0.30303	0.19353
0.23558	0.2427	0.23976
0.30088	0.30373	0.26139
0.12195	0.12902	0.1603
0.90244	0.99	0.78111
0.30435	0.30083	0.20362
0.4	0.3274	0.30107
0.16883	0.15856	0.12064
0.30769	0.30769	0.125
0.22449	0.22776	0.03846
0.0	0.0	0.0
0.4878	0.4838	0.37042
0.15385	0.15385	0.16667
0.0	0.0	0.0
0.07143	0.08525	0.07143
0.33962	0.3463	0.29928
0.83333	0.96767	0.7548
0.07143	0.07143	0.04878
0.19847	0.24082	0.18984
0.37931	0.38484	0.33527
0.06	0.06	0.03448
0.40625	0.38303	0.31274
0.15625	0.157	0.14037
0.22951	0.25328	0.20262
0.13889	0.13978	0.07692
0.29358	0.27165	0.22535
0.27586	0.2714	0.23319
0.05556	0.05556	0.0
0.13793	0.17241	0.19048
0.31633	0.33935	0.21039
0.04545	0.04545	0.06667
0.375	0.36794	0.26064
0.0	0.0	0.0
0.08257	0.08611	0.05857
0.28049	0.27811	0.21055
0.14394	0.15371	0.11398
0.2439	0.25727	0.17238
0.25532	0.24226	0.126
0.09524	0.06502	0.01683
0.54348	0.5673	0.51055
0.07317	0.07317	0.0339
0.24444	0.22867	0.20107
0.28814	0.28066	0.22212
0.12707	0.12991	0.09622
0.13253	0.12164	0.09575
0.20988	0.21543	0.14898
0.28125	0.24697	0.19941
0.27419	0.24348	0.22246
0.09259	0.09259	0.02564
0.14286	0.12519	0.04838
0.2	0.20562	0.10296
0.5	0.4516	0.35943
0.13265	0.13396	0.07056
0.06818	0.05718	0.04459
0.2028	0.2073	0.18246
0.0531	0.05024	0.03145
0.20833	0.2153	0.19088
0.36957	0.37515	0.38111
0.125	0.125	0.16667
0.13605	0.14372	0.10462
0.34848	0.31915	0.244
0.33333	0.33333	0.27273
0.16393	0.14436	0.11367
0.44	0.46516	0.42105
0.02778	0.02778	0.0
0.37037	0.35719	0.24665
0.29167	0.33333	0.35294
0.0	0.0	0.0
0.14634	0.16561	0.12321
0.63636	0.69791	0.45962
0.21053	0.21053	0.11111
0.34783	0.3927	0.375
0.14583	0.13104	0.09582
0.13559	0.13285	0.07985
0.11628	0.12865	0.10224
0.11932	0.13342	0.11818
0.36585	0.37763	0.35593
0.1	0.1	0.0
0.13793	0.17241	0.09091
0.0	0.0	0.0
0.10656	0.08751	0.05047
0.18	0.18	0.11765
0.27941	0.27606	0.16844
0.26667	0.21838	0.19213
0.26271	0.29195	0.21419
0.03125	0.01612	0.02457
0.8	0.7032	0.66667
0.2931	0.317	0.219
0.32759	0.29753	0.29352
0.33333	0.35617	0.31533
0.11111	0.11917	0.09524
0.17391	0.1697	0.08769
0.12613	0.14065	0.10384
0.6	0.6	0.66667
0.20513	0.21918	0.18817
0.2	0.18806	0.15924
0.22727	0.27273	0.1875
0.07407	0.07467	0.06061
0.28302	0.29457	0.19092
0.0	0.0	0.0
0.41935	0.48281	0.41933
0.04444	0.04444	0.04
0.15686	0.16571	0.12618
0.2	0.2	0.15
0.29412	0.25047	0.11436
0.08333	0.1075	0.129
0.14286	0.15091	0.08638
0.5	0.45247	0.37416
0.17143	0.17971	0.16883
0.17073	0.14161	0.13646
0.17391	0.1753	0.0
0.04348	0.08696	0.05263
0.16667	0.25	0.1
0.125	0.12686	0.03298
0.26582	0.21722	0.15446
0.38636	0.42739	0.42134
0.32258	0.33816	0.36668
0.0678	0.09075	0.11768
0.08333	0.08422	0.03333
0.15447	0.14789	0.10582
0.2069	0.19855	0.19779
0.36	0.41028	0.3892
0.14	0.1316	0.08918
0.10345	0.10345	0.11111
0.11111	0.11111	0.0
0.25	0.25	0.24
0.23529	0.31497	0.30708
0.45714	0.54283	0.36915
0.13559	0.14051	0.07946
0.29885	0.28252	0.23278
0.28125	0.28225	0.2381
0.3128	0.32776	0.2585
0.0	0.0	0.0
0.88235	0.97153	0.82257
0.0	0.0	0.0
0.1875	0.1875	0.16667
0.14545	0.16364	0.1
0.35075	0.34278	0.28664
0.27778	0.29748	0.21156
0.34545	0.35129	0.27503
0.04938	0.04858	0.01887
0.0	0.0	0.0
0.19318	0.20343	0.15037
0.33333	0.33333	0.2
0.34524	0.32333	0.19757
0.09449	0.10007	0.07577
0.24324	0.25065	0.18722
0.21875	0.252	0.14286
0.1	0.10107	0.0
0.0	0.0	0.0
0.76923	0.75923	0.74544
0.18421	0.17274	0.12902
0.2	0.1762	0.16438
0.11475	0.10734	0.07692
0.31579	0.30216	0.39164
0.12346	0.14098	0.08871
0.0	0.0	0.0
0.31579	0.27163	0.27879
0.25	0.25805	0.2
0.35714	0.42857	0.41929
0.15385	0.19231	0.17647
0.21739	0.19466	0.1776
0.22807	0.20088	0.11558
0.1	0.1	0.0
0.15385	0.15135	0.04762
0.17857	0.19986	0.11722
0.2037	0.201	0.17696
0.09836	0.10944	0.07938
0.0625	0.0625	0.06452
0.17526	0.1942	0.14083
0.25	0.21683	0.13032
0.6875	0.58262	0.38709
0.71795	0.80308	0.80124
0.29193	0.30234	0.27495
0.27778	0.25769	0.15348
0.23684	0.25042	0.13523
0.41379	0.4149	0.3
0.22549	0.22659	0.19059
0.29	0.27192	0.1788
0.58974	0.61782	0.71352
0.30147	0.34629	0.30509
0.08	0.08128	0.03261
0.73333	0.73333	0.7
0.11594	0.10799	0.04909
0.2619	0.29876	0.16224
0.13208	0.15155	0.112
0.25	0.28515	0.23215
0.31818	0.34724	0.27669
0.59259	0.70489	0.7
0.13376	0.11977	0.08098
1.0	1.016	0.9096
0.05882	0.05882	0.04545
0.39655	0.37597	0.3653
0.1875	0.19488	0.07633
0.025	0.05	0.08333
0.70588	0.70588	0.69083
0.16667	0.17418	0.13787
0.16364	0.15484	0.16667
0.21053	0.21221	0.125
0.40278	0.40769	0.38778
0.10101	0.07917	0.04985
0.19048	0.19048	0.16667
0.0	0.0	0.0
0.58333	0.61127	0.55886
0.17647	0.14703	0.10617
0.18033	0.21839	0.15263
0.3	0.25913	0.15514
0.54054	0.54141	0.50123
0.27778	0.23235	0.15618
0.25225	0.24323	0.19691
0.13115	0.11184	0.06224
0.0	0.0	0.0
1.0	1.0	1.0
0.18033	0.17397	0.13158
0.13208	0.18502	0.17369
0.54839	0.59103	0.53978
0.20325	0.21714	0.16296
0.07273	0.06393	0.02778
0.22973	0.25957	0.19954
0.16279	0.12677	0.04659
1.0	1.55367	1.4256
0.2037	0.18935	0.13685
0.11207	0.11596	0.08938
0.05	0.03548	0.01911
0.28205	0.29113	0.11662
0.14286	0.14797	0.10036
0.17582	0.17901	0.09043
0.15493	0.16946	0.08579
0.26087	0.22555	0.17044
0.76642	0.78877	0.77765
0.24138	0.28362	0.2161
0.27059	0.27475	0.23454
0.35985	0.33453	0.27824
0.28333	0.2817	0.28887
0.10577	0.09956	0.05171
0.44444	0.48022	0.086
0.10127	0.10494	0.078
0.11321	0.11381	0.10526
0.58824	0.59012	0.48128
0.2093	0.20028	0.17238
0.13043	0.1122	0.09677
0.42857	0.44929	0.1516
0.425	0.425	0.41379
0.22892	0.23007	0.18767
0.42857	0.42857	0.33333
0.2963	0.29389	0.34714
0.1	0.15	0.125
0.33333	0.30644	0.16418
0.125	0.15725	0.14286
0.33333	0.34994	0.21505
0.10526	0.10695	0.07692
0.28571	0.28571	0.25
0.24528	0.2757	0.22776
0.25	0.26158	0.256
0.34921	0.3461	0.31333
0.21739	0.21739	0.125
0.15686	0.1461	0.06769
0.17544	0.19751	0.20141
0.20833	0.21678	0.14472
0.45161	0.45161	0.5
0.46341	0.42327	0.35483
0.17361	0.17764	0.1488
0.21053	0.18674	0.27292
0.09091	0.09091	0.05556
0.22222	0.22025	0.16178
0.16993	0.17689	0.125
0.0	0.0	0.0
0.26316	0.26484	0.31015
0.1087	0.09011	0.02908
0.02679	0.02736	0.0125
0.10606	0.10312	0.06977
0.41538	0.40246	0.36557
0.32353	0.31024	0.2305
0.44444	0.47311	0.37633
0.2963	0.2963	0.30303
0.13821	0.13479	0.08273
0.43478	0.48104	0.36364
0.0	0.0	0.0
0.33333	0.28405	0.1588
0.26316	0.26484	0.23077
0.25424	0.21485	0.16553
0.41611	0.45374	0.40798
0.16949	0.20664	0.16577
0.21429	0.21429	0.22222
0.37931	0.37906	0.29601
0.59259	0.62963	0.61905
0.5	0.51264	0.47624
0.42857	0.43736	0.38298
0.19231	0.19231	0.23529
0.0	0.0	0.0
0.175	0.1629	0.1
0.29474	0.30626	0.23849
0.49505	0.49537	0.45902
0.33981	0.39648	0.33663
0.28718	0.31296	0.22033
0.85714	0.50686	0.4435
0.0303	0.0303	0.02174
0.45455	0.434	0.32257
0.21053	0.18674	0.25114
0.07843	0.08094	0.0
0.53846	0.54092	0.5
0.38462	0.39867	0.308
1.0	1.0	1.0
0.54348	0.50065	0.33624
0.03571	0.02764	0.03686
0.18692	0.21433	0.14491
0.38182	0.40055	0.39537
0.29323	0.29079	0.16883
0.46667	0.4322	0.5193
0.58696	0.58761	0.51386
0.21552	0.22497	0.15429
0.125	0.11693	0.08571
0.22222	0.24516	0.16129
0.15152	0.1779	0.16069
0.33333	0.3773	0.29244
0.11628	0.09001	0.04414
0.2381	0.2381	0.26667
0.16279	0.14102	0.126
0.52778	0.55556	0.52381
0.13889	0.13261	0.125
0.26389	0.27597	0.21
0.1828	0.16786	0.11178
0.14754	0.14648	0.10465
0.5	0.5	0.4
0.33898	0.31327	0.27495
0.05263	0.05263	0.07692
0.0	0.0	0.0
0.27273	0.31	0.26109
0.31169	0.33556	0.26081
0.28205	0.26631	0.2995
0.21053	0.21333	0.12195
0.02381	0.02381	0.0
0.0	0.0	0.0
0.3	0.32964	0.23516
0.31111	0.324	0.18
0.15517	0.16601	0.14815
0.03846	0.03846	0.0
0.2	0.2	0.21429
0.24561	0.22747	0.13454
0.29213	0.24935	0.20447
0.26623	0.21929	0.1572
0.21605	0.22659	0.1761
0.15068	0.15068	0.08511
0.58824	0.69629	0.6515
0.0	0.0	0.0
0.27586	0.22634	0.18505
0.22378	0.21226	0.19056
0.69231	0.69231	0.77778
0.22222	0.42289	0.40086
0.17391	0.21878	0.1875
0.48276	0.46048	0.35482
0.21739	0.26504	0.23323
0.16981	0.18989	0.07692
0.28205	0.30603	0.28545
0.26316	0.30771	0.34708
0.29032	0.27574	0.18182
0.22018	0.21426	0.19779
0.4898	0.4898	0.5
0.0	0.0	0.0
0.36364	0.36656	0.31324
0.55556	0.69533	0.70967
0.05	0.05	0.03571
0.27907	0.28656	0.25703
0.31677	0.3412	0.27926
0.26446	0.26845	0.2062
0.3578	0.32375	0.22989
0.06897	0.10345	0.13043
0.38571	0.33914	0.23633
1.0	0.84933	1.032
0.9	0.9322	0.79257
0.07692	0.15385	0.11111
0.52	0.4903	0.47626
0.53333	0.53333	0.42105
0.1	0.1	0.0645
0.32609	0.28188	0.20916
0.8	0.7032	0.66667
0.85714	0.50686	0.4435
0.23077	0.25641	0.2
0.25	0.25	0.2
0.36207	0.35538	0.20878
0.32174	0.33856	0.29837
0.16364	0.18182	0.15789
0.14118	0.15369	0.07987
0.1875	0.20471	0.15431
0.47368	0.53479	0.54545
0.24242	0.21943	0.14045
0.31959	0.33555	0.27692
0.2093	0.20405	0.13523
0.17073	0.14554	0.13809
0.15686	0.15686	0.15152
0.14768	0.13678	0.12327
0.59375	0.60378	0.40905
0.41667	0.38975	0.30038
0.15493	0.14265	0.08517
0.0	0.0	0.0
0.25	0.25	0.125
0.08	0.07396	0.06789
0.27586	0.23024	0.25038
0.09091	0.0953	0.07152
0.36	0.35352	0.19165
0.1	0.18	0.10526
0.08108	0.06973	0.01665
0.08511	0.07481	0.01779
0.16364	0.14427	0.08663
0.8	0.7032	0.66667
0.2093	0.21885	0.11876
0.4	0.39076	0.27546
1.5	1.79	2.032
0.23077	0.23077	0.11765
0.07692	0.07754	0.02857
0.27907	0.27793	0.22742
0.24409	0.27227	0.26639
0.25926	0.24611	0.15789
0.58333	0.54567	0.47175
0.19167	0.19702	0.1109
0.38889	0.49544	0.39323
0.05333	0.05376	0.03636
0.16923	0.1856	0.1236
0.3	0.24272	0.17681
0.06667	0.06667	0.0
0.27273	0.20407	0.11533
0.11321	0.12811	0.08619
0.25352	0.25259	0.19353
0.15094	0.16066	0.11034
0.42857	0.44237	0.38709
0.0	0.0	0.0
0.13333	0.2	0.125
0.42857	0.45157	0.3322
0.28302	0.30977	0.30497
0.17105	0.20584	0.19288
0.10185	0.10244	0.07661
0.35294	0.30547	0.15631
0.075	0.1016	0.03704
0.05882	0.05882	0.09091
0.5303	0.50145	0.45791
0.39241	0.36911	0.36537
0.13978	0.13873	0.07841
0.30556	0.27819	0.25444
0.76923	0.8531	0.83317
0.08148	0.08172	0.06
0.16234	0.1439	0.09032
0.02564	0.02564	0.0
0.20904	0.21358	0.15393
0.39062	0.33719	0.32033
0.0	0.0	0.0
0.17391	0.1767	0.09091
0.02941	0.02941	0.0
0.10204	0.10159	0.05692
0.0	0.0	0.0
0.35714	0.3356	0.18
0.31481	0.35185	0.25714
0.13333	0.143	0.192
0.22549	0.1989	0.12406
0.19149	0.21413	0.12903
0.13514	0.15168	0.11908
0.08475	0.08475	0.08333
0.05	0.05	0.06667
0.15	0.15	0.15385
0.35135	0.28768	0.10483
0.33333	0.33452	0.30769
0.55882	0.51326	0.3
0.2	0.188	0.16127
0.11688	0.11436	0.09068
0.09859	0.10721	0.05353
0.11765	0.11119	0.04838
0.51786	0.49189	0.36647
0.42857	0.36979	0.35294
0.38889	0.33331	0.20128
0.32143	0.27418	0.19048
0.15686	0.16508	0.14973
0.32877	0.33052	0.22042
0.22727	0.20673	0.16667
0.06667	0.06667	0.04545
0.06452	0.06452	0.05
0.15686	0.16539	0.13389
0.16129	0.13006	0.14438
0.8125	0.64506	0.56175
0.07692	0.07754	0.05263
0.09091	0.09091	0.04545
0.16901	0.21307	0.2008
0.0	0.0	0.0
0.18421	0.21474	0.07815
0.27059	0.2626	0.18555
0.15789	0.16242	0.15263
0.59459	0.58935	0.53822
0.38571	0.38084	0.26346
0.85	0.85	0.8
0.34783	0.35904	0.3125
0.10526	0.10751	0.03518
0.16667	0.17957	0.14144
0.14706	0.17647	0.16
0.11538	0.12406	0.14732
0.09901	0.09996	0.05882
0.17937	0.16446	0.10019
0.19802	0.19896	0.13068
0.0	0.0	0.0
0.78947	0.78947	0.83333
0.28571	0.27071	0.08918
0.37705	0.31462	0.22331
0.60606	0.5513	0.46064
0.13333	0.13333	0.11111
0.0354	0.03825	0.02218
0.375	0.36188	0.37827
0.0875	0.07862	0.04427
0.0	0.0	0.0
0.14286	0.14286	0.0
0.21053	0.21866	0.15652
1.0	1.0837	1.2525
0.08824	0.06641	0.05263
0.1938	0.19278	0.13153
0.28571	0.29029	0.0
0.17647	0.20871	0.23164
0.11111	0.1117	0.08571
0.11972	0.12789	0.07
0.21429	0.28571	0.25
0.28571	0.29214	0.19355
0.2439	0.25649	0.1172
0.33333	0.33333	0.0
0.10938	0.125	0.08889
0.30488	0.30409	0.278
0.09302	0.09377	0.03125
0.17857	0.17454	0.13158
0.41026	0.40113	0.41011
0.16541	0.17341	0.14398
0.11111	0.10483	0.09541
0.07812	0.07912	0.10335
0.125	0.125	0.03846
0.18367	0.16457	0.16531
0.15385	0.16313	0.13606
0.42857	0.57143	0.3032
0.09836	0.12162	0.12902
0.16327	0.17467	0.13567
0.06667	0.06773	0.05
0.22581	0.23516	0.09817
0.20755	0.20449	0.12174
0.29268	0.29739	0.20275
0.0	0.0	0.0
0.33333	0.42052	0.4009
0.32075	0.32743	0.16708
0.29412	0.22482	0.06891
0.19355	0.20758	0.1879
0.1875	0.23588	0.1774
0.29032	0.32048	0.28724
0.14815	0.12781	0.05263
0.34483	0.33331	0.26528
0.13235	0.1295	0.08
0.32468	0.33932	0.30282
0.09231	0.12357	0.04762
0.05263	0.05263	0.09091
0.4	0.4	0.35294
0.0	0.0	0.0
0.11111	0.11111	0.0
0.32	0.32	0.252
0.04082	0.04082	0.03125
0.14667	0.13397	0.10553
0.21374	0.22211	0.17018
0.22535	0.19172	0.11322
0.19048	0.19048	0.16667
1.0	1.0	1.0
0.0	0.0	0.0
0.44444	0.44444	0.5
0.34286	0.30044	0.26241
0.51724	0.48608	0.44026
0.29412	0.32445	0.27261
0.35185	0.37393	0.29029
0.16352	0.16068	0.10954
0.07692	0.07692	0.04167
0.18605	0.13502	0.16531
0.12727	0.16364	0.10256
0.15	0.16225	0.10893
0.29167	0.3145	0.27778
0.26829	0.30683	0.30023
0.15909	0.17338	0.13093
0.28571	0.23846	0.14286
0.02703	0.02789	0.0
0.33333	0.31572	0.24394
0.45455	0.41935	0.40411
0.29412	0.351	0.16125
0.64103	0.64103	0.68
0.34694	0.30478	0.21073
0.22857	0.29214	0.1823
0.07692	0.07692	0.10526
0.19697	0.17715	0.13989
0.0	0.0	0.0
0.40984	0.42305	0.29626
0.20364	0.21102	0.17516
0.13966	0.12542	0.08557
0.10256	0.12282	0.06634
0.15596	0.15402	0.11862
0.425	0.425	0.34783
0.09559	0.10484	0.0888
0.02174	0.02174	0.02778
0.31618	0.33371	0.31281
0.2549	0.26122	0.15851
0.44118	0.41553	0.3575
0.71429	0.75571	0.429
0.18478	0.19248	0.11166
0.13514	0.13514	0.04167
0.23364	0.26106	0.1622
0.23404	0.22991	0.2029
0.29268	0.30054	0.17548
0.3038	0.30582	0.26177
0.17647	0.19385	0.18156
0.89474	0.84037	0.78493
0.17391	0.19635	0.148
0.11927	0.09647	0.04329
0.26531	0.28372	0.16581
0.13953	0.13577	0.1086
0.09459	0.10854	0.07843
1.0	1.258	1.29
0.37383	0.35783	0.32594
0.66667	0.6505	0.35943
0.65854	0.68449	0.54375
0.33962	0.35419	0.24974
0.36667	0.3145	0.25721
0.30556	0.41933	0.243
0.0	0.0	0.0
0.28571	0.25343	0.098
0.21693	0.22698	0.15515
0.25	0.28627	0.18095
0.32653	0.33967	0.2826
0.08791	0.09854	0.09768
0.19355	0.22581	0.2
0.22222	0.22222	0.15385
0.0	0.0	0.0
0.25	0.28197	0.21414
0.21154	0.27108	0.19668
0.0	0.0	0.0
0.05405	0.05578	0.0
0.61538	0.64015	0.53955
0.18182	0.35773	0.36688
0.16949	0.18779	0.13728
0.27273	0.24191	0.16773
0.5	0.40129	0.1145
0.32353	0.39182	0.3579
0.14286	0.14286	0.22222
0.32394	0.28258	0.17337
0.59459	0.61551	0.51015
0.32353	0.34724	0.26391
0.07143	0.07143	0.09091
0.6875	0.55237	0.45891
0.16867	0.17371	0.13313
0.24444	0.25662	0.22469
0.03125	0.03125	0.04762
0.24096	0.25222	0.18261
0.28571	0.21195	0.13646
0.0	0.0	0.0
0.15646	0.17028	0.12117
0.34211	0.40278	0.42836
0.16	0.15612	0.2
0.14474	0.15916	0.14064
0.29412	0.28651	0.2686
0.10638	0.09677	0.11341
0.46154	0.42431	0.375
0.5	0.49429	0.51191
0.25862	0.28864	0.20458
0.16667	0.10483	0.06989
0.1875	0.22681	0.19355
0.1087	0.11009	0.08422
0.25	0.25	0.125
0.84211	0.84379	0.78908
0.09756	0.09756	0.04167
0.33333	0.35801	0.27591
0.22917	0.21471	0.22097
0.21088	0.21877	0.1195
0.44444	0.64511	0.8
0.48718	0.57979	0.51036
0.61538	0.77169	0.5064
0.13793	0.13793	0.11111
0.16364	0.15542	0.14286
0.13514	0.14078	0.09242
0.31429	0.32806	0.3274
0.09449	0.10007	0.07577
0.09677	0.11376	0.05458
0.33913	0.3439	0.27037
0.48387	0.48387	0.5
0.25	0.20966	0.11098
0.05556	0.11111	0.07143
0.74074	0.74074	0.66667
0.14634	0.13846	0.09072
0.35484	0.34232	0.20673
0.46753	0.45496	0.45424
0.30769	0.33333	0.25926
0.19079	0.20245	0.15913
0.25	0.24968	0.17022
0.3125	0.34608	0.30497
0.35811	0.38227	0.32318
0.16667	0.16667	0.2
0.18868	0.17406	0.12903
0.0	0.0	0.0
0.33333	0.344	0.0
0.27	0.29255	0.1867
0.125	0.125	0.0
0.19231	0.2016	0.20224
0.2	0.18754	0.0803
0.14286	0.14286	0.16667
0.22472	0.24645	0.18327
0.16049	0.1581	0.14456
0.52778	0.54121	0.5187
0.05882	0.06033	0.01779
0.15789	0.13242	0.11662
0.05085	0.06834	0.02778
0.17568	0.16695	0.15917
0.43455	0.44535	0.4045
0.09554	0.09575	0.08257
0.53846	0.46646	0.448
0.01515	0.01564	0.0
0.53571	0.58464	0.50932
0.06667	0.06738	0.0344
0.277	0.29833	0.24259
0.12791	0.13615	0.12418
0.16432	0.18202	0.11454
0.16279	0.14702	0.13406
0.21667	0.22257	0.13564
0.31429	0.34331	0.35714
0.57895	0.50758	0.71767
0.12857	0.13963	0.10894
0.38961	0.46625	0.38294
0.13757	0.14267	0.10032
0.58824	0.66029	0.4677
0.3125	0.30089	0.24482
0.5	0.4585	0.30255
0.34375	0.32962	0.27418
0.4	0.41032	0.29938
0.02083	0.02083	0.03226
0.48649	0.48995	0.36319
0.08696	0.08765	0.0635
0.8	0.7032	0.66667
0.4	0.3774	0.26712
0.2	0.2046	0.19079
0.17949	0.15467	0.12633
0.17647	0.17961	0.11342
0.2	0.2688	0.254
0.24468	0.25976	0.21189
0.15	0.14072	0.04342
0.15556	0.14767	0.13709
0.28571	0.30871	0.2322
0.16	0.19612	0.10526
0.48148	0.40978	0.4532
0.01923	0.03846	0.02857
0.14103	0.13109	0.08685
0.18519	0.19753	0.15686
0.26415	0.24162	0.19005
0.33333	0.2989	0.15514
0.25	0.3137	0.24035
0.25444	0.28497	0.23459
0.72727	0.89145	0.58422
0.21296	0.2258	0.16338
0.04651	0.05738	0.05263
0.16981	0.19109	0.06897
0.17647	0.18329	0.12569
0.25	0.235	0.08918
0.30556	0.30644	0.19231
0.23404	0.21789	0.12754
0.06667	0.1	0.09091
0.11828	0.12243	0.07033
0.13514	0.14908	0.11765
0.04706	0.05958	0.03333
0.23864	0.24136	0.21075
0.03571	0.03571	0.05556
0.09677	0.09781	0.04348
0.07143	0.07143	0.04762
0.15152	0.11436	0.12609
0.10606	0.1063	0.10112
0.18571	0.17189	0.12831
0.18301	0.18046	0.13967
0.14286	0.19048	0.13333
0.05714	0.05714	0.0
0.25	0.25	0.22222
0.27632	0.25338	0.13806
0.39205	0.39074	0.36257
0.2	0.2008	0.15385
0.04348	0.04348	0.0
0.28571	0.35014	0.4902
0.28467	0.26441	0.25132
0.46875	0.51409	0.45722
0.13889	0.10393	0.08171
0.0597	0.06788	0.02174
0.77778	0.964	0.9224
0.07576	0.08748	0.04762
0.54545	0.54545	0.375
0.61111	0.54178	0.43154
0.34682	0.36506	0.32021
0.19231	0.15258	0.08422
0.0	0.0	0.0
0.29101	0.3002	0.18874
0.12752	0.12426	0.12193
0.12579	0.12274	0.06788
0.15294	0.13547	0.11234
0.17073	0.16363	0.12081
0.53846	0.55831	0.5
0.20548	0.19486	0.0985
0.1	0.1032	0.0
0.30769	0.33746	0.30644
0.35484	0.39783	0.31363
0.24742	0.25539	0.21219
0.2891	0.29857	0.25062
0.12791	0.13391	0.10526
0.03704	0.03704	0.0
0.10526	0.12846	0.13406
0.23602	0.24483	0.17252
0.13333	0.09962	0.05306
0.15625	0.1885	0.14286
0.08571	0.08571	0.08
0.08696	0.0673	0.03225
0.23529	0.31118	0.28879
0.31481	0.31778	0.27564
0.05556	0.05556	0.02778
0.26316	0.28689	0.16125
0.2381	0.23962	0.07143
0.2	0.20213	0.1032
0.57895	0.68421	0.625
0.29126	0.31096	0.27168
0.20946	0.23864	0.18815
0.85714	0.85243	0.8386
0.29032	0.27471	0.25073
0.12245	0.12245	0.15625
0.06977	0.08214	0.08529
0.27586	0.25359	0.15
0.34286	0.2516	0.25133
0.06061	0.06061	0.1
0.47561	0.46063	0.35482
0.10526	0.07979	0.11662
0.13699	0.12063	0.10029
0.27907	0.27456	0.23316
0.33333	0.34174	0.27692
0.09783	0.10027	0.07736
0.0	0.0	0.0
0.55556	0.67022	0.83867
0.27273	0.27467	0.21053
0.19118	0.18121	0.14712
0.10526	0.08658	0.05831
0.56452	0.49371	0.43581
0.46667	0.51827	0.33718
0.54839	0.5931	0.39961
0.16667	0.16667	0.0
0.15741	0.17144	0.10813
0.17647	0.23718	0.18182
0.16304	0.18897	0.13255
1.0	1.0	1.0
0.14286	0.12994	0.06064
0.17518	0.1966	0.115
0.25	0.21722	0.24605
0.33333	0.48383	0.4
0.25	0.31358	0.25058
0.55208	0.53729	0.5172
0.19048	0.18317	0.16572
0.18182	0.20233	0.12671
0.08929	0.1152	0.06374
0.06667	0.06667	0.0
0.32632	0.38301	0.37794
0.25	0.2883	0.20105
0.1875	0.25	0.28571
0.21429	0.21429	0.19298
0.50267	0.49023	0.40199
0.33784	0.34699	0.25946
0.13265	0.13265	0.09375
0.09756	0.09756	0.07692
0.35484	0.36	0.4009
0.6	0.6032	0.33333
0.25532	0.27567	0.16305
0.19753	0.21843	0.17195
0.225	0.225	0.2
0.06667	0.06773	0.05
0.35583	0.36333	0.27356
0.35556	0.34622	0.24348
0.26667	0.28312	0.19298
0.19101	0.21456	0.20729
0.10976	0.1011	0.05716
0.38053	0.38537	0.26993
0.26531	0.26988	0.03846
0.11111	0.16667	0.07143
0.28777	0.30679	0.23184
0.12037	0.12544	0.09177
0.15584	0.15626	0.13114
0.75	0.65725	0.70967
0.375	0.4375	0.57143
0.07692	0.08511	0.05495
0.27273	0.26245	0.13333
0.20779	0.25595	0.168
0.27273	0.30006	0.14438
0.08621	0.08231	0.07813
0.53333	0.51997	0.48253
0.18571	0.19123	0.10468
0.11828	0.1266	0.11111
0.20833	0.24091	0.12901
0.21875	0.21975	0.19048
0.38095	0.42086	0.41471
0.29167	0.29755	0.20079
0.07143	0.07143	0.04762
0.24138	0.25638	0.21137
0.15455	0.18475	0.16303
0.07595	0.07063	0.04747
0.0	0.0	0.0
0.19444	0.22222	0.14286
0.28889	0.26522	0.20603
0.0	0.0	0.0
0.15068	0.17852	0.176
0.35	0.3258	0.293
0.33846	0.32802	0.25152
0.22963	0.22819	0.13505
0.12121	0.11533	0.12755
0.15278	0.15322	0.10204
0.2	0.1688	0.14438
0.33333	0.39917	0.44588
0.45455	0.45455	0.258
0.31925	0.31772	0.24909
0.1374	0.1534	0.04598
0.22581	0.22581	0.10526
0.18033	0.16075	0.11015
0.3125	0.3125	0.25
0.17647	0.20824	0.14865
0.28358	0.27682	0.23334
0.20588	0.19259	0.15224
0.54054	0.49081	0.36437
0.56522	0.64863	0.60176
0.37908	0.36453	0.3116
0.2931	0.29434	0.23525
0.30435	0.28096	0.20708
0.13636	0.13709	0.10714
0.29496	0.291	0.20461
0.17391	0.21035	0.20043
0.12821	0.14226	0.13141
0.22857	0.28663	0.27418
0.06383	0.07447	0.06061
0.27717	0.26962	0.20885
0.27434	0.27946	0.25323
0.18182	0.18004	0.11444
0.125	0.12557	0.1152
0.13245	0.11065	0.08953
0.25547	0.28724	0.19948
0.36047	0.35425	0.31494
0.12963	0.14993	0.14041
0.4	0.35912	0.27418
0.19048	0.21505	0.19736
0.07042	0.06769	0.03942
0.125	0.12633	0.05882
0.375	0.32256	0.24128
0.06	0.06064	0.02857
0.18557	0.20385	0.08734
0.26549	0.25405	0.21433
0.21831	0.22284	0.13627
0.06957	0.07461	0.04858
0.30508	0.27525	0.17574
0.17978	0.13482	0.11098
0.125	0.10685	0.10878
0.59375	0.54631	0.3032
0.19	0.18692	0.19145
0.33333	0.25894	0.26226
0.9375	0.887	1.0289
1.14286	1.35929	1.28786
0.0625	0.0625	0.09091
0.66667	0.73383	0.72575
0.14815	0.14933	0.1516
0.24742	0.276	0.23671
0.21277	0.18804	0.16667
0.04762	0.04762	0.0
0.3038	0.3038	0.20408
0.63636	0.63636	0.75
0.50345	0.50366	0.47612
0.17442	0.14251	0.1194
0.0	0.0	0.0
0.54545	0.54545	0.66667
0.13333	0.1172	0.15982
0.33696	0.31099	0.26662
0.175	0.15805	0.12294
0.16667	0.17443	0.11268
0.2875	0.27458	0.23833
0.3617	0.37953	0.22881
0.06593	0.06664	0.04225
0.13772	0.12304	0.09828
0.11765	0.11688	0.09615
0.14706	0.13787	0.06363
0.35714	0.38593	0.2
0.23585	0.25289	0.20688
0.38095	0.39629	0.33333
0.08475	0.06505	0.03698
0.12821	0.14226	0.13141
0.22917	0.24192	0.24436
0.28058	0.23878	0.18245
0.10843	0.10882	0.07937
0.20183	0.19857	0.17
0.75	0.79545	0.80645
0.6	0.6058	0.58063
0.46377	0.51565	0.43096
0.16667	0.18817	0.08918
0.17419	0.20165	0.12325
0.24419	0.24303	0.14394
0.10112	0.09604	0.03812
0.08824	0.08824	0.04762
0.33058	0.32257	0.23522
0.06452	0.06555	0.04545
0.14286	0.13429	0.08463
0.19588	0.19985	0.159
0.33333	0.2602	0.173
0.37255	0.39341	0.31632
0.0	0.0	0.0
0.35088	0.35312	0.336
0.03125	0.03125	0.03846
0.4	0.28813	0.173
0.41379	0.41043	0.35222
0.2314	0.23086	0.13638
0.21739	0.18513	0.1875
0.06329	0.06329	0.05556
0.125	0.1079	0.10837
0.1831	0.1958	0.1008
0.15873	0.128	0.08204
0.15254	0.14159	0.13158
0.1875	0.17841	0.18112
0.0566	0.04808	0.07078
0.05229	0.05924	0.02885
0.05172	0.06062	0.03486
0.08929	0.09581	0.07143
1.0	1.016	0.0
0.8125	0.8125	0.77778
0.38596	0.39388	0.27884
0.1358	0.16168	0.09575
0.35065	0.34813	0.28571
0.18947	0.24209	0.22772
0.31579	0.33953	0.129
0.27551	0.31038	0.23671
0.03846	0.03908	0.02778
0.17323	0.19607	0.14726
0.42391	0.46563	0.41102
0.2	0.21209	0.11679
0.17857	0.14938	0.072
0.50893	0.51465	0.45822
0.72	0.98576	1.00427
0.18072	0.16051	0.12749
0.10204	0.10334	0.06252
0.05263	0.02716	0.0344
0.08108	0.09503	0.11981
0.21053	0.22579	0.21933
0.29787	0.30232	0.27974
0.22156	0.21902	0.17182
0.28696	0.27151	0.19885
0.38776	0.38148	0.28072
0.19802	0.21653	0.14019
0.44444	0.362	0.20967
0.19444	0.17472	0.2
0.30556	0.28581	0.21932
0.25	0.25	0.16667
0.14286	0.14387	0.05263
0.08333	0.08333	0.09091
0.23684	0.23174	0.1465
0.09333	0.10107	0.06522
0.32609	0.32887	0.29082
0.45	0.4758	0.43333
0.12821	0.12903	0.0
0.5	0.4395	0.4
0.44156	0.40216	0.33224
0.5	0.5	0.5
0.1195	0.12335	0.0956
0.23077	0.18856	0.22693
0.26087	0.26087	0.2
0.06061	0.07673	0.07979
0.26667	0.23151	0.19956
0.22556	0.26242	0.15785
0.6875	0.66128	0.6
0.0	0.0	0.0
0.14286	0.1459	0.0
0.24	0.25224	0.15152
0.15789	0.15958	0.0625
0.21212	0.13879	0.19645
0.11765	0.09676	0.08333
0.25	0.27369	0.24822
0.2619	0.26574	0.19354
0.25926	0.2912	0.248
0.08571	0.1152	0.04
0.24138	0.24359	0.13636
0.41667	0.42417	0.367
0.15625	0.1885	0.09524
0.14035	0.1494	0.11884
0.05556	0.05556	0.08333
0.16981	0.16981	0.11765
0.44444	0.53404	0.47272
0.33333	0.33204	0.21019
0.23529	0.23718	0.16667
0.6	0.53113	0.43691
0.12727	0.13195	0.0623
0.13953	0.14028	0.0625
0.13265	0.15141	0.09541
1.5	2.016	3.032
0.29	0.29386	0.22153
0.13043	0.13043	0.14514
0.14433	0.12969	0.05897
0.13158	0.13666	0.08938
0.2459	0.24695	0.28724
0.11538	0.11538	0.05882
0.38235	0.44115	0.33467
0.14754	0.14807	0.12273
0.21053	0.19779	0.07692
0.15663	0.15663	0.11765
0.28571	0.50229	0.5
0.10112	0.08735	0.07527
0.0	0.0	0.0
0.13043	0.13743	0.14793
0.0	0.0	0.0
0.28302	0.25257	0.1787
0.23913	0.2293	0.1576
0.21875	0.2263	0.14853
0.05556	0.08333	0.08
0.05357	0.07257	0.02632
0.21739	0.18091	0.05882
0.13636	0.13927	0.0625
0.18421	0.16976	0.13075
0.125	0.126	0.04545
0.04545	0.02345	0.02867
0.25926	0.24489	0.12755
0.23243	0.21235	0.1478
0.29787	0.31434	0.29366
0.08475	0.08475	0.08333
0.31522	0.33098	0.231
0.05063	0.06124	0.01852
0.8	0.7032	0.66667
0.16667	0.16667	0.04762
0.36486	0.39186	0.35977
1.0	0.97229	0.91925
0.25862	0.27697	0.19444
0.16216	0.19616	0.08467
0.17857	0.17204	0.13641
0.45161	0.45265	0.38095
0.26471	0.28082	0.16
0.13115	0.12797	0.08986
0.06723	0.05909	0.05305
0.12879	0.12903	0.11111
0.15	0.17633	0.15909
0.10959	0.1171	0.07858
0.0	0.0	0.0
0.09677	0.07284	0.10264
0.20455	0.21114	0.1603
0.1413	0.12061	0.10988
0.0	0.0	0.0
0.35484	0.29653	0.30605
0.24	0.20644	0.10526
0.125	0.25	0.25
0.10526	0.09111	0.0386
0.66667	0.62362	0.5215
0.14286	0.14514	0.11111
0.04167	0.04167	0.06667
0.17544	0.17374	0.11111
0.21324	0.25663	0.20359
0.09615	0.08685	0.04331
0.28571	0.24355	0.18594
0.5	0.5	1.0
0.58333	0.52683	0.1806
0.3253	0.32489	0.23837
0.14634	0.14712	0.16667
0.25	0.26822	0.20966
0.27451	0.28368	0.31643
0.18939	0.18474	0.11996
0.05	0.05	0.03333
0.11321	0.11321	0.05882
0.1547	0.16984	0.1086
0.26271	0.27362	0.11612
0.0	0.0	0.0
0.51515	0.51515	0.53488
0.16071	0.16011	0.02778
0.13559	0.15308	0.136
0.07018	0.07018	0.05128
0.09884	0.10615	0.07008
0.17073	0.17073	0.13462
0.29885	0.29994	0.22203
0.18182	0.18182	0.0
0.07143	0.07219	0.03333
0.33333	0.473	0.7095
0.25	0.25805	0.3
0.08824	0.09739	0.02609
0.12346	0.14257	0.08929
0.28099	0.26444	0.18802
0.25	0.19814	0.17647
0.52113	0.5511	0.52467
0.36364	0.43203	0.41932
0.25	0.25805	0.3
0.19355	0.19458	0.15
0.19048	0.24114	0.09091
0.14141	0.14336	0.1265
0.13559	0.20063	0.08781
0.27848	0.26337	0.18894
0.32727	0.34191	0.25218
0.05263	0.05263	0.0
0.4	0.4	0.36364
0.11765	0.14041	0.07407
0.22917	0.27083	0.20588
0.15476	0.16761	0.13881
0.57143	0.58829	0.53425
0.13333	0.14365	0.07407
0.14286	0.19124	0.10684
0.15385	0.13894	0.19527
0.1	0.1004	0.09434
0.06579	0.06621	0.04082
0.18841	0.17248	0.14002
0.1411	0.14901	0.12209
0.41935	0.36832	0.3379
0.42857	0.42857	0.25
0.64706	0.64706	0.64286
0.10811	0.12292	0.05831
0.08824	0.14135	0.04545
0.26316	0.26484	0.23077
0.10227	0.0887	0.08486
0.10101	0.10133	0.09171
0.21127	0.20626	0.12412
0.54545	0.45745	0.3145
0.375	0.379	0.3376
0.48936	0.512	0.48386
0.17021	0.18073	0.1267
0.07042	0.08541	0.06451
0.5	0.48025	0.40705
0.06061	0.06061	0.03846
0.3125	0.34877	0.28578
0.33333	0.33422	0.19231
0.34641	0.37169	0.26992
1.0	0.91276	1.04343
0.13333	0.13333	0.0
0.29193	0.31895	0.23956
0.24324	0.25108	0.22263
0.22059	0.20468	0.15643
0.3913	0.36741	0.23203
0.41026	0.39785	0.35484
0.11688	0.13657	0.12123
0.33051	0.34908	0.30192
0.25668	0.22975	0.17325
0.33333	0.32505	0.26923
0.23529	0.27324	0.18817
0.17989	0.19047	0.15553
1.4	1.3032	1.33333
0.19802	0.23665	0.17124
0.0	0.0	0.0
0.18868	0.1984	0.07724
0.07692	0.07692	0.0
0.16	0.16	0.11765
0.38235	0.38329	0.33333
0.08696	0.08696	0.11111
0.36842	0.42274	0.3
0.27778	0.23564	0.1751
0.38095	0.41471	0.39465
0.04545	0.03445	0.0172
0.2451	0.24982	0.2446
0.27778	0.30046	0.23089
0.03333	0.03333	0.05556
0.07407	0.07407	0.0
0.0396	0.03289	0.01471
0.20635	0.25908	0.17784
0.2	0.19096	0.21429
0.20904	0.20793	0.16553
0.51613	0.53484	0.40858
0.15132	0.13454	0.09446
0.44186	0.44709	0.39327
0.22162	0.20503	0.1314
0.41026	0.40322	0.3433
0.13793	0.13793	0.09091
0.30769	0.30436	0.19354
0.18519	0.22341	0.0625
0.08824	0.08824	0.07407
0.31034	0.2573	0.17962
0.77778	0.77415	0.729
0.08333	0.09524	0.08475
0.54839	0.59726	0.4123
0.47368	0.46177	0.41105
0.07843	0.07906	0.05305
0.18627	0.17773	0.15642
0.25581	0.27155	0.18562
0.31667	0.3672	0.25641
0.2	0.1762	0.16438
0.11475	0.10734	0.07692
0.31579	0.30216	0.39164
0.12346	0.14098	0.08871
0.0	0.0	0.0
0.31579	0.27163	0.27879
0.25	0.25805	0.2
0.35714	0.42857	0.41929
0.15385	0.19231	0.17647
0.21739	0.19466	0.1776
0.22807	0.20088	0.11558
0.1	0.1	0.0
0.15385	0.15135	0.04762
0.17857	0.19986	0.11722
0.2037	0.201	0.17696
0.09836	0.10944	0.07938
0.0625	0.0625	0.06452
0.17526	0.1942	0.14083
0.25	0.21683	0.13032
0.6875	0.58262	0.38709
0.71795	0.80308	0.80124
0.29193	0.30234	0.27495
0.27778	0.25769	0.15348
0.23684	0.25042	0.13523
0.41379	0.4149	0.3
0.22549	0.22659	0.19059
0.29	0.27192	0.1788
0.58974	0.61782	0.71352
0.30147	0.34629	0.30509
0.08	0.08128	0.03261
0.73333	0.73333	0.7
0.11594	0.10799	0.04909
0.2619	0.29876	0.16224
0.13208	0.15155	0.112
0.25	0.28515	0.23215
0.31818	0.34724	0.27669
0.59259	0.70489	0.7
0.13376	0.11977	0.08098
1.0	1.016	0.9096
0.05882	0.05882	0.04545
0.39655	0.37597	0.3653
0.1875	0.19488	0.07633
0.025	0.05	0.08333
0.70588	0.70588	0.69083
0.16667	0.17418	0.13787
0.16364	0.15484	0.16667
0.21053	0.21221	0.125
0.40278	0.40769	0.38778
0.10101	0.07917	0.04985
0.19048	0.19048	0.16667
0.0	0.0	0.0
0.58333	0.61127	0.55886
0.17647	0.14703	0.10617
0.18033	0.21839	0.15263
0.3	0.25913	0.15514
0.54054	0.54141	0.50123
0.27778	0.23235	0.15618
0.25225	0.24323	0.19691
0.13115	0.11184	0.06224
0.0	0.0	0.0
1.0	1.0	1.0
0.18033	0.17397	0.13158
0.13208	0.18502	0.17369
0.54839	0.59103	0.53978
0.20325	0.21714	0.16296
0.07273	0.06393	0.02778
0.22973	0.25957	0.19954
0.16279	0.12677	0.04659
1.0	1.55367	1.4256
0.2037	0.18935	0.13685
0.11207	0.11596	0.08938
0.05	0.03548	0.01911
0.28205	0.29113	0.11662
0.14286	0.14797	0.10036
0.17582	0.17901	0.09043
0.15493	0.16946	0.08579
0.26087	0.22555	0.17044
0.76642	0.78877	0.77765
0.24138	0.28362	0.2161
0.27059	0.27475	0.23454
0.35985	0.33453	0.27824
0.28333	0.2817	0.28887
0.10577	0.09956	0.05171
0.44444	0.48022	0.086
0.10127	0.10494	0.078
0.11321	0.11381	0.10526
0.58824	0.59012	0.48128
0.2093	0.20028	0.17238
0.13043	0.1122	0.09677
0.42857	0.44929	0.1516
0.425	0.425	0.41379
0.22892	0.23007	0.18767
0.42857	0.42857	0.33333
0.2963	0.29389	0.34714
0.1	0.15	0.125
0.33333	0.30644	0.16418
0.125	0.15725	0.14286
0.33333	0.34994	0.21505
0.10526	0.10695	0.07692
0.28571	0.28571	0.25
0.24528	0.2757	0.22776
0.25	0.26158	0.256
0.34921	0.3461	0.31333
0.21739	0.21739	0.125
0.15686	0.1461	0.06769
0.17544	0.19751	0.20141
0.20833	0.21678	0.14472
0.45161	0.45161	0.5
0.46341	0.42327	0.35483
0.17361	0.17764	0.1488
0.21053	0.18674	0.27292
0.09091	0.09091	0.05556
0.22222	0.22025	0.16178
0.16993	0.17689	0.125
0.0	0.0	0.0
0.26316	0.26484	0.31015
0.1087	0.09011	0.02908
0.02679	0.02736	0.0125
0.10606	0.10312	0.06977
0.41538	0.40246	0.36557
0.32353	0.31024	0.2305
0.44444	0.47311	0.37633
0.2963	0.2963	0.30303
0.13821	0.13479	0.08273
0.43478	0.48104	0.36364
0.0	0.0	0.0
0.33333	0.28405	0.1588
0.26316	0.26484	0.23077
0.25424	0.21485	0.16553
0.41611	0.45374	0.40798
0.16949	0.20664	0.16577
0.21429	0.21429	0.22222
0.37931	0.37906	0.29601
0.59259	0.62963	0.61905
0.5	0.51264	0.47624
0.42857	0.43736	0.38298
0.19231	0.19231	0.23529
0.0	0.0	0.0
0.175	0.1629	0.1
0.29474	0.30626	0.23849
0.49505	0.49537	0.45902
0.33981	0.39648	0.33663
0.28718	0.31296	0.22033
0.85714	0.50686	0.4435
0.0303	0.0303	0.02174
0.45455	0.434	0.32257
0.21053	0.18674	0.25114
0.07843	0.08094	0.0
0.53846	0.54092	0.5
0.38462	0.39867	0.308
1.0	1.0	1.0
0.54348	0.50065	0.33624
0.03571	0.02764	0.03686
0.18692	0.21433	0.14491
0.38182	0.40055	0.39537
0.29323	0.29079	0.16883
0.46667	0.4322	0.5193
0.58696	0.58761	0.51386
0.21552	0.22497	0.15429
0.125	0.11693	0.08571
0.22222	0.24516	0.16129
0.15152	0.1779	0.16069
0.33333	0.3773	0.29244
0.11628	0.09001	0.04414
0.2381	0.2381	0.26667
0.16279	0.14102	0.126
0.52778	0.55556	0.52381
0.13889	0.13261	0.125
0.26389	0.27597	0.21
0.1828	0.16786	0.11178
0.14754	0.14648	0.10465
0.5	0.5	0.4
0.33898	0.31327	0.27495
0.05263	0.05263	0.07692
0.0	0.0	0.0
0.27273	0.31	0.26109
0.31169	0.33556	0.26081
0.28205	0.26631	0.2995
0.21053	0.21333	0.12195
0.02381	0.02381	0.0
0.0	0.0	0.0
0.3	0.32964	0.23516
0.31111	0.324	0.18
0.15517	0.16601	0.14815
0.03846	0.03846	0.0
0.2	0.2	0.21429
0.24561	0.22747	0.13454
0.29213	0.24935	0.20447
0.26623	0.21929	0.1572
0.21605	0.22659	0.1761
0.15068	0.15068	0.08511
0.58824	0.69629	0.6515
0.0	0.0	0.0
0.27586	0.22634	0.18505
0.22378	0.21226	0.19056
0.69231	0.69231	0.77778
0.22222	0.42289	0.40086
0.17391	0.21878	0.1875
0.48276	0.46048	0.35482
0.775	0.75077	0.64638
0.10959	0.12329	0.06383
0.46154	0.42677	0.39067
0.11538	0.10959	0.07548
0.5	0.5	0.4
0.52381	0.42852	0.34985
0.1	0.1	0.15385
0.05556	0.05556	0.0
0.2807	0.27105	0.12015
0.2234	0.21996	0.17071
0.21296	0.21265	0.16128
0.21101	0.21277	0.12043
0.29197	0.32256	0.20686
0.37419	0.36191	0.33367
0.30882	0.34865	0.27767
0.2963	0.35481	0.2274
0.13953	0.13651	0.10967
0.19048	0.18871	0.10151
0.18182	0.21818	0.12821
0.12346	0.13341	0.09424
0.18137	0.18879	0.07951
0.20548	0.24922	0.14386
0.46923	0.48905	0.45888
0.04762	0.07219	0.03125
0.59091	0.58891	0.5351
0.24	0.33032	0.20871
0.0	0.0	0.0
0.3	0.30885	0.2847
0.31818	0.32598	0.28811
0.42857	0.41818	0.40606
0.41071	0.38939	0.29626
0.0	0.0	0.0
0.2	0.2032	0.0
0.11538	0.13605	0.06397
0.25	0.32356	0.2519
0.0274	0.02784	0.0
0.30769	0.34351	0.26301
0.08696	0.07924	0.05393
0.06897	0.06897	0.07317
0.52632	0.47026	0.4688
0.13462	0.16687	0.10506
0.1	0.1	0.0
0.25	0.24072	0.24035
0.45238	0.43776	0.41271
0.33333	0.33333	0.33333
0.29851	0.31052	0.2807
0.36957	0.37235	0.14815
0.45455	0.47139	0.38909
0.23333	0.25483	0.16046
0.2807	0.25012	0.2291
1.0	1.0386	1.31167
0.23529	0.27703	0.14246
0.2766	0.27899	0.20694
0.29412	0.28333	0.22684
0.88889	1.00356	1.00533
0.23913	0.24541	0.22678
0.34211	0.29116	0.22208
0.10784	0.11543	0.09524
0.1	0.1	0.15385
0.26316	0.19692	0.07392
0.375	0.40805	0.38262
0.23077	0.20428	0.13646
0.28729	0.26731	0.14918
0.43056	0.40544	0.38708
0.23179	0.24438	0.20441
0.0625	0.0625	0.0
0.22727	0.20673	0.16667
0.14286	0.14514	0.0
0.01613	0.01665	0.0
0.0	0.0	0.0
0.52459	0.58115	0.49411
0.42424	0.43303	0.26245
0.0	0.0	0.0
0.19512	0.17702	0.1086
0.07692	0.09615	0.02857
0.26316	0.22579	0.19354
0.05556	0.05556	0.1
0.0	0.0	0.0
0.09259	0.08452	0.03355
0.29851	0.3187	0.22579
0.21127	0.2217	0.1058
0.25	0.26812	0.20818
0.20455	0.23386	0.22042
0.19355	0.23585	0.18262
0.22467	0.21202	0.19019
0.2	0.17591	0.1743
0.10714	0.14938	0.12683
0.0	0.0	0.0
0.2625	0.22821	0.18064
0.24561	0.23596	0.12015
0.09259	0.09259	0.05263
0.22881	0.23317	0.17906
0.11111	0.13465	0.08217
0.0	0.0	0.0
0.19697	0.20673	0.13656
0.08955	0.0881	0.0575
0.35	0.3258	0.33333
0.12195	0.12195	0.07692
0.4	0.3161	0.14286
0.04	0.04	0.0
0.31579	0.32937	0.35012
0.22222	0.23449	0.13587
0.13208	0.11685	0.08571
0.18182	0.19745	0.18817
0.25714	0.26634	0.27709
0.75	0.75267	0.8
0.1134	0.13168	0.09768
0.11111	0.11111	0.04762
0.32394	0.34255	0.28206
0.26087	0.26087	0.2
0.2	0.23582	0.23688
0.29762	0.30413	0.2222
0.08876	0.0878	0.06862
0.85714	0.68657	0.71886
0.26364	0.26185	0.19044
0.11613	0.1209	0.06177
0.14062	0.14062	0.14634
0.45161	0.37355	0.39917
0.36842	0.39558	0.40759
0.30435	0.34607	0.31997
0.39683	0.39732	0.36161
0.44966	0.46135	0.40978
0.24561	0.22747	0.13454
0.5	0.5903	0.53881
0.44928	0.4399	0.34617
0.2375	0.2512	0.25379
0.17877	0.16291	0.10397
0.30303	0.29715	0.20527
0.36842	0.41084	0.17338
0.18182	0.18182	0.14286
0.18182	0.25855	0.16743
0.0678	0.08529	0.02326
0.38235	0.32538	0.25804
0.10596	0.10168	0.0612
0.26708	0.27388	0.21484
0.16901	0.1731	0.17276
0.175	0.16128	0.16726
0.15385	0.19155	0.10752
0.08163	0.12245	0.09091
0.18182	0.18182	0.14286
0.02899	0.04348	0.03922
0.31111	0.3068	0.24245
0.41667	0.43366	0.32883
0.18519	0.19413	0.11289
0.30682	0.331	0.26024
0.0	0.0	0.0
0.26087	0.25571	0.23288
0.09302	0.09377	0.0
0.75	0.75	0.7
0.25	0.26313	0.19313
0.12069	0.13848	0.02632
0.2069	0.22914	0.15789
0.36842	0.33274	0.27169
0.21739	0.1823	0.1602
0.25	0.25235	0.13183
0.14583	0.1875	0.09091
0.36	0.42836	0.35311
0.1039	0.09803	0.09091
0.11111	0.1117	0.10611
0.29245	0.2894	0.24429
0.36842	0.37347	0.4435
0.23684	0.26653	0.19416
0.04762	0.02457	0.0344
0.0	0.0	0.0
0.11111	0.11151	0.07143
0.11243	0.1086	0.06451
0.27778	0.29569	0.27132
0.19608	0.17835	0.1034
0.14286	0.11634	0.07473
0.14634	0.12902	0.1051
0.16667	0.16933	0.129
0.2	0.2	0.14583
0.79487	0.89406	0.83074
0.10465	0.10465	0.07407
0.17073	0.13217	0.21676
0.5	0.4865	0.4322
0.2	0.20061	0.20396
0.11321	0.13815	0.06989
0.38462	0.35173	0.35181
0.0	0.0	0.0
0.12	0.1316	0.188
0.0	0.0	0.0
0.2973	0.272	0.20346
0.06349	0.06451	0.02439
0.18519	0.21144	0.29029
0.21348	0.17324	0.10561
0.29412	0.27891	0.26011
0.08163	0.08667	0.06676
0.06522	0.06591	0.02857
0.08333	0.08422	0.08333
0.35714	0.43086	0.5
0.25	0.29131	0.28425
0.26087	0.30852	0.23323
0.09836	0.09677	0.0641
0.83333	1.50533	1.4064
0.31884	0.33167	0.28059
0.5	0.4395	0.4
0.66667	0.76522	0.84164
0.19167	0.19972	0.15725
0.71429	0.78571	0.66667
0.0	0.0	0.0
0.27059	0.30322	0.28703
0.08333	0.08333	0.1
0.21739	0.23	0.13471
0.10256	0.10256	0.07692
0.20588	0.21629	0.21657
0.16	0.18192	0.13376
0.30769	0.25308	0.229
0.2	0.17653	0.15769
0.25	0.19083	0.125
0.25	0.25	0.11111
0.0	0.0	0.0
0.12821	0.12821	0.10714
0.25	0.27519	0.2
0.05882	0.05882	0.09091
0.13208	0.14099	0.12169
0.34286	0.36031	0.32957
0.09524	0.14286	0.07692
0.27586	0.25138	0.15789
0.29078	0.3086	0.22128
0.16129	0.16908	0.13666
0.24444	0.26307	0.15503
0.1697	0.16459	0.07722
0.07547	0.07547	0.05882
0.31579	0.32511	0.26792
0.19048	0.24114	0.09091
0.10204	0.10204	0.07812
0.24859	0.23308	0.18298
0.28571	0.26843	0.16667
0.25	0.29507	0.25914
0.54167	0.50133	0.47153
0.28994	0.26013	0.19206
0.5	0.5	1.0
0.0	0.0	0.0
0.0	0.0	0.0
0.77778	0.67022	0.50533
0.15385	0.09677	0.09091
1.0	1.0	1.0
0.35	0.31125	0.21932
0.11628	0.10014	0.04719
0.52	0.53288	0.43314
0.0	0.0	0.0
0.08333	0.08333	0.05128
0.69231	0.81631	0.79025
0.2	0.16773	0.13782
0.31915	0.2656	0.27955
0.2069	0.2069	0.14286
0.12941	0.13604	0.08906
0.72	0.76124	0.586
0.2562	0.23059	0.14161
1.0	1.058	1.13967
0.43478	0.42074	0.394
0.09091	0.08211	0.02778
0.25397	0.26521	0.1697
0.14815	0.16007	0.0344
0.33333	0.30106	0.26365
0.21311	0.26387	0.20682
0.34146	0.27061	0.16007
0.10569	0.10804	0.08601
0.10127	0.10861	0.08422
0.36782	0.36	0.27902
0.16471	0.19885	0.14677
0.19048	0.11671	0.05954
1.86667	1.85797	2.49141
0.0	0.0	0.0
0.08434	0.06723	0.06327
0.0	0.0	0.0
0.1	0.09516	0.05581
0.14679	0.14412	0.08736
0.22727	0.21652	0.17949
0.19444	0.181	0.13022
0.22727	0.20086	0.08092
0.34091	0.434	0.3688
0.26471	0.2378	0.17022
0.0625	0.0625	0.0
0.12	0.12128	0.11953
0.07447	0.07651	0.05023
0.44898	0.36073	0.25387
0.58333	0.62633	0.57371
0.24339	0.25276	0.16229
0.10667	0.13977	0.13363
0.23529	0.23337	0.15053
0.29545	0.2705	0.26612
0.06383	0.06383	0.05714
0.20755	0.22275	0.20362
0.36364	0.35679	0.34164
0.07407	0.07407	0.0
0.19608	0.19322	0.11585
0.13725	0.13725	0.12121
0.01408	0.01408	0.02083
0.27586	0.27586	0.2381
0.24339	0.22648	0.17153
0.2	0.2032	0.14286
0.29167	0.375	0.44828
0.53226	0.47448	0.46735
0.04348	0.08696	0.05263
0.02941	0.04553	0.06192
0.0	0.0	0.0
0.2381	0.28876	0.09091
0.28333	0.31907	0.23475
0.30303	0.31767	0.27268
0.19403	0.19931	0.15153
0.52273	0.57916	0.54837
0.13725	0.14769	0.15873
1.5	2.016	3.032
0.0	0.0	0.0
0.03774	0.03814	0.02756
0.0	0.0	0.0
0.36082	0.33454	0.31735
0.23457	0.21464	0.13268
0.18692	0.18871	0.14022
0.30556	0.30778	0.29383
0.18824	0.22958	0.17962
0.33333	0.473	0.7095
0.04545	0.04545	0.06667
0.33333	0.33815	0.2813
0.23529	0.26753	0.08333
0.24883	0.25578	0.19214
0.26316	0.24787	0.1738
1.0	1.11971	1.36275
0.11348	0.13498	0.14
0.02469	0.03704	0.03922
0.26761	0.24034	0.19698
0.28395	0.27598	0.20537
0.07447	0.07651	0.05023
0.26667	0.2688	0.1032
0.18519	0.20548	0.15725
0.18627	0.17709	0.17902
0.36842	0.33911	0.27416
0.17143	0.18064	0.18479
0.03448	0.03559	0.0
0.0	0.0	0.0
0.31667	0.30052	0.23405
0.27559	0.25806	0.19874
0.24	0.25676	0.23258
0.18182	0.18182	0.0
0.14286	0.15114	0.11255
0.36364	0.45745	0.33333
0.41667	0.44192	0.37884
0.28302	0.33838	0.27035
0.06897	0.10455	0.04762
0.41667	0.4655	0.50943
0.0	0.0	0.0
0.11321	0.15155	0.10526
0.33333	0.33021	0.23826
0.15789	0.15153	0.13333
0.2268	0.24409	0.23054
0.31481	0.33151	0.21503
0.20661	0.23112	0.14751
0.22222	0.25444	0.23937
0.36145	0.39212	0.32318
0.14286	0.11404	0.06391
0.30435	0.36043	0.32465
0.43902	0.44134	0.417
0.24324	0.23014	0.24065
0.16	0.1623	0.07447
0.14286	0.15851	0.15426
0.33333	0.344	0.0
0.48649	0.46643	0.38462
0.31429	0.32994	0.26391
0.33333	0.362	0.37633
0.16667	0.16667	0.2
0.19231	0.22288	0.17863
0.23656	0.2303	0.16921
0.08889	0.10178	0.12345
0.15625	0.13506	0.06064
0.15068	0.16879	0.07
0.19753	0.1796	0.16773
0.18079	0.17021	0.15044
0.8	0.7032	0.66667
0.0	0.0	0.0
0.15385	0.14144	0.11342
0.13333	0.13117	0.07477
0.26316	0.25394	0.21421
1.2	1.6064	2.086
0.125	0.11744	0.10638
0.16393	0.20887	0.13593
0.0	0.0	0.0
1.5	1.903	2.032
0.34091	0.38414	0.27807
0.26667	0.26667	0.25
0.04545	0.04691	0.0
0.09836	0.08249	0.07395
0.25	0.19515	0.14515
0.10526	0.15789	0.15385
0.34146	0.38393	0.27362
0.33333	0.33511	0.25
0.33803	0.31392	0.21105
0.2	0.20743	0.096
0.51724	0.48831	0.4
0.30435	0.26787	0.17647
0.8	0.7032	0.66667
0.125	0.10598	0.08403
0.02778	0.02778	0.04
0.10938	0.10938	0.11364
0.3125	0.32054	0.25315
0.08571	0.1152	0.04
0.15909	0.14809	0.1
0.29457	0.2883	0.23654
0.49351	0.48216	0.39996
0.18868	0.22519	0.1834
0.09836	0.09836	0.05128
0.2459	0.24484	0.16915
0.26316	0.25012	0.17742
0.02941	0.02941	0.04167
0.09901	0.10986	0.10137
0.22772	0.22867	0.19929
0.2963	0.34289	0.30929
0.15217	0.19213	0.1991
0.12371	0.13501	0.06154
0.12857	0.13226	0.08516
0.28571	0.25498	0.08387
0.69231	0.69231	0.66667
0.08571	0.1152	0.08696
0.58333	0.586	0.379
0.07143	0.08571	0.06667
0.18182	0.19833	0.13515
0.03896	0.05195	0.0625
0.12727	0.11847	0.07189
0.1	0.1032	0.0
0.17073	0.15971	0.13646
0.21429	0.23205	0.13809
0.29167	0.33333	0.235
0.13274	0.11904	0.0879
0.08696	0.0797	0.03857
0.47368	0.66716	0.69343
0.06061	0.06061	0.07692
0.20349	0.2331	0.14782
0.15596	0.16809	0.15257
0.6	0.5032	0.0
0.05797	0.07246	0.05882
0.24893	0.2647	0.20584
0.27273	0.23655	0.1758
0.04348	0.04348	0.0
0.19565	0.17741	0.19042
0.21739	0.21739	0.125
0.36	0.36644	0.31688
0.44444	0.39067	0.4
0.19403	0.17909	0.13177
0.10976	0.11683	0.09043
0.0625	0.06317	0.03333
0.05714	0.05714	0.04545
0.09677	0.09587	0.03731
0.04762	0.0361	0.0
0.21481	0.20261	0.06912
0.32609	0.3242	0.2858
0.2	0.20644	0.13
0.11364	0.11912	0.09349
0.22059	0.22912	0.24605
0.17695	0.20442	0.14193
0.0	0.0	0.0
0.23214	0.20995	0.20294
0.14286	0.10368	0.12563
0.67925	0.60923	0.52775
0.25758	0.25756	0.20966
0.35294	0.35294	0.23077
0.52	0.47096	0.34767
0.2907	0.23591	0.16128
0.3913	0.38004	0.34557
0.0	0.0	0.0
0.0	0.0	0.0
0.20548	0.22601	0.15215
0.37037	0.33689	0.34714
0.22388	0.21472	0.15153
0.48649	0.47646	0.44039
0.35294	0.33394	0.26241
0.36667	0.43547	0.3927
0.69444	0.85836	0.76923
0.05455	0.04105	0.0
0.18421	0.17274	0.12096
0.27103	0.30838	0.23157
0.60606	0.58209	0.49087
0.0	0.0	0.0
0.61905	0.71119	0.52559
0.05556	0.05674	0.02632
0.14706	0.17741	0.09091
0.0	0.0	0.0
0.08333	0.08333	0.05882
0.25352	0.21034	0.21481
0.17157	0.1801	0.09541
0.14286	0.1623	0.15105
0.22892	0.25533	0.23547
0.1875	0.1875	0.16667
0.12698	0.12083	0.06667
0.28431	0.2748	0.25655
0.15873	0.1833	0.07895
0.23457	0.23815	0.181
0.21192	0.21938	0.19418
0.07792	0.09468	0.08532
0.29412	0.31991	0.25693
0.09756	0.09756	0.07692
0.35484	0.36832	0.33333
0.07692	0.06762	0.05556
0.24848	0.21737	0.08047
0.09091	0.09091	0.0
0.23256	0.20253	0.11528
0.23611	0.26432	0.19733
0.0625	0.05544	0.05135
0.16667	0.15875	0.07767
0.09091	0.10752	0.06591
0.76923	0.794	0.91525
0.45161	0.43339	0.37015
1.2	1.1032	1.0
0.24138	0.20466	0.12563
0.10417	0.1055	0.07971
0.61905	0.77571	0.42882
0.45455	0.4629	0.44415
0.39286	0.41586	0.3661
0.01923	0.01985	0.0
0.33333	0.31376	0.24261
0.02857	0.02857	0.0
0.36842	0.36784	0.25591
0.25373	0.23613	0.18436
0.04255	0.04323	0.02857
0.5	0.5	1.0
0.25806	0.16335	0.15287
0.2967	0.2839	0.24011
0.77778	0.58411	0.63967
0.24444	0.25733	0.14671
0.11864	0.12793	0.04211
0.26042	0.26612	0.24193
0.81356	0.8059	0.81865
0.2439	0.23031	0.17789
0.45161	0.45265	0.38095
0.2931	0.28252	0.21816
0.16867	0.16867	0.16327
0.35897	0.42015	0.40782
0.20472	0.22223	0.17796
0.2	0.18578	0.19162
0.16	0.11955	0.04164
0.20755	0.22702	0.13978
0.40404	0.37566	0.31809
0.24286	0.23916	0.19779
0.22222	0.22619	0.20467
0.5	0.48653	0.36128
0.5	0.50097	0.48823
0.17757	0.2068	0.14976
0.19149	0.18804	0.15851
0.07143	0.14286	0.14286
0.42	0.44	0.36842
0.25926	0.2963	0.33803
0.16667	0.172	0.0
0.0	0.0	0.0
0.34118	0.46334	0.35697
0.69231	0.69231	0.66667
0.8	0.7032	0.66667
0.17	0.1416	0.0788
0.46078	0.48227	0.35665
0.21008	0.20655	0.17868
0.28261	0.25068	0.18138
0.29139	0.29928	0.27433
0.09722	0.09362	0.07096
0.14085	0.15946	0.07
0.2	0.2	0.21429
0.5	0.59675	0.8
0.25287	0.26547	0.23178
0.54545	0.50533	0.43691
0.31707	0.31784	0.30404
0.05556	0.05644	0.0
0.44118	0.44118	0.44444
0.66667	0.59567	0.434
0.17742	0.18521	0.15532
0.2069	0.20021	0.17155
0.16667	0.17401	0.12613
0.24528	0.20753	0.17362
0.28205	0.33415	0.16667
0.3913	0.3707	0.36463
0.17241	0.2169	0.2145
0.05	0.05	0.07692
0.21053	0.19863	0.17338
0.09589	0.08307	0.06279
0.3038	0.28704	0.26031
0.25	0.26503	0.25308
0.3	0.2645	0.1075
0.10345	0.10455	0.04348
0.10145	0.07994	0.0625
0.29333	0.29201	0.28635
0.35	0.39407	0.25969
0.57576	0.521	0.46064
0.19048	0.16129	0.26054
0.41667	0.4865	0.3806
0.19048	0.1321	0.06117
0.38	0.37352	0.30071
0.16667	0.1486	0.12958
0.05882	0.05882	0.0
0.12644	0.10455	0.05617
0.1954	0.20168	0.19853
0.13636	0.18182	0.125
0.60145	0.59488	0.49228
0.12281	0.11939	0.14816
0.25	0.22848	0.21002
0.21311	0.24484	0.15789
0.33333	0.35813	0.30182
0.0566	0.05721	0.0
0.11236	0.10764	0.04839
0.24324	0.24324	0.15385
0.19355	0.18002	0.1357
0.17188	0.15272	0.17082
0.24719	0.2316	0.16961
0.16129	0.2029	0.2145
0.125	0.16667	0.12121
0.48	0.48516	0.44737
0.0	0.0	0.0
0.25	0.25089	0.11538
0.20755	0.17649	0.10286
0.02778	0.02867	0.0
0.58333	0.58422	0.54
0.18293	0.19196	0.17706
0.18182	0.21818	0.13889
0.15385	0.14019	0.08138
0.13333	0.13708	0.10751
0.52	0.5032	0.3125
0.56627	0.56661	0.4341
0.06667	0.06738	0.07007
0.36364	0.36364	0.258
0.23529	0.23529	0.07692
0.38596	0.33898	0.32862
0.10569	0.10306	0.07502
0.23256	0.23405	0.18637
0.28571	0.40086	0.0
0.22222	0.22696	0.15747
0.0	0.0	0.0
0.43939	0.45452	0.3625
0.11111	0.11111	0.0
0.0	0.0	0.0
0.21569	0.21631	0.13889
0.21875	0.19656	0.14165
0.25	0.24134	0.22239
0.3	0.2774	0.166
0.45545	0.48255	0.3941
0.11765	0.11827	0.09091
0.25	0.25558	0.23594
0.0	0.0	0.0
0.31429	0.30783	0.26245
0.21739	0.21878	0.10455
0.11111	0.11111	0.2
0.4717	0.54655	0.4728
0.0	0.0	0.0
0.29268	0.29976	0.25343
0.04878	0.07317	0.03448
0.15152	0.1823	0.13709
0.12766	0.13864	0.08676
0.27778	0.29076	0.34753
0.11538	0.11331	0.07319
1.83333	1.7741	2.37565
0.27273	0.28176	0.25043
0.28947	0.27758	0.28908
0.22222	0.19569	0.17794
0.15094	0.17042	0.13006
0.225	0.2774	0.21878
0.45536	0.42452	0.39425
0.25424	0.30015	0.22505
0.29245	0.30279	0.23488
0.16981	0.15155	0.12544
0.16129	0.13942	0.05375
0.02703	0.02789	0.0
0.31579	0.30558	0.23117
1.22059	1.20965	0.97363
0.38095	0.34042	0.307
0.03125	0.0625	0.04348
0.18519	0.17681	0.03518
0.21053	0.23003	0.17988
0.18182	0.21309	0.151
0.27119	0.30288	0.30874
0.28177	0.30848	0.24519
0.03571	0.03571	0.0
0.375	0.40422	0.3125
0.14286	0.14804	0.12766
0.41096	0.42905	0.35348
0.23529	0.23624	0.20064
0.26984	0.26267	0.23886
0.36522	0.36353	0.323
0.18605	0.19391	0.16919
0.05952	0.07143	0.05085
0.17431	0.18615	0.16974
0.34694	0.36271	0.29315
0.50459	0.44714	0.34618
0.45	0.4016	0.30414
0.46154	0.42677	0.39067
0.15152	0.16665	0.07778
0.17647	0.26753	0.23164
0.08955	0.08618	0.09743
0.23333	0.229	0.22886
0.26087	0.30188	0.27014
0.5	0.543	0.30038
0.20364	0.20926	0.14474
0.5	0.4516	0.35943
0.10345	0.13014	0.05263
0.40816	0.445	0.35291
0.35	0.36772	0.30708
0.47368	0.44877	0.42171
0.04762	0.09524	0.06667
0.37179	0.34488	0.2761
0.35714	0.3145	0.23656
0.22222	0.42289	0.40086
0.52703	0.53397	0.41237
0.14286	0.258	0.0
0.35583	0.3665	0.31776
0.07692	0.07692	0.0
0.32743	0.35511	0.23809
0.33333	0.37037	0.22727
0.07692	0.07938	0.0
0.0	0.0	0.0
0.22564	0.23042	0.18212
0.08642	0.10712	0.0766
0.19718	0.20898	0.17601
0.26087	0.25851	0.24982
0.17143	0.25806	0.15385
0.40984	0.38549	0.33136
0.08209	0.09364	0.05996
0.14286	0.16925	0.09494
0.05882	0.06863	0.07624
0.26667	0.29027	0.31178
0.14815	0.14574	0.02778
0.0	0.0	0.0
0.51852	0.49696	0.39512
0.01887	0.01947	0.0
0.2963	0.30864	0.29412
0.34286	0.32166	0.33032
0.0	0.0	0.0
0.17213	0.19062	0.11402
0.15385	0.23323	0.11111
0.28205	0.29344	0.24415
0.08571	0.10046	0.04545
0.22222	0.22311	0.125
0.57812	0.57355	0.49956
0.18023	0.20684	0.15117
0.19149	0.17706	0.16667
0.17857	0.21543	0.26316
0.16667	0.16844	0.04691
1.0	1.032	1.806
0.23944	0.24579	0.14737
0.08621	0.07897	0.0637
0.16964	0.17798	0.14435
0.38542	0.43446	0.39969
0.20732	0.21124	0.14013
0.24096	0.24096	0.26531
0.27778	0.33511	0.4
0.12745	0.14357	0.12441
0.03846	0.03846	0.05263
0.84615	0.72692	0.7515
0.0	0.0	0.0
0.21739	0.19843	0.12197
0.31579	0.32142	0.23294
0.13208	0.13389	0.03448
0.11364	0.11436	0.06272
0.26606	0.21602	0.16266
0.0	0.0	0.0
0.24468	0.26868	0.20346
0.08333	0.08333	0.0
0.15385	0.15385	0.11111
0.1	0.1	0.0
0.125	0.12633	0.05882
0.06061	0.07233	0.04762
0.10204	0.10796	0.0625
0.19231	0.22454	0.22576
0.14667	0.14709	0.0625
0.28169	0.27166	0.28136
0.19355	0.17065	0.0599
0.54545	0.51612	0.53225
0.34483	0.34483	0.22222
0.275	0.2887	0.13022
0.06977	0.09377	0.06158
0.29661	0.28784	0.22786
0.0	0.0	0.0
0.25714	0.31381	0.2774
0.24	0.2558	0.20303
0.0	0.0	0.0
0.09877	0.1123	0.05455
0.5	0.51742	0.44513
0.16667	0.12706	0.03225
0.17969	0.16128	0.14073
0.24603	0.27289	0.16127
0.22989	0.2484	0.23922
0.4127	0.46746	0.4136
0.1519	0.18251	0.07786
0.0	0.0	0.0
0.84615	0.86838	0.728
0.04478	0.05272	0.03261
0.18797	0.16929	0.10645
0.33333	0.293	0.23086
0.17801	0.18358	0.15335
0.20833	0.2377	0.19716
0.18868	0.18136	0.102
0.32911	0.32337	0.27169
0.25773	0.26304	0.21537
0.57143	0.84786	0.98375
0.27879	0.28189	0.18474
0.19048	0.20429	0.14726
0.24528	0.27449	0.22776
0.15596	0.19147	0.16436
0.38	0.36964	0.36691
0.14679	0.15891	0.11858
0.16176	0.19022	0.16198
0.12727	0.12375	0.06989
0.10526	0.10695	0.08333
0.2	0.2516	0.21657
0.0	0.0	0.0
0.42105	0.42105	0.35714
0.075	0.075	0.07143
0.61111	0.53222	0.45455
0.13043	0.09817	0.08986
0.0	0.0	0.0
0.15909	0.13561	0.08064
0.20779	0.22035	0.18759
0.08451	0.08451	0.06122
0.43902	0.49644	0.34862
0.46154	0.34985	0.23768
0.28571	0.25114	0.192
0.34756	0.35108	0.30212
0.33333	0.35483	0.20682
0.27	0.25933	0.16945
0.30488	0.27456	0.13186
0.13953	0.11177	0.05053
0.09524	0.10803	0.08177
0.13333	0.12258	0.14112
0.18841	0.19681	0.06137
0.14286	0.14286	0.0
0.27778	0.27867	0.17857
0.2125	0.18265	0.11612
0.24528	0.26415	0.20588
0.0	0.0	0.0
0.0	0.0	0.0
0.02564	0.02564	0.04167
0.92754	0.92099	0.93878
0.22222	0.22222	0.2
0.15385	0.29277	0.35075
0.36923	0.36772	0.28571
0.18182	0.1824	0.2
0.17949	0.20595	0.10714
0.2809	0.33344	0.2775
0.16667	0.172	0.0
0.09677	0.06606	0.07015
0.30263	0.30939	0.26449
0.28125	0.28125	0.15385
0.15116	0.12114	0.05137
0.21429	0.19411	0.18709
0.53333	0.51827	0.62722
0.22995	0.20458	0.16055
0.25397	0.27903	0.14378
0.06667	0.06738	0.06773
0.04545	0.04691	0.07938
0.02778	0.02778	0.05
0.18367	0.20735	0.126
0.1	0.1	0.06667
0.5	0.54921	0.35883
0.10256	0.10421	0.07692
0.03448	0.03559	0.0
0.12941	0.12788	0.13782
0.2	0.1688	0.14438
0.07143	0.07143	0.04545
0.12069	0.10955	0.1016
0.2	0.22687	0.19048
0.66667	0.70425	0.61286
0.41667	0.44711	0.40256
0.33981	0.36517	0.30521
0.0	0.0	0.0
0.6	0.5096	0.687
0.23288	0.24701	0.1824
0.31707	0.32256	0.22551
0.16667	0.16667	0.2
0.18325	0.19725	0.16154
1.19118	1.19118	1.0
0.25	0.26128	0.21676
0.06349	0.05632	0.01122
0.07937	0.09113	0.06529
0.2	0.2	0.14286
0.6	0.62857	0.625
0.09804	0.09867	0.06061
0.20192	0.19742	0.2113
0.21186	0.23699	0.13468
0.32075	0.31891	0.22026
0.16667	0.18277	0.19205
0.73333	0.72467	0.8064
0.18824	0.20038	0.11111
0.50943	0.54594	0.46203
0.36667	0.46667	0.52174
0.14286	0.141	0.09091
0.25714	0.25069	0.26245
0.0	0.0	0.0
0.0	0.0	0.0
0.7	0.70805	0.5
0.17241	0.16572	0.08422
0.20261	0.22727	0.14981
0.22059	0.21441	0.13642
0.15238	0.16006	0.11857
0.11688	0.11771	0.09091
0.53846	0.65254	0.77812
0.1746	0.15821	0.12595
0.23313	0.22757	0.19505
0.11364	0.09164	0.06272
0.06061	0.06061	0.05
0.25	0.1766	0.12185
0.26744	0.24379	0.17292
0.32727	0.35071	0.29583
0.2844	0.29179	0.23624
0.32051	0.34449	0.269
0.14286	0.13517	0.06989
0.53333	0.44293	0.48673
0.0	0.0	0.0
0.17742	0.18261	0.13636
0.64286	0.67971	0.705
0.1	0.1	0.05882
0.0	0.0	0.0
0.36559	0.38292	0.34212
0.04762	0.09524	0.06667
0.37931	0.37931	0.5
0.18293	0.14278	0.07923
0.55556	0.5125	0.42393
0.28713	0.305	0.2645
0.13636	0.13636	0.11111
0.13462	0.10608	0.08333
0.05769	0.03412	0.03698
0.28571	0.35014	0.4902
0.2	0.1762	0.16438
0.11475	0.10734	0.07692
0.31579	0.30216	0.39164
0.12346	0.14098	0.08871
0.0	0.0	0.0
0.31579	0.27163	0.27879
0.25	0.25805	0.2
0.35714	0.42857	0.41929
0.15385	0.19231	0.17647
0.21739	0.19466	0.1776
0.22807	0.20088	0.11558
0.1	0.1	0.0
0.15385	0.15135	0.04762
0.17857	0.19986	0.11722
0.2037	0.201	0.17696
0.09836	0.10944	0.07938
0.0625	0.0625	0.06452
0.17526	0.1942	0.14083
0.25	0.21683	0.13032
0.6875	0.58262	0.38709
0.71795	0.80308	0.80124
0.29193	0.30234	0.27495
0.27778	0.25769	0.15348
0.23684	0.25042	0.13523
0.41379	0.4149	0.3
0.22549	0.22659	0.19059
0.29	0.27192	0.1788
0.58974	0.61782	0.71352
0.30147	0.34629	0.30509
0.08	0.08128	0.03261
0.73333	0.73333	0.7
0.11594	0.10799	0.04909
0.2619	0.29876	0.16224
0.13208	0.15155	0.112
0.25	0.28515	0.23215
0.31818	0.34724	0.27669
0.59259	0.70489	0.7
0.13376	0.11977	0.08098
1.0	1.016	0.9096
0.05882	0.05882	0.04545
0.39655	0.37597	0.3653
0.1875	0.19488	0.07633
0.025	0.05	0.08333
0.70588	0.70588	0.69083
0.16667	0.17418	0.13787
0.16364	0.15484	0.16667
0.21053	0.21221	0.125
0.40278	0.40769	0.38778
0.10101	0.07917	0.04985
0.19048	0.19048	0.16667
0.0	0.0	0.0
0.58333	0.61127	0.55886
0.17647	0.14703	0.10617
0.18033	0.21839	0.15263
0.3	0.25913	0.15514
0.54054	0.54141	0.50123
0.27778	0.23235	0.15618
0.25225	0.24323	0.19691
0.13115	0.11184	0.06224
0.0	0.0	0.0
1.0	1.0	1.0
0.18033	0.17397	0.13158
0.13208	0.18502	0.17369
0.54839	0.59103	0.53978
0.20325	0.21714	0.16296
0.07273	0.06393	0.02778
0.22973	0.25957	0.19954
0.16279	0.12677	0.04659
1.0	1.55367	1.4256
0.2037	0.18935	0.13685
0.11207	0.11596	0.08938
0.05	0.03548	0.01911
0.28205	0.29113	0.11662
0.14286	0.14797	0.10036
0.17582	0.17901	0.09043
0.15493	0.16946	0.08579
0.26087	0.22555	0.17044
0.76642	0.78877	0.77765
0.24138	0.28362	0.2161
0.27059	0.27475	0.23454
0.35985	0.33453	0.27824
0.28333	0.2817	0.28887
0.10577	0.09956	0.05171
0.44444	0.48022	0.086
0.10127	0.10494	0.078
0.11321	0.11381	0.10526
0.58824	0.59012	0.48128
0.2093	0.20028	0.17238
0.13043	0.1122	0.09677
0.42857	0.44929	0.1516
0.425	0.425	0.41379
0.22892	0.23007	0.18767
0.42857	0.42857	0.33333
0.2963	0.29389	0.34714
0.1	0.15	0.125
0.33333	0.30644	0.16418
0.125	0.15725	0.14286
0.33333	0.34994	0.21505
0.10526	0.10695	0.07692
0.28571	0.28571	0.25
0.24528	0.2757	0.22776
0.25	0.26158	0.256
0.34921	0.3461	0.31333
0.21739	0.21739	0.125
0.15686	0.1461	0.06769
0.17544	0.19751	0.20141
0.20833	0.21678	0.14472
0.45161	0.45161	0.5
0.46341	0.42327	0.35483
0.17361	0.17764	0.1488
0.21053	0.18674	0.27292
0.09091	0.09091	0.05556
0.22222	0.22025	0.16178
0.16993	0.17689	0.125
0.0	0.0	0.0
0.26316	0.26484	0.31015
0.1087	0.09011	0.02908
0.02679	0.02736	0.0125
0.10606	0.10312	0.06977
0.41538	0.40246	0.36557
0.32353	0.31024	0.2305
0.44444	0.47311	0.37633
0.2963	0.2963	0.30303
0.13821	0.13479	0.08273
0.43478	0.48104	0.36364
0.0	0.0	0.0
0.33333	0.28405	0.1588
0.26316	0.26484	0.23077
0.25424	0.21485	0.16553
0.41611	0.45374	0.40798
0.16949	0.20664	0.16577
0.21429	0.21429	0.22222
0.37931	0.37906	0.29601
0.59259	0.62963	0.61905
0.5	0.51264	0.47624
0.42857	0.43736	0.38298
0.19231	0.19231	0.23529
0.0	0.0	0.0
0.175	0.1629	0.1
0.29474	0.30626	0.23849
0.49505	0.49537	0.45902
0.33981	0.39648	0.33663
0.28718	0.31296	0.22033
0.85714	0.50686	0.4435
0.0303	0.0303	0.02174
0.45455	0.434	0.32257
0.21053	0.18674	0.25114
0.07843	0.08094	0.0
0.53846	0.54092	0.5
0.38462	0.39867	0.308
1.0	1.0	1.0
0.54348	0.50065	0.33624
0.03571	0.02764	0.03686
0.18692	0.21433	0.14491
0.38182	0.40055	0.39537
0.29323	0.29079	0.16883
0.46667	0.4322	0.5193
0.58696	0.58761	0.51386
0.21552	0.22497	0.15429
0.125	0.11693	0.08571
0.22222	0.24516	0.16129
0.15152	0.1779	0.16069
0.33333	0.3773	0.29244
0.11628	0.09001	0.04414
0.2381	0.2381	0.26667
0.16279	0.14102	0.126
0.52778	0.55556	0.52381
0.13889	0.13261	0.125
0.26389	0.27597	0.21
0.1828	0.16786	0.11178
0.14754	0.14648	0.10465
0.5	0.5	0.4
0.33898	0.31327	0.27495
0.05263	0.05263	0.07692
0.0	0.0	0.0
0.27273	0.31	0.26109
0.31169	0.33556	0.26081
0.28205	0.26631	0.2995
0.21053	0.21333	0.12195
0.02381	0.02381	0.0
0.0	0.0	0.0
0.3	0.32964	0.23516
0.31111	0.324	0.18
0.15517	0.16601	0.14815
0.03846	0.03846	0.0
0.2	0.2	0.21429
0.24561	0.22747	0.13454
0.29213	0.24935	0.20447
0.26623	0.21929	0.1572
0.21605	0.22659	0.1761
0.15068	0.15068	0.08511
0.58824	0.69629	0.6515
0.0	0.0	0.0
0.27586	0.22634	0.18505
0.22378	0.21226	0.19056
0.69231	0.69231	0.77778
0.22222	0.42289	0.40086
0.17391	0.21878	0.1875
0.48276	0.46048	0.35482
0.05	0.05	0.07692
0.37615	0.38294	0.30046
0.15152	0.15152	0.08696
0.35849	0.35849	0.36364
0.13953	0.08777	0.05831
0.12766	0.13004	0.08493
0.22222	0.11289	0.08333
0.28571	0.25536	0.18261
0.40698	0.42122	0.38948
0.13333	0.13333	0.08696
0.28	0.25804	0.154
0.04938	0.04819	0.0625
0.20792	0.20121	0.19876
0.07826	0.07405	0.03614
0.0	0.0	0.0
0.12903	0.11029	0.07219
0.28	0.31996	0.31747
0.09091	0.09091	0.0
0.23913	0.22861	0.13889
0.78205	0.90272	0.83926
0.31915	0.3754	0.33769
0.59259	0.6057	0.58759
0.15909	0.15468	0.09907
0.28571	0.26111	0.22841
0.25	0.22827	0.21289
0.51163	0.4122	0.37746
0.32609	0.33939	0.24133
0.2963	0.2963	0.15
0.45902	0.40189	0.37682
0.26582	0.26582	0.23636
0.35135	0.28419	0.30765
0.33333	0.33049	0.22222
0.12712	0.13229	0.05271
0.28571	0.28648	0.23077
0.52778	0.54614	0.53377
0.20183	0.19206	0.13271
0.28571	0.24167	0.21605
0.54717	0.55077	0.3821
0.26471	0.29412	0.31579
0.12757	0.11761	0.09431
0.04688	0.04688	0.02564
0.2	0.23333	0.13636
0.03191	0.03191	0.0303
0.0625	0.0625	0.09091
0.12281	0.16354	0.10725
0.22124	0.21381	0.19576
0.31169	0.31252	0.25537
0.15625	0.17134	0.16895
0.28125	0.26812	0.26391
2.5	3.016	4.032
1.2	1.8386	2.36533
0.26	0.2503	0.18144
0.22078	0.28319	0.21903
0.11765	0.14894	0.12256
0.10526	0.11884	0.10483
0.32	0.36384	0.19353
0.10526	0.10807	0.02273
0.10317	0.12722	0.04547
0.125	0.09897	0.07654
0.09091	0.07624	0.07219
0.13	0.1387	0.10035
0.15385	0.15986	0.13106
0.16438	0.19574	0.15762
0.07619	0.0854	0.08479
0.20611	0.20879	0.13476
0.30556	0.45161	0.4735
0.07547	0.07608	0.05644
0.7	0.6225	0.50533
0.10345	0.10345	0.08333
0.21978	0.24705	0.17151
0.17431	0.17844	0.13411
0.8	0.7032	0.66667
0.13187	0.14037	0.06557
0.11881	0.12935	0.08541
0.15385	0.15086	0.11556
0.06061	0.06158	0.03846
0.27027	0.2563	0.23942
0.15714	0.17557	0.15443
0.28571	0.288	0.0
0.3038	0.36625	0.19076
0.25	0.336	0.379
0.07407	0.11111	0.06667
0.15657	0.17236	0.15559
0.34211	0.35198	0.27477
0.05769	0.04342	0.00629
0.25	0.2555	0.17204
0.08791	0.12832	0.09404
0.33929	0.33494	0.23064
0.2	0.16644	0.10526
0.36667	0.36665	0.28942
0.14286	0.14743	0.1032
0.3617	0.35209	0.32814
0.10112	0.10148	0.09091
0.30732	0.2988	0.23535
0.92	0.94448	0.83689
0.16471	0.16584	0.15572
0.19512	0.26198	0.24924
0.21053	0.20796	0.17365
0.625	0.5725	0.20967
0.36842	0.35653	0.28908
0.42857	0.37938	0.26957
0.08571	0.0728	0.02064
0.375	0.41396	0.31279
0.11429	0.1152	0.04348
0.13924	0.11473	0.10173
1.0	1.1224	1.26867
0.04	0.04	0.05714
0.08696	0.08696	0.09677
0.32857	0.34469	0.24256
0.34746	0.35592	0.36556
0.23529	0.18594	0.07692
0.04545	0.04691	0.07938
0.27885	0.26937	0.19011
0.425	0.425	0.38462
0.18478	0.19704	0.15322
0.25	0.22714	0.1942
0.12121	0.12218	0.13183
0.10256	0.11826	0.11057
0.15	0.1504	0.06897
0.15476	0.14207	0.14848
0.28662	0.26955	0.21438
0.10185	0.11259	0.05075
0.21053	0.21558	0.29029
0.10638	0.08579	0.07007
0.2963	0.33333	0.26316
0.18386	0.1918	0.12945
0.18803	0.18913	0.14321
0.68919	0.67697	0.62963
0.23404	0.26149	0.31082
0.2	0.20276	0.14943
0.02564	0.02646	0.0
0.30556	0.35033	0.21827
0.13889	0.16667	0.16667
0.26667	0.27453	0.20107
0.0	0.0	0.0
0.1371	0.13527	0.09492
0.0	0.0	0.0
0.15094	0.12842	0.13685
0.08955	0.06403	0.0362
0.2549	0.32129	0.25105
0.19608	0.18216	0.1531
0.42857	0.44237	0.38707
0.33333	0.29089	0.2105
0.20172	0.21735	0.15827
0.17188	0.11894	0.10609
0.16867	0.17139	0.10625
0.15385	0.15385	0.1
0.12791	0.13765	0.11261
0.11224	0.1129	0.05634
0.19588	0.26337	0.21319
0.3125	0.33262	0.20256
0.22222	0.18906	0.13032
0.47368	0.46347	0.48383
0.2931	0.34424	0.30888
0.15789	0.15874	0.15508
0.20968	0.22735	0.17949
0.1875	0.21975	0.13282
0.25	0.24819	0.14064
0.47222	0.46772	0.30529
0.54545	0.70964	0.64511
0.0	0.0	0.0
0.35115	0.34374	0.22209
0.60465	0.60988	0.57565
0.28696	0.32733	0.28082
0.0	0.0	0.0
0.12195	0.12273	0.09091
0.08333	0.093	0.06
0.08824	0.08506	0.02229
0.48837	0.47522	0.43009
0.2	0.2	0.0
0.31707	0.33985	0.32152
0.09524	0.14362	0.07559
0.0	0.0	0.0
0.16071	0.14804	0.11429
0.27632	0.2746	0.21587
0.02941	0.02941	0.0
0.03846	0.03908	0.02632
0.53333	0.6172	0.5258
0.14545	0.11495	0.04762
0.04762	0.04762	0.07143
0.23377	0.22747	0.14516
0.21569	0.22831	0.09767
0.125	0.1255	0.12245
0.3578	0.33294	0.27822
0.12963	0.16307	0.15279
0.56	0.56384	0.47624
0.13043	0.12855	0.09867
0.18557	0.17858	0.15085
0.12903	0.12903	0.1
0.20339	0.22088	0.18031
0.29787	0.31616	0.26408
0.14894	0.14583	0.0758
0.17857	0.17511	0.09524
0.37879	0.39245	0.29338
0.73684	0.72663	0.7
0.36667	0.33008	0.26772
0.23944	0.27031	0.23305
0.45	0.4387	0.41379
0.36709	0.34053	0.29465
0.21014	0.22557	0.18951
0.05286	0.05869	0.03247
0.21472	0.20818	0.18015
0.26667	0.33333	0.08333
0.37838	0.36962	0.24683
0.17073	0.15341	0.13006
0.17647	0.17171	0.0896
0.44	0.4174	0.333
0.23438	0.31702	0.26705
0.14667	0.14107	0.11488
0.13333	0.1258	0.12609
0.41667	0.41933	0.28225
0.15625	0.15625	0.09091
0.21591	0.26501	0.24383
0.32609	0.31905	0.22257
0.09375	0.09946	0.09677
0.25806	0.2591	0.22727
0.0	0.0	0.0
0.31522	0.31484	0.25695
0.23529	0.23101	0.24883
0.18367	0.19046	0.1235
0.13816	0.14516	0.08571
0.14504	0.16153	0.11147
0.21053	0.21053	0.13333
0.31034	0.3181	0.22424
0.27717	0.29451	0.24984
0.12245	0.12245	0.09375
0.05	0.05	0.07692
0.09756	0.08024	0.08064
0.29921	0.29867	0.23678
0.52941	0.60329	0.55633
0.3617	0.35413	0.16224
0.15385	0.15385	0.0
0.25	0.14783	0.14286
0.5	0.52821	0.38706
0.03571	0.03571	0.0
0.17143	0.15943	0.16127
0.5098	0.50316	0.45293
0.74074	0.79622	0.68173
0.08333	0.125	0.14286
0.02439	0.02517	0.0
0.16667	0.15842	0.13241
0.75	0.75	0.66667
0.22857	0.24653	0.11289
0.05556	0.05556	0.08333
0.8	0.7032	0.66667
1.0	1.245	1.473
0.24224	0.24702	0.20698
0.23684	0.21221	0.19354
0.15	0.15	0.18519
0.51613	0.5931	0.45517
0.08824	0.09448	0.02655
0.16216	0.18481	0.11558
0.27273	0.27273	0.23333
0.53846	0.58308	0.43259
0.37037	0.36793	0.18782
0.12319	0.11897	0.03541
0.33333	0.33333	0.2
0.05128	0.06121	0.01887
0.36667	0.35267	0.23288
0.26667	0.2344	0.20967
0.28	0.34128	0.29032
0.19565	0.15146	0.1086
0.05172	0.05172	0.05405
0.41176	0.41365	0.25267
0.03125	0.03125	0.04762
0.14286	0.14286	0.0
0.16667	0.172	0.0
0.07609	0.08133	0.01985
0.26623	0.26623	0.25
0.17757	0.17152	0.1335
0.10714	0.10829	0.12124
0.2037	0.20698	0.16667
0.38889	0.42561	0.35483
0.08065	0.08116	0.04545
0.22222	0.25702	0.19276
0.44444	0.4743	0.31579
0.0	0.0	0.0
0.04348	0.04487	0.0
0.12766	0.1297	0.03226
0.08824	0.09106	0.04691
0.12903	0.11342	0.09091
0.13793	0.15294	0.12715
0.3	0.2387	0.20967
0.17647	0.22294	0.13259
0.0	0.0	0.0
0.16	0.16205	0.08681
0.25532	0.25804	0.17338
0.01754	0.00905	0.0
0.8	0.7032	0.66667
0.22222	0.21197	0.14028
0.21212	0.21309	0.15
0.2875	0.2887	0.299
0.24444	0.24658	0.15248
0.33333	0.33527	0.25
0.0	0.0	0.0
0.15094	0.15094	0.13158
0.31034	0.28141	0.2
0.13889	0.1335	0.13636
0.12727	0.14193	0.09759
0.22727	0.22727	0.2
0.16901	0.21172	0.14
0.22727	0.239	0.22042
0.12987	0.12987	0.125
0.34568	0.35044	0.29441
0.88235	0.98671	0.841
0.07143	0.07143	0.09091
0.31429	0.35663	0.33517
0.23077	0.22144	0.11968
0.03774	0.03774	0.05263
0.33333	0.35483	0.26843
0.03448	0.03559	0.0
0.23077	0.30769	0.25
0.25	0.25	0.26087
0.4	0.4161	0.28571
0.24691	0.24212	0.17418
0.0	0.0	0.0
0.0625	0.0625	0.0
0.2973	0.29116	0.26977
0.03448	0.03559	0.0
0.44444	0.39067	0.4
0.26667	0.1548	0.08209
0.25333	0.23352	0.12256
0.32258	0.26013	0.23983
0.14474	0.13709	0.09806
0.78788	0.78788	0.8
0.10526	0.10526	0.06667
0.19048	0.2381	0.15385
0.075	0.09838	0.10482
0.21302	0.22312	0.17301
0.41304	0.43933	0.43404
0.16234	0.16903	0.10822
0.21918	0.20149	0.13572
0.1	0.0516	0.07371
0.11561	0.11243	0.08445
0.14706	0.13376	0.12128
0.45	0.34915	0.25207
0.33058	0.32389	0.26203
0.17241	0.17241	0.16667
0.48649	0.51349	0.50909
0.12195	0.11093	0.098
0.05714	0.05714	0.0
0.5	0.5	0.4
0.24364	0.23764	0.17449
0.2439	0.2439	0.16667
0.22727	0.22945	0.15096
0.05512	0.06375	0.03448
0.4375	0.4395	0.448
0.0	0.0	0.0
0.33333	0.35004	0.1875
0.31034	0.30866	0.28595
0.02632	0.02716	0.0
0.10714	0.10655	0.03698
0.2766	0.26902	0.13282
0.77778	1.00356	1.16667
0.19277	0.20092	0.13088
0.23457	0.21425	0.1301
0.28261	0.28961	0.28586
0.36	0.30192	0.2258
0.11111	0.08481	0.0129
0.17857	0.18179	0.15373
0.14286	0.17971	0.1
0.17647	0.16633	0.10783
0.19084	0.1827	0.16017
0.11765	0.11765	0.08333
0.03704	0.03704	0.02564
0.32203	0.30781	0.28494
0.18182	0.19355	0.25
0.81818	0.85627	0.77414
0.19626	0.16881	0.13528
0.04286	0.04286	0.06667
0.35484	0.31056	0.21134
0.64286	0.58986	0.60211
0.46667	0.3118	0.26391
0.91667	1.25	1.1
0.45833	0.42875	0.20362
0.1087	0.11078	0.07117
0.18349	0.18377	0.10783
0.13333	0.13739	0.13043
0.12037	0.10454	0.12065
0.18935	0.18056	0.13313
0.21951	0.21951	0.14286
0.0597	0.06018	0.01136
0.26154	0.24465	0.1881
0.15625	0.15825	0.09524
0.625	0.72575	0.46767
0.15385	0.15385	0.21053
0.23288	0.26247	0.21804
0.23636	0.24691	0.25714
0.10256	0.11621	0.05139
0.38462	0.44162	0.40173
0.41667	0.43222	0.33359
0.15517	0.18576	0.12258
0.06897	0.06897	0.05172
0.04762	0.02457	0.0344
0.10417	0.09979	0.05483
0.2	0.2258	0.146
0.38889	0.39244	0.3927
0.21053	0.25042	0.14286
0.225	0.2266	0.19774
0.16667	0.16667	0.08333
0.12844	0.14707	0.09501
0.1087	0.10916	0.09753
0.2381	0.19814	0.14286
0.25269	0.26949	0.25371
0.24051	0.25354	0.18379
0.13889	0.13889	0.16667
0.28906	0.31752	0.25202
0.12821	0.12613	0.09242
0.19118	0.19306	0.18648
0.25	0.25	0.2
0.30108	0.3257	0.266
0.23529	0.23529	0.18182
0.27586	0.3109	0.25368
0.0641	0.07774	0.0339
0.36667	0.35157	0.34014
0.0	0.0	0.0
0.09524	0.096	0.0
0.04348	0.05797	0.05882
0.25352	0.29439	0.10638
0.17822	0.16129	0.14448
0.3	0.2387	0.293
0.34965	0.33656	0.29329
0.125	0.125	0.16667
0.31313	0.33788	0.23969
0.11364	0.15395	0.11111
0.21277	0.23609	0.19665
0.36559	0.42385	0.32997
0.1875	0.25	0.28571
0.23404	0.28345	0.21226
0.12329	0.12373	0.09494
0.46429	0.46771	0.43453
0.32143	0.31336	0.33965
0.26316	0.27332	0.22308
0.22222	0.23415	0.20581
0.12	0.11548	0.11436
0.05634	0.05679	0.02
0.34043	0.39255	0.33869
0.27778	0.36111	0.42857
0.20192	0.20285	0.11268
0.06897	0.06062	0.04097
0.01266	0.02532	0.01818
0.09565	0.09144	0.06646
0.48571	0.62117	0.54478
0.58333	0.54567	0.3774
0.28302	0.27936	0.23089
0.39394	0.43888	0.46477
0.48	0.46064	0.39558
0.48485	0.48679	0.48117
0.16901	0.17718	0.14
0.8	0.7032	0.66667
0.09375	0.09172	0.11639
0.14286	0.14438	0.0
0.20482	0.19704	0.15483
0.13043	0.13043	0.17647
0.37037	0.36674	0.38462
0.0	0.0	0.0
0.3	0.3258	0.32257
0.06557	0.05921	0.01323
0.13043	0.12515	0.06649
0.42857	0.49307	0.2032
0.0	0.0	0.0
0.06667	0.06773	0.05
0.67188	0.64161	0.58963
0.21429	0.21429	0.16
0.125	0.17338	0.11582
0.31818	0.3277	0.30384
0.09	0.09	0.05714
0.29167	0.34675	0.37188
0.16	0.16257	0.11589
0.21127	0.20989	0.13932
0.23179	0.23903	0.17454
0.12903	0.15242	0.11898
0.53333	0.49997	0.38142
0.66667	0.77257	0.72571
0.03571	0.03571	0.0
0.2043	0.21366	0.18212
0.42857	0.42857	0.25
0.43478	0.43478	0.5
0.08642	0.09956	0.03774
0.32203	0.36576	0.29031
0.10345	0.13903	0.13043
0.07143	0.07143	0.04255
0.14286	0.14514	0.0
0.52941	0.48288	0.3129
0.21229	0.2175	0.1834
0.4898	0.48057	0.39645
1.5	1.79	2.032
0.125	0.12845	0.07426
0.21053	0.20108	0.15478
0.14	0.15418	0.10931
0.56757	0.51695	0.45891
0.23077	0.23077	0.11765
1.04412	1.05882	0.87755
0.8	0.7032	0.66667
0.51724	0.40597	0.24881
0.30357	0.30606	0.24359
0.08889	0.0896	0.0
0.53846	0.38954	0.30822
0.36667	0.38923	0.32421
0.63043	0.65915	0.59137
0.1	0.1	0.125
0.71429	0.77414	0.529
0.19355	0.1826	0.12826
0.10577	0.09677	0.07394
0.14062	0.14062	0.14634
0.30233	0.29556	0.20159
0.07576	0.1217	0.10526
0.47059	0.52465	0.55678
0.37037	0.42411	0.33394
0.30263	0.2988	0.24029
0.20492	0.22315	0.19847
0.24138	0.26028	0.06621
0.15385	0.13523	0.13242
0.43421	0.4032	0.286
0.20915	0.191	0.13933
0.23762	0.24081	0.20993
0.02778	0.02778	0.05
0.25352	0.26441	0.18722
0.14013	0.13293	0.08871
0.21429	0.21429	0.25
0.25532	0.26834	0.14706
0.44444	0.39067	0.4
0.18817	0.21174	0.16833
0.81081	0.80292	0.77135
0.30488	0.3324	0.27916
0.15574	0.15149	0.07485
0.08333	0.08333	0.0
0.25758	0.23508	0.19279
0.71429	0.71871	0.645
0.51613	0.54629	0.52381
0.08824	0.13376	0.08333
0.08451	0.08859	0.05089
0.18868	0.15215	0.11894
0.25	0.21975	0.2
0.20513	0.20513	0.20833
0.22835	0.23722	0.16618
0.07143	0.07143	0.05556
0.0	0.0	0.0
0.45714	0.3852	0.18327
0.16327	0.16457	0.10181
0.09756	0.09756	0.0
0.15152	0.14564	0.09957
0.1375	0.1379	0.06897
0.13208	0.13268	0.09781
0.0	0.0	0.0
0.1634	0.15916	0.11586
0.11765	0.11479	0.06
0.18391	0.18464	0.1079
0.0	0.0	0.0
0.8	0.9418	1.31167
0.8	0.7032	0.66667
0.44444	0.42652	0.3758
0.26994	0.26874	0.20115
0.8	0.7032	0.66667
0.19577	0.17408	0.11702
0.35714	0.35714	0.375
0.14286	0.14286	0.16667
0.05556	0.05556	0.0
0.18519	0.19682	0.14103
0.85714	0.788	0.75
0.11278	0.11326	0.08346
0.21176	0.21252	0.13585
0.0	0.0	0.0
0.13265	0.13362	0.09329
0.21053	0.19521	0.129
0.15625	0.11894	0.07623
0.02439	0.02439	0.0303
0.08475	0.06505	0.03698
0.40816	0.36798	0.26557
0.22	0.21612	0.15152
0.25	0.22131	0.12128
0.10345	0.12124	0.10939
0.20588	0.27229	0.18327
0.06742	0.04856	0.03763
0.23636	0.25805	0.20882
0.23239	0.22966	0.20785
0.07692	0.07774	0.0658
0.07463	0.09051	0.04673
0.24324	0.27724	0.23077
0.24771	0.25331	0.12731
0.39512	0.39165	0.33763
0.28571	0.29695	0.2519
0.13793	0.15738	0.136
0.22115	0.23975	0.11797
0.23529	0.23529	0.07692
0.30719	0.2709	0.18498
0.10417	0.08871	0.1051
0.23529	0.22453	0.15559
0.10968	0.11488	0.09644
0.25641	0.19685	0.09408
0.27273	0.25291	0.24245
0.15	0.1586	0.11579
1.5	2.016	3.032
0.32353	0.34059	0.24058
0.11111	0.1321	0.09503
0.35	0.2661	0.15889
0.04762	0.04762	0.03448
0.41379	0.38707	0.27495
0.28431	0.30706	0.23777
0.14286	0.16966	0.16438
0.26761	0.29349	0.252
0.35616	0.36542	0.25671
0.14403	0.13607	0.1148
0.13208	0.13755	0.09676
0.0	0.0	0.0
0.04	0.08	0.05
0.12	0.12128	0.05806
0.36667	0.38492	0.38872
0.5	0.50096	0.44924
0.30137	0.31373	0.21618
0.17391	0.12691	0.07527
0.38462	0.34738	0.19165
0.26667	0.26667	0.25
0.32	0.31094	0.29409
0.08235	0.09449	0.10345
0.38462	0.38462	0.375
0.30769	0.35731	0.29675
0.11111	0.11111	0.0
0.07143	0.08663	0.04545
0.14286	0.28571	0.25
0.2449	0.24884	0.25
0.21875	0.3125	0.35
0.26144	0.29093	0.26018
0.37273	0.41054	0.38193
0.23404	0.24409	0.16482
0.0	0.0	0.0
0.17708	0.17674	0.12396
0.13333	0.1344	0.0
0.05674	0.06223	0.06186
0.125	0.15725	0.05
0.54545	0.607	0.33462
0.0	0.0	0.0
0.3871	0.45265	0.33486
0.13043	0.12762	0.09804
0.38462	0.42554	0.35482
0.08108	0.08892	0.04838
0.25806	0.25806	0.2381
0.35135	0.34524	0.34408
0.13861	0.13988	0.12144
0.0	0.0	0.0
0.06452	0.06555	0.04348
0.23577	0.2132	0.16128
0.23457	0.26184	0.23465
0.12844	0.12399	0.04952
0.25	0.252	0.09091
0.0	0.0	0.0
0.27536	0.26038	0.2363
0.15385	0.15385	0.14286
0.28571	0.28571	0.25
0.55357	0.57143	0.57895
0.1	0.08249	0.05353
0.08824	0.08886	0.09247
0.08333	0.08333	0.0
0.10811	0.1107	0.04167
0.29412	0.25235	0.16129
0.14074	0.14862	0.13032
0.07317	0.07317	0.06452
0.20833	0.26746	0.2946
0.08	0.08	0.0
0.13793	0.13793	0.14286
0.34375	0.30544	0.29618
0.28261	0.33204	0.31529
0.13889	0.1347	0.06361
0.55556	0.52597	0.47619
0.14286	0.14286	0.0
0.58824	0.56165	0.4
0.63636	0.64415	0.51352
0.09677	0.09781	0.0
0.05455	0.05455	0.04054
0.29464	0.28223	0.152
0.16667	0.15658	0.13793
0.06923	0.07791	0.02247
0.24444	0.22867	0.243
0.03846	0.03846	0.05263
0.76471	0.76471	0.70833
0.24561	0.23146	0.17176
0.1746	0.17562	0.08889
0.19178	0.17189	0.11548
0.07143	0.07143	0.09091
0.14286	0.18201	0.1752
0.07547	0.07728	0.03448
0.83333	0.862	0.69231
0.42553	0.49687	0.46466
0.43478	0.43474	0.29353
0.12	0.14064	0.11429
0.26531	0.27868	0.22644
0.19277	0.20675	0.16981
0.14493	0.14352	0.12979
0.31731	0.29279	0.17628
0.53846	0.526	0.54025
0.35714	0.38169	0.29409
0.22222	0.22222	0.2
0.17978	0.1689	0.17694
0.17544	0.19354	0.10526
0.26316	0.28011	0.13659
0.275	0.29069	0.22817
0.2	0.2258	0.11538
0.75	1.0	0.5
0.9	0.9322	0.88167
0.28571	0.21657	0.086
0.21277	0.20349	0.15731
0.17391	0.1753	0.0625
0.38136	0.40484	0.26895
0.27778	0.28136	0.24211
0.15758	0.17223	0.11619
0.11111	0.11111	0.14286
0.61538	0.78408	0.77412
0.11628	0.11702	0.07407
0.21429	0.24307	0.27778
0.34483	0.34483	0.36842
0.2	0.1645	0.14514
0.2234	0.22236	0.17888
0.08333	0.096	0.07407
0.13793	0.13793	0.15789
0.05556	0.05556	0.0
0.24	0.20192	0.16933
0.34146	0.32728	0.19044
0.18939	0.21945	0.17689
0.22936	0.23379	0.12857
0.11765	0.11812	0.0625
0.35135	0.39054	0.30291
0.45455	0.45745	0.3145
0.23684	0.23725	0.16392
0.20833	0.22983	0.15053
0.2029	0.19588	0.13298
0.15686	0.15749	0.11429
0.31707	0.39493	0.38576
0.0	0.0	0.0
0.26702	0.26093	0.24464
0.5	0.52802	0.56617
0.65517	0.5361	0.45619
0.57143	0.50229	0.629
0.29032	0.23516	0.24058
0.05376	0.07527	0.04762
0.5	0.52417	0.329
0.46939	0.43182	0.34943
0.175	0.1629	0.13333
0.36364	0.434	0.5
0.08696	0.08765	0.06667
0.0641	0.05086	0.01923
0.13483	0.11018	0.11919
0.32143	0.27879	0.181
1.0	1.26156	1.5548
0.45455	0.52782	0.33333
0.13793	0.14683	0.1403
0.13793	0.114	0.05942
0.34783	0.34852	0.28571
0.23256	0.22805	0.18044
0.11765	0.09582	0.05263
0.23853	0.2326	0.20321
0.07692	0.07754	0.05263
0.15385	0.15385	0.1
0.17808	0.15067	0.10939
0.11765	0.12219	0.07397
0.2623	0.25066	0.21347
0.14118	0.11915	0.09207
0.17857	0.18363	0.13978
0.41379	0.43769	0.29211
0.26087	0.26413	0.20687
0.36667	0.37308	0.25141
0.11111	0.13022	0.11981
0.12821	0.14887	0.08521
0.22807	0.21958	0.14606
0.18182	0.20455	0.12
0.25926	0.24193	0.19745
0.03333	0.03333	0.04762
0.34375	0.30641	0.21259
0.22414	0.24138	0.18421
0.02703	0.02703	0.03846
0.15556	0.16702	0.17238
0.10227	0.09402	0.07189
0.14706	0.148	0.12766
0.22807	0.20542	0.19023
0.11765	0.11765	0.09091
0.06977	0.09377	0.06158
0.0	0.0	0.0
0.47826	0.44178	0.29412
0.09211	0.10568	0.07692
0.0	0.0	0.0
1.0	1.29378	1.8578
0.25862	0.307	0.26356
0.04167	0.043	0.0
0.325	0.33508	0.36165
0.29167	0.28358	0.29802
0.2973	0.28129	0.25709
0.24	0.24178	0.16048
0.34483	0.30921	0.27417
0.38596	0.36388	0.25069
0.8	0.7032	0.66667
0.0	0.0	0.0
0.38636	0.42666	0.33503
0.25974	0.29073	0.31979
0.12903	0.16232	0.09091
0.35714	0.3335	0.26164
0.32075	0.31708	0.21289
0.18182	0.17448	0.1143
0.27273	0.2422	0.18376
0.13253	0.1197	0.131
0.31915	0.34818	0.2629
0.16514	0.18407	0.16705
0.5	0.47308	0.35481
0.21429	0.22949	0.22642
0.09559	0.09107	0.06486
0.0	0.0	0.0
0.3125	0.3129	0.26
0.11765	0.11765	0.08333
0.20468	0.19731	0.12442
0.71429	0.71429	0.57143
0.63636	0.73309	0.75267
0.29885	0.261	0.27478
0.29231	0.29031	0.18969
0.1	0.1004	0.08
0.34783	0.42213	0.41731
0.30303	0.27662	0.23691
0.6875	0.6895	0.67022
0.63303	0.60339	0.47475
0.11111	0.13528	0.0
0.18269	0.20501	0.15037
0.12782	0.12806	0.10385
0.06667	0.06667	0.0
0.275	0.3024	0.21878
0.10377	0.13238	0.12
0.30189	0.29396	0.29838
0.31373	0.32004	0.20187
0.09357	0.07658	0.04935
0.15957	0.18289	0.0625
0.31373	0.29031	0.17383
0.09804	0.1189	0.06452
0.32468	0.33388	0.30846
0.14667	0.14667	0.08333
0.14583	0.15523	0.14568
0.34483	0.32882	0.2712
0.10119	0.11386	0.07708
0.42857	0.41814	0.28311
0.0	0.0	0.0
0.0	0.0	0.0
0.04478	0.04478	0.02174
0.16	0.1432	0.03686
0.22826	0.24648	0.23372
0.17347	0.14647	0.10988
0.0	0.0	0.0
0.28571	0.288	0.25178
0.92308	0.91062	0.879
0.14286	0.12903	0.08516
0.18072	0.19393	0.1672
0.1	0.16773	0.10526
0.20588	0.222	0.13113
0.1	0.1254	0.08
0.24138	0.24138	0.21622
0.18571	0.19031	0.12128
0.10256	0.11579	0.07843
0.33333	0.33333	0.0
0.41379	0.44045	0.30495
0.21818	0.24338	0.18048
0.18232	0.20227	0.1301
0.09091	0.09382	0.0
0.5	0.52147	0.41934
0.46667	0.3118	0.22873
0.04839	0.04994	0.0
0.04444	0.04444	0.03448
0.25	0.25563	0.26836
0.1087	0.13113	0.09091
0.13333	0.1172	0.09091
0.18812	0.18459	0.17851
0.22561	0.25116	0.19289
0.10526	0.10526	0.18182
0.20548	0.22137	0.14717
0.38636	0.38782	0.28586
0.175	0.2016	0.14815
0.5	0.50145	0.5
0.17647	0.15035	0.02174
0.16129	0.17862	0.15591
0.3913	0.33935	0.38135
0.168	0.18761	0.09902
0.54167	0.57392	0.6
0.19231	0.1985	0.17841
0.13793	0.13793	0.15789
0.03704	0.03704	0.04762
0.29032	0.26639	0.28445
0.16667	0.19622	0.11111
0.06509	0.06585	0.0531
0.22222	0.22222	0.16667
0.07692	0.07579	0.05832
0.24074	0.25387	0.14628
0.0	0.0	0.0
0.1982	0.20371	0.1551
0.26667	0.3376	0.33333
0.12791	0.1414	0.1016
2.0	2.0	2.0
0.14516	0.14619	0.05128
1.5	1.5	1.0
0.1	0.1	0.09524
0.8	0.5806	0.66667
0.20833	0.28225	0.1875
0.375	0.41025	0.32109
0.38889	0.3745	0.37093
0.46	0.48578	0.47681
0.24242	0.19158	0.1258
0.17073	0.15341	0.13006
0.375	0.375	0.375
0.17241	0.19021	0.13514
0.54545	0.49559	0.49032
0.28302	0.30796	0.185
0.03226	0.03226	0.0
0.0	0.0	0.0
0.17284	0.18877	0.13725
0.70455	0.81377	0.8231
0.5	0.48162	0.40227
0.08929	0.08064	0.08571
0.35294	0.34629	0.26881
