0.2	0.08389	0.06823
0.11475	0.08515	0.07692
0.31579	0.11884	0.1245
0.12346	0.06432	0.06317
0.0	0.0	0.0
0.31579	0.09337	0.12443
0.25	0.13465	0.2
0.35714	0.318	0.17743
0.15385	0.12842	0.17647
0.21739	0.11865	0.10704
0.22807	0.0747	0.05647
0.1	0.1	0.0
0.15385	0.07346	0.04762
0.17857	0.05502	0.06178
0.2037	0.12726	0.09613
0.09836	0.02803	0.00992
0.0625	0.0625	0.06452
0.17526	0.10043	0.04885
0.25	0.12544	0.12128
0.6875	0.19363	0.36655
0.71795	0.28913	0.24268
0.29193	0.22429	0.22287
0.27778	0.15468	0.11734
0.23684	0.19439	0.11788
0.41379	0.33648	0.3
0.22549	0.1956	0.17787
0.29	0.20146	0.17236
0.58974	0.19608	0.27232
0.30147	0.22877	0.18178
0.08	0.04516	0.03261
0.73333	0.73333	0.7
0.11594	0.06253	0.04418
0.2619	0.17319	0.09868
0.13208	0.10317	0.08067
0.25	0.18244	0.16927
0.31818	0.2168	0.2208
0.59259	0.54122	0.6
0.13376	0.05424	0.07393
1.0	0.56467	0.6388
0.05882	0.05882	0.04545
0.39655	0.33733	0.32522
0.1875	0.12298	0.0387
0.025	0.00848	0.01412
0.70588	0.60341	0.59675
0.16667	0.0844	0.07127
0.16364	0.11555	0.13867
0.21053	0.16468	0.125
0.40278	0.29617	0.30191
0.10101	0.0541	0.03276
0.19048	0.19048	0.16667
0.0	0.0	0.0
0.58333	0.47688	0.45649
0.17647	0.04412	0.04975
0.18033	0.10813	0.06766
0.3	0.2065	0.14438
0.54054	0.517	0.4665
0.27778	0.08843	0.11163
0.25225	0.18586	0.12976
0.13115	0.06611	0.04896
0.0	0.0	0.0
1.0	1.0	1.0
0.18033	0.0981	0.09726
0.13208	0.05936	0.07238
0.54839	0.39829	0.47811
0.20325	0.14241	0.12064
0.07273	0.03109	0.02778
0.22973	0.15007	0.11008
0.16279	0.07688	0.03822
1.0	0.411	0.3806
0.2037	0.07141	0.03618
0.11207	0.07647	0.06389
0.05	0.00445	0.00241
0.28205	0.13646	0.08188
0.14286	0.07911	0.09033
0.17582	0.13152	0.0558
0.15493	0.09246	0.03706
0.26087	0.11722	0.08119
0.76642	0.65188	0.68071
0.24138	0.08403	0.11455
0.27059	0.16872	0.13561
0.35985	0.22514	0.22118
0.28333	0.1312	0.18067
0.10577	0.05304	0.04506
0.44444	0.25456	0.01083
0.10127	0.09065	0.05747
0.11321	0.09677	0.10526
0.58824	0.49197	0.4452
0.2093	0.12679	0.15422
0.13043	0.05224	0.04058
0.42857	0.25	0.1065
0.425	0.425	0.41379
0.22892	0.16246	0.15073
0.42857	0.42857	0.23117
0.2963	0.15826	0.15743
0.1	0.0766	0.125
0.33333	0.13978	0.02055
0.125	0.07912	0.08143
0.33333	0.22362	0.14902
0.10526	0.05942	0.07692
0.28571	0.28571	0.25
0.24528	0.1546	0.13979
0.25	0.14694	0.1184
0.34921	0.14187	0.12093
0.21739	0.21739	0.10381
0.15686	0.04966	0.0209
0.17544	0.1494	0.14161
0.20833	0.11621	0.08421
0.45161	0.45161	0.5
0.46341	0.31746	0.26408
0.17361	0.11527	0.11535
0.21053	0.11547	0.16877
0.09091	0.09091	0.05556
0.22222	0.12237	0.09106
0.16993	0.13145	0.09813
0.0	0.0	0.0
0.26316	0.21732	0.24069
0.1087	0.07785	0.01798
0.02679	0.01123	0.0125
0.10606	0.06476	0.03188
0.41538	0.20486	0.15344
0.32353	0.21988	0.19288
0.44444	0.26344	0.07517
0.2963	0.2963	0.30303
0.13821	0.07528	0.07006
0.43478	0.29243	0.10709
0.0	0.0	0.0
0.33333	0.12644	0.11292
0.26316	0.21732	0.23077
0.25424	0.10117	0.13584
0.41611	0.18262	0.13544
0.16949	0.08368	0.08179
0.21429	0.09214	0.03222
0.37931	0.18812	0.16031
0.59259	0.5663	0.53762
0.5	0.26389	0.24394
0.42857	0.39842	0.38298
0.19231	0.19231	0.21441
0.0	0.0	0.0
0.175	0.08065	0.09733
0.29474	0.19288	0.17025
0.49505	0.4711	0.4397
0.33981	0.20705	0.16297
0.28718	0.13309	0.11005
0.85714	0.31343	0.27425
0.0303	0.0303	0.02174
0.45455	0.21109	0.29029
0.21053	0.06032	0.14407
0.07843	0.01012	0.0
0.53846	0.17608	0.11288
0.38462	0.23492	0.1941
1.0	1.0	1.0
0.54348	0.19428	0.13985
0.03571	0.00346	0.00462
0.18692	0.06919	0.03851
0.38182	0.21291	0.27554
0.29323	0.17392	0.10193
0.46667	0.22907	0.3275
0.58696	0.35024	0.36593
0.21552	0.18841	0.13525
0.125	0.07287	0.03594
0.22222	0.13158	0.11655
0.15152	0.11545	0.11917
0.33333	0.19626	0.15842
0.11628	0.05195	0.03621
0.2381	0.2381	0.26667
0.16279	0.09905	0.09781
0.52778	0.51478	0.45162
0.13889	0.11381	0.125
0.26389	0.18526	0.18698
0.1828	0.07753	0.05924
0.14754	0.09426	0.08927
0.5	0.5	0.4
0.33898	0.23539	0.24271
0.05263	0.05263	0.07692
0.0	0.0	0.0
0.27273	0.20403	0.18198
0.31169	0.24969	0.22066
0.28205	0.12408	0.10139
0.21053	0.13412	0.12195
0.02381	0.02381	0.0
0.0	0.0	0.0
0.3	0.08226	0.14884
0.31111	0.21364	0.10719
0.15517	0.06757	0.07184
0.03846	0.03846	0.0
0.2	0.2	0.21429
0.24561	0.12054	0.12354
0.29213	0.12304	0.10086
0.26623	0.0795	0.07422
0.21605	0.14677	0.09848
0.15068	0.13278	0.07445
0.58824	0.19918	0.2564
0.0	0.0	0.0
0.27586	0.1346	0.16132
0.22378	0.11078	0.09402
0.69231	0.69231	0.77778
0.22222	0.08422	0.17514
0.17391	0.07083	0.08062
0.48276	0.35931	0.283
0.32593	0.24361	0.21074
0.0	0.0	0.0
0.30769	0.30769	0.25
0.12766	0.06246	0.03388
0.14286	0.10138	0.07143
0.40741	0.2133	0.10588
0.26901	0.17075	0.15315
0.20588	0.07528	0.08388
0.30645	0.1959	0.13118
0.29762	0.1596	0.08126
0.28261	0.15254	0.12612
0.1659	0.12903	0.08209
0.2	0.2	0.2
0.16154	0.13263	0.10989
0.23913	0.12167	0.08419
0.11905	0.09831	0.06667
0.07071	0.06191	0.04545
0.24	0.13548	0.13371
0.0	0.0	0.0
0.45455	0.29764	0.02529
0.18966	0.16771	0.11718
0.25926	0.25926	0.27778
0.27273	0.20636	0.16663
0.5	0.29773	0.242
0.2381	0.21481	0.19095
0.16667	0.10389	0.0
0.13636	0.13636	0.09091
0.2236	0.17231	0.17756
0.104	0.08748	0.05814
0.37931	0.26752	0.3
0.02941	0.02941	0.03704
0.32394	0.18493	0.0971
0.04167	0.00538	0.0
0.0	0.0	0.0
0.03448	0.00779	0.0
0.15842	0.11785	0.12676
0.13889	0.10697	0.09262
0.17647	0.07929	0.06404
0.07042	0.05111	0.04
0.05263	0.05263	0.09091
0.12903	0.10042	0.1
0.29139	0.16899	0.11481
0.33654	0.24987	0.19355
0.33333	0.162	0.09183
0.32143	0.32143	0.22222
0.16456	0.06697	0.07231
0.21429	0.19873	0.23684
0.07317	0.02832	0.04167
0.05455	0.02229	0.0
0.0	0.0	0.0
0.5	0.36187	0.38405
0.26829	0.14439	0.08612
0.38596	0.27311	0.1936
0.26316	0.12479	0.15093
0.0	0.0	0.0
0.35417	0.12567	0.09006
0.15789	0.08524	0.10044
0.18182	0.08164	0.09117
0.28333	0.14732	0.09679
0.25974	0.23292	0.19423
0.21569	0.12398	0.17932
0.05357	0.02016	0.02457
0.26087	0.09957	0.17538
0.33333	0.12847	0.14077
0.29697	0.23354	0.22893
0.10588	0.07229	0.03379
0.16883	0.11017	0.05512
0.44444	0.20489	0.25938
0.13978	0.09139	0.06403
0.19767	0.14008	0.11962
0.5	0.25693	0.1468
0.16352	0.13755	0.11022
0.0	0.0	0.0
0.10526	0.01358	0.0
0.14894	0.11223	0.12758
0.24	0.13424	0.07406
0.52	0.39808	0.30028
0.3	0.20485	0.24374
0.125	0.07762	0.02017
0.13861	0.1134	0.07854
0.0	0.0	0.0
0.33333	0.16356	0.03973
1.0	0.595	0.54833
0.34211	0.16382	0.11107
0.32558	0.23405	0.24381
0.14943	0.10809	0.11452
0.21569	0.1831	0.19206
0.21154	0.08406	0.0815
0.0	0.0	0.0
0.13333	0.08711	0.05298
0.06452	0.03642	0.04348
0.16667	0.09931	0.07679
0.22727	0.11805	0.06094
0.44444	0.30363	0.2777
0.25	0.13312	0.1775
0.6875	0.34681	0.22775
0.96552	0.93328	0.95455
0.21875	0.18045	0.1822
0.5	0.5	1.0
0.38095	0.19433	0.17615
0.12121	0.03715	0.04841
1.0	0.3435	0.24886
0.23	0.13695	0.12133
0.10345	0.05452	0.0
0.33333	0.22931	0.17206
0.18182	0.136	0.04664
0.03704	0.03704	0.0
0.0	0.0	0.0
0.04167	0.00404	0.00191
0.47826	0.22578	0.21293
1.0	1.0	1.0
0.24561	0.14347	0.06722
1.0	1.0	1.0
0.17213	0.12125	0.12791
0.16822	0.11247	0.12032
0.10465	0.06208	0.04809
0.22024	0.09189	0.06701
0.0	0.0	0.0
0.43902	0.1951	0.10955
0.39394	0.22436	0.11379
0.54167	0.18483	0.08872
0.83333	0.68817	0.78225
0.0	0.0	0.0
0.15894	0.11985	0.08098
0.07534	0.04452	0.03895
0.0	0.0	0.0
0.15625	0.10231	0.08649
0.21469	0.16394	0.14165
0.05556	0.05556	0.02778
0.36364	0.17591	0.15125
0.25	0.11582	0.13939
0.14286	0.07546	0.05516
0.2	0.1014	0.09739
0.18519	0.15831	0.21605
0.46667	0.22687	0.12173
0.20833	0.10402	0.10378
0.19697	0.05182	0.0597
0.0	0.0	0.0
0.54412	0.50381	0.48939
0.2	0.13856	0.09422
0.3375	0.23871	0.19229
0.0916	0.05307	0.0233
0.35	0.24035	0.2235
2.5	2.016	4.0
0.55172	0.3971	0.39428
0.25714	0.12123	0.07773
0.13793	0.04783	0.00808
0.33333	0.12053	0.13113
0.31429	0.17606	0.15164
0.33333	0.33333	0.34483
0.3913	0.16342	0.09273
0.19697	0.12465	0.09322
0.47619	0.18875	0.17033
0.10959	0.08738	0.08612
0.62162	0.48564	0.47256
0.10753	0.06226	0.06759
0.52381	0.46274	0.42988
0.30769	0.27046	0.15958
0.08696	0.04204	0.02433
0.10204	0.06584	0.03745
0.18182	0.08565	0.03992
0.35714	0.18189	0.13778
0.2043	0.08584	0.08832
0.05556	0.00717	0.00921
0.16071	0.08729	0.0559
0.45455	0.38418	0.33333
0.20588	0.03631	0.03153
0.26923	0.17062	0.18084
0.05128	0.00497	0.00232
0.22472	0.1102	0.0976
0.22619	0.14187	0.0938
0.22059	0.13378	0.12956
0.28723	0.09612	0.10459
0.84615	0.84615	0.88235
0.09375	0.06653	0.05376
0.4	0.34195	0.3086
0.13386	0.06414	0.04945
0.21053	0.13605	0.10887
0.85714	0.44029	0.31475
0.27273	0.15105	0.07607
0.11111	0.06719	0.05676
0.04878	0.03737	0.0303
0.24	0.12388	0.04638
0.18182	0.15139	0.12121
0.07407	0.07407	0.0
0.13043	0.04139	0.04009
0.26316	0.14347	0.08471
0.26667	0.08287	0.10273
0.16667	0.1139	0.07793
0.22222	0.08161	0.07607
0.25	0.12073	0.08234
0.125	0.08871	0.05882
0.2	0.2	0.0
0.28571	0.16132	0.01141
0.26147	0.17135	0.15949
0.42857	0.22058	0.243
0.14173	0.06643	0.06118
0.0625	0.0625	0.09091
0.5	0.18811	0.13575
0.05714	0.01523	0.0463
0.21591	0.13218	0.11837
0.25806	0.19774	0.16132
0.14545	0.07142	0.07574
0.0	0.0	0.0
0.29268	0.20367	0.17407
0.14423	0.05475	0.06938
0.2069	0.11628	0.15286
0.26027	0.19841	0.16802
0.21429	0.11695	0.10754
0.12931	0.11374	0.08512
0.17544	0.08065	0.0792
0.2619	0.08526	0.06669
0.07692	0.02173	0.06265
0.16327	0.10041	0.11042
0.0	0.0	0.0
0.0	0.0	0.0
0.51724	0.20417	0.1791
0.01408	0.01408	0.0
0.07895	0.06749	0.04082
0.27907	0.17219	0.104
1.33333	0.71357	0.58421
0.32609	0.22557	0.1888
0.18868	0.08796	0.065
0.18182	0.14077	0.07375
0.11628	0.06191	0.03618
0.14286	0.10905	0.09214
0.13534	0.08514	0.0779
0.20833	0.16297	0.125
0.625	0.39912	0.172
0.07895	0.06176	0.02857
0.33333	0.20595	0.18538
0.25	0.20816	0.1274
0.29091	0.26273	0.2387
0.26316	0.17826	0.1
0.13158	0.07853	0.10034
0.19355	0.13528	0.07345
0.25225	0.12223	0.08715
0.22378	0.11618	0.1196
0.1746	0.15514	0.13229
0.37931	0.23862	0.17033
0.2	0.2	0.28571
0.31061	0.22044	0.23958
0.04286	0.0235	0.01887
0.33333	0.26058	0.24087
0.5	0.5	0.5
0.22727	0.11805	0.125
0.41667	0.15983	0.129
0.1129	0.01821	0.0274
0.18182	0.14223	0.06667
0.15385	0.09387	0.08435
0.13453	0.09035	0.06217
0.15909	0.11945	0.09413
0.5	0.129	0.258
0.0	0.0	0.0
0.24648	0.19049	0.17633
0.14286	0.02674	0.0
0.5	0.208	0.17467
0.25556	0.1572	0.11132
0.30769	0.16623	0.0161
0.31579	0.20289	0.15053
0.36792	0.30995	0.32409
0.07407	0.0233	0.0
0.04348	0.00561	0.00759
0.3617	0.21414	0.16809
0.12121	0.08652	0.02802
0.19259	0.10861	0.03226
0.27586	0.26197	0.19048
0.14286	0.14286	0.14035
0.13333	0.05337	0.06386
0.62121	0.28573	0.18343
0.18033	0.12454	0.08603
0.25926	0.13622	0.12138
0.1768	0.12546	0.12042
0.24	0.1839	0.12147
0.27778	0.10442	0.13708
0.57143	0.28114	0.2322
0.47368	0.27926	0.26742
0.2	0.09558	0.04968
0.43243	0.16127	0.18032
0.0566	0.01432	0.02857
0.07143	0.07143	0.04762
0.2439	0.11527	0.08065
0.15476	0.12636	0.0996
0.17391	0.09678	0.13106
0.09375	0.06653	0.00586
0.20588	0.14229	0.09332
0.53333	0.2592	0.08073
0.18947	0.12514	0.16104
0.2	0.0986	0.05
0.25	0.13912	0.12709
0.10909	0.07742	0.05
0.06806	0.05059	0.06026
0.13043	0.04067	0.03518
0.17045	0.11034	0.10026
0.10294	0.06357	0.02954
0.15865	0.0891	0.06192
0.06504	0.05796	0.05208
0.22222	0.09381	0.0796
0.23529	0.13869	0.09463
0.36508	0.11984	0.08383
0.35514	0.25943	0.17309
0.17822	0.08562	0.06177
0.13095	0.08064	0.04493
0.2517	0.13277	0.13164
0.14019	0.0624	0.05851
0.11111	0.11111	0.0
0.14729	0.09353	0.10143
0.22222	0.22222	0.14286
0.18605	0.17179	0.13381
0.12121	0.07167	0.06056
0.17241	0.109	0.05733
0.13684	0.07234	0.08093
0.21429	0.07526	0.06871
0.11321	0.05966	0.05736
0.33333	0.17054	0.10471
0.12245	0.07178	0.06756
0.75	0.30242	0.3
0.25455	0.18449	0.16581
0.44681	0.23406	0.20273
0.27778	0.23481	0.16333
0.07353	0.05147	0.04951
0.15909	0.10392	0.10607
0.22148	0.14744	0.10716
0.0	0.0	0.0
0.22917	0.10923	0.12318
0.07143	0.02435	0.01836
0.23684	0.18932	0.23327
0.31915	0.22719	0.167
0.77778	0.59144	0.8
0.33333	0.26924	0.21404
0.51852	0.51852	0.5
0.11111	0.06272	0.0
0.42857	0.36521	0.3
0.08571	0.07234	0.08333
0.27143	0.16774	0.13167
0.28125	0.16633	0.12906
0.75	0.75	0.5
0.56436	0.4938	0.41251
0.4	0.4	0.33333
0.17857	0.12868	0.10296
0.14286	0.11029	0.08773
0.36842	0.14684	0.20213
0.125	0.09778	0.04545
0.18072	0.0789	0.05049
0.275	0.22299	0.11162
0.09756	0.02949	0.01611
0.48387	0.18006	0.23586
0.25641	0.14851	0.11546
0.34507	0.22661	0.16849
0.15306	0.11373	0.08658
0.33333	0.33333	0.0
0.44737	0.40705	0.43054
0.22581	0.10926	0.149
0.03846	0.03846	0.05263
0.25263	0.15791	0.1311
0.06742	0.06742	0.05
0.15789	0.11205	0.0625
0.22785	0.09332	0.12051
0.21818	0.14545	0.0613
0.21739	0.07996	0.16377
0.14286	0.0864	0.04379
0.0	0.0	0.0
0.1871	0.09136	0.06299
0.22449	0.12427	0.09001
0.19355	0.19355	0.2
0.37209	0.15907	0.11589
0.24138	0.1424	0.118
0.36585	0.30527	0.32718
0.33333	0.17996	0.14241
0.82353	0.82353	0.78261
0.14286	0.09986	0.07836
0.21818	0.09415	0.06383
0.22222	0.129	0.02683
0.09091	0.02494	0.05132
0.81481	0.44144	0.43144
0.18487	0.14897	0.12628
0.48	0.25484	0.20889
0.12941	0.04612	0.0345
0.25962	0.1317	0.09834
0.33929	0.32316	0.28571
0.43182	0.26214	0.2398
0.27545	0.19146	0.16977
0.22222	0.12438	0.09485
0.17188	0.12298	0.13004
0.01923	0.01023	0.02857
1.6	1.0425	1.40424
0.34507	0.23343	0.18993
0.14286	0.02161	0.00583
0.41975	0.34628	0.29689
0.13235	0.09346	0.09755
0.42105	0.20575	0.15551
0.22727	0.0968	0.06588
0.10309	0.05687	0.03077
0.16327	0.09086	0.03556
0.18072	0.0723	0.06813
0.0	0.0	0.0
1.0	0.487	0.72567
0.15789	0.08405	0.125
0.41667	0.133	0.06637
0.25	0.25	0.25
0.12069	0.08121	0.10811
0.71429	0.43771	0.75
0.2381	0.16514	0.15385
0.0	0.0	0.0
0.10345	0.09205	0.08713
0.18824	0.11233	0.09349
0.20652	0.11764	0.11065
0.31915	0.19299	0.1209
0.0	0.0	0.0
0.29412	0.17741	0.08757
0.17557	0.15489	0.12087
0.11111	0.05838	0.07277
0.52	0.20388	0.15093
0.17886	0.12286	0.10607
0.21978	0.17015	0.13062
0.08333	0.0605	0.11636
0.47826	0.26017	0.241
0.50909	0.20915	0.19136
0.15385	0.0887	0.10388
0.31034	0.27809	0.2973
0.19298	0.06281	0.08195
0.46667	0.36343	0.34856
0.19048	0.05219	0.0645
0.3	0.19733	0.15057
0.275	0.16534	0.13757
0.23223	0.14892	0.10278
0.27273	0.12339	0.05894
0.18605	0.05774	0.04688
2.38462	2.09808	2.0605
0.17593	0.09276	0.06668
0.33333	0.25163	0.18679
0.42308	0.317	0.31747
0.33333	0.172	0.2354
0.13889	0.08409	0.04065
0.9	0.4065	0.53767
0.35	0.13658	0.14689
0.2549	0.09108	0.04535
0.26667	0.13383	0.09371
1.0	0.71322	0.56983
0.27273	0.18695	0.1785
0.56897	0.53866	0.43158
0.21951	0.15302	0.12126
0.21053	0.13186	0.14247
0.16327	0.09037	0.06453
0.13514	0.03008	0.03435
0.32877	0.19821	0.16937
0.11111	0.11111	0.0
0.2451	0.16999	0.13699
0.02564	0.02564	0.0
0.20408	0.11227	0.07627
0.21875	0.10433	0.07225
0.15385	0.15385	0.0
0.28986	0.24499	0.26796
0.06667	0.03655	0.02396
0.36842	0.23684	0.03892
0.23913	0.14167	0.08603
0.45455	0.36865	0.37057
0.375	0.23039	0.14516
0.75	0.246	0.46036
0.15385	0.15385	0.14286
0.13208	0.06332	0.03966
0.77778	0.61828	0.55127
0.28814	0.23346	0.18733
0.35	0.23795	0.17864
0.5	0.24467	0.53225
0.0	0.0	0.0
0.28571	0.24424	0.14286
0.52	0.48516	0.5
0.12037	0.04824	0.03976
0.57143	0.37679	0.1
0.37681	0.18796	0.14984
0.30579	0.18531	0.15878
0.41667	0.06058	0.07462
0.2	0.09031	0.1
0.1958	0.08867	0.09859
0.27778	0.22583	0.25542
0.09524	0.05531	0.04465
0.18627	0.08239	0.07623
0.78378	0.55535	0.65148
0.376	0.36285	0.36047
0.26471	0.20256	0.20879
0.27586	0.14348	0.06818
0.33333	0.10483	0.0
0.06711	0.04958	0.03846
0.125	0.07822	0.02046
0.19876	0.1067	0.09376
0.20968	0.18158	0.15385
0.27273	0.18867	0.18477
0.21053	0.17742	0.0625
0.6	0.6	0.83333
0.38983	0.25592	0.27168
0.20714	0.09619	0.07113
0.14085	0.13675	0.09804
0.10345	0.07341	0.05645
0.1	0.0129	0.0
0.09677	0.02029	0.0088
0.18919	0.07927	0.06016
0.06897	0.04644	0.0241
0.14634	0.09915	0.10345
0.225	0.19074	0.07822
0.33333	0.22173	0.16205
0.21875	0.12703	0.14085
0.08197	0.05131	0.02756
0.125	0.08744	0.0896
0.325	0.20525	0.05817
0.18182	0.09973	0.0796
0.01923	0.01023	0.02857
0.67347	0.56912	0.57259
0.22	0.15742	0.19978
0.1131	0.05118	0.03629
0.25564	0.14421	0.12885
1.0	0.371	0.457
0.17647	0.07465	0.06364
0.8125	0.34081	0.55136
0.24138	0.15131	0.17028
0.09302	0.05402	0.06856
0.31373	0.16354	0.10352
0.26708	0.18474	0.1314
0.20513	0.19315	0.20833
0.76923	0.27792	0.2436
0.24852	0.10459	0.06482
0.15894	0.10532	0.11406
0.07937	0.03738	0.04444
0.4375	0.21775	0.17433
0.12598	0.07875	0.08177
0.08696	0.02387	0.06265
0.0	0.0	0.0
0.3913	0.22443	0.17038
0.21212	0.05618	0.00805
0.25	0.20078	0.21006
0.66667	0.387	0.0805
0.13333	0.0452	0.0
0.09375	0.05947	0.05191
0.13889	0.06364	0.05556
0.14286	0.04264	0.09091
0.29167	0.24531	0.13006
0.13333	0.07892	0.06363
0.16058	0.11491	0.08933
0.14286	0.01843	0.0129
0.23077	0.17339	0.19023
0.23077	0.108	0.25812
0.2	0.16887	0.16667
0.0625	0.0625	0.0
0.15385	0.15385	0.06455
0.31579	0.31579	0.30769
0.40816	0.36931	0.34575
0.0974	0.07761	0.05292
0.0	0.0	0.0
0.15385	0.1044	0.06769
0.09804	0.03794	0.02184
0.14286	0.01843	0.0
0.0	0.0	0.0
0.23188	0.20804	0.2359
0.0625	0.0625	0.0
0.2125	0.11297	0.07022
0.0	0.0	0.0
0.31944	0.19713	0.23073
0.30415	0.24053	0.16924
0.07692	0.00992	0.0
0.09091	0.06893	0.05556
0.21429	0.21429	0.11111
0.46154	0.28046	0.2017
0.26471	0.12806	0.01612
0.16	0.10597	0.0817
0.20183	0.10699	0.05529
0.41935	0.18839	0.1815
0.21875	0.05019	0.07296
0.25	0.17944	0.14691
0.28571	0.24886	0.10217
0.25862	0.25862	0.19512
0.12069	0.10262	0.05624
0.11712	0.10287	0.08396
0.11818	0.0808	0.07236
0.09434	0.07791	0.09091
0.14286	0.10289	0.0672
0.37143	0.24794	0.2251
0.14286	0.14286	0.0
0.29412	0.16882	0.07607
0.31293	0.17096	0.12648
0.26829	0.26829	0.21429
0.07317	0.04956	0.05917
0.21019	0.18471	0.15759
0.44828	0.28281	0.27079
0.29412	0.23341	0.16667
0.14286	0.14286	0.0
0.25806	0.16826	0.16031
0.42105	0.27463	0.27782
0.36842	0.19695	0.11425
0.18	0.0968	0.06924
0.13372	0.05542	0.05514
0.0	0.0	0.0
0.16788	0.0955	0.10175
0.5	0.43138	0.2
0.13793	0.05422	0.00808
1.0	0.55038	0.4612
0.48193	0.43431	0.42617
0.10738	0.05932	0.05025
0.22642	0.07943	0.03931
0.1	0.05725	0.00708
0.06	0.02128	0.0011
0.09091	0.07479	0.04762
0.24038	0.12927	0.13
0.22	0.16324	0.10679
0.19277	0.10554	0.07304
0.09434	0.08551	0.07895
0.18421	0.06834	0.03874
0.0	0.0	0.0
0.21698	0.11489	0.0663
0.21505	0.11914	0.08203
0.07643	0.07089	0.05505
0.28723	0.23696	0.24269
0.2	0.17872	0.25
0.25843	0.12507	0.16937
0.03125	0.03125	0.04762
0.07692	0.02608	0.11111
0.25	0.13011	0.08687
0.28	0.13164	0.083
0.33898	0.13402	0.11638
0.08333	0.06117	0.05882
0.30233	0.16656	0.18578
0.29412	0.16129	0.13491
0.32432	0.23062	0.14519
0.15625	0.09375	0.1065
0.0625	0.00806	0.0
0.10606	0.03738	0.0448
0.13333	0.10213	0.08333
0.26316	0.15735	0.08114
0.69565	0.25261	0.09106
0.43902	0.16429	0.1047
0.41228	0.19215	0.18164
0.11364	0.11364	0.08824
0.32468	0.16508	0.18182
0.14634	0.1249	0.09615
0.28571	0.1855	0.1678
0.09434	0.04353	0.03321
0.2381	0.13086	0.09522
1.04762	0.33567	0.2535
0.21429	0.21429	0.19048
0.0	0.0	0.0
0.11364	0.04841	0.06667
0.16162	0.0391	0.05791
0.14151	0.04595	0.04507
0.23333	0.14623	0.07132
0.09091	0.04423	0.02381
0.31579	0.18679	0.09112
0.5	0.32214	0.34767
0.22642	0.09418	0.04838
0.01786	0.0023	0.0
0.72414	0.65962	0.68623
0.08955	0.07752	0.04348
0.04545	0.00586	0.00992
0.26471	0.12856	0.08719
0.13158	0.13158	0.10204
0.07273	0.03635	0.02778
0.15556	0.0964	0.07359
0.27778	0.13578	0.06516
0.33476	0.23917	0.2388
0.31148	0.2972	0.24117
0.01852	0.01852	0.02778
0.16667	0.16667	0.25
0.20455	0.11877	0.11124
0.46667	0.2312	0.28155
0.77372	0.65775	0.66512
0.09424	0.07162	0.07588
0.15029	0.10386	0.08475
0.64286	0.32614	0.36171
0.46667	0.4156	0.35264
0.16981	0.12417	0.06924
0.1087	0.02735	0.0387
0.08333	0.03397	0.04024
0.30435	0.16339	0.17647
0.20833	0.09075	0.04331
0.1	0.0447	0.04348
0.4186	0.2277	0.18612
0.27586	0.10683	0.1097
0.13924	0.0835	0.07263
0.25926	0.13706	0.11692
0.58333	0.23996	0.13376
0.45455	0.45455	0.5
0.18182	0.06159	0.06667
0.26316	0.15189	0.01615
0.11881	0.0436	0.06186
0.17751	0.08895	0.11005
0.2807	0.13579	0.09183
0.05263	0.05263	0.06667
0.18966	0.161	0.12356
0.0625	0.04302	0.01883
0.43478	0.43478	0.5
0.07407	0.04063	0.0303
0.56522	0.37061	0.45477
0.08571	0.03411	0.0026
0.0	0.0	0.0
0.0	0.0	0.0
0.38889	0.28944	0.33333
0.21053	0.13303	0.11943
0.875	0.3105	0.08083
0.24138	0.13238	0.09386
0.83942	0.79387	0.77838
0.21212	0.0997	0.0032
0.04	0.04	0.05882
0.2	0.1221	0.18182
0.4	0.3113	0.2235
0.10132	0.07809	0.07248
0.225	0.07625	0.07889
0.40909	0.25441	0.21069
0.41935	0.23832	0.11709
0.0	0.0	0.0
0.3	0.1145	0.0
0.09677	0.06555	0.04691
0.09677	0.06868	0.0
0.07143	0.07143	0.0
0.4	0.1032	0.043
0.2973	0.11926	0.12431
0.05479	0.04286	0.01754
0.24242	0.15885	0.05774
0.14085	0.10223	0.07452
0.42105	0.22663	0.18408
0.41935	0.27261	0.29033
0.16071	0.06682	0.02778
0.08219	0.01967	0.01843
0.22222	0.05915	0.02295
0.93939	0.93939	0.95
0.33333	0.2039	0.1613
0.19231	0.19231	0.26316
0.09091	0.01173	0.0
0.52174	0.15704	0.14986
0.51786	0.40552	0.30474
0.21667	0.11265	0.14105
0.12632	0.05825	0.05951
0.65517	0.45886	0.33783
0.35714	0.23793	0.15568
0.53125	0.32166	0.25343
0.15625	0.04941	0.01759
0.23077	0.09619	0.16667
0.35714	0.23641	0.22583
0.08929	0.06079	0.04802
1.0	0.46531	0.24733
0.275	0.19195	0.15036
0.125	0.00812	0.01083
0.28972	0.13763	0.14397
0.5	0.327	0.457
0.23529	0.04459	0.07692
0.4375	0.27348	0.32362
0.0137	0.00177	0.0
0.43333	0.24573	0.11889
0.33333	0.17362	0.10836
0.30244	0.196	0.17098
0.13483	0.03842	0.05725
0.375	0.25002	0.17429
0.21739	0.04698	0.03704
0.8	0.271	0.66667
0.25	0.1855	0.3096
0.31395	0.21869	0.18697
0.52083	0.37333	0.37733
0.14789	0.11097	0.07152
0.11702	0.06177	0.03377
0.31579	0.26826	0.33333
0.10345	0.10345	0.1
0.13924	0.13394	0.08163
0.31579	0.16075	0.06113
0.22581	0.14255	0.10939
0.05714	0.05714	0.03774
0.23333	0.10562	0.10116
0.88889	0.73078	0.48831
0.16049	0.0944	0.06451
0.29577	0.18742	0.09027
0.23558	0.14486	0.15708
0.30088	0.15488	0.15448
0.12195	0.06176	0.07673
0.90244	0.29775	0.15201
0.30435	0.18374	0.13509
0.4	0.18065	0.16347
0.16883	0.10788	0.08677
0.30769	0.30769	0.125
0.22449	0.13033	0.03846
0.0	0.0	0.0
0.4878	0.16407	0.18368
0.15385	0.15385	0.16667
0.0	0.0	0.0
0.07143	0.04464	0.07143
0.33962	0.14883	0.19308
0.83333	0.45433	0.2742
0.07143	0.07143	0.04878
0.19847	0.12731	0.14072
0.37931	0.23502	0.18476
0.06	0.06	0.03448
0.40625	0.23594	0.17817
0.15625	0.09086	0.10138
0.22951	0.13539	0.09264
0.13889	0.10617	0.04158
0.29358	0.11053	0.17226
0.27586	0.1721	0.12217
0.05556	0.05556	0.0
0.13793	0.11569	0.11214
0.31633	0.1557	0.12204
0.04545	0.04545	0.06667
0.375	0.29538	0.2426
0.0	0.0	0.0
0.08257	0.0509	0.03034
0.28049	0.1359	0.09676
0.14394	0.11583	0.10036
0.2439	0.1302	0.06253
0.25532	0.13011	0.07512
0.09524	0.02203	0.00211
0.54348	0.47478	0.44103
0.07317	0.07317	0.0339
0.24444	0.16344	0.17097
0.28814	0.22655	0.20431
0.12707	0.08875	0.07135
0.13253	0.07307	0.08143
0.20988	0.10736	0.06198
0.28125	0.22228	0.184
0.27419	0.1998	0.18874
0.09259	0.06989	0.02564
0.14286	0.11981	0.03969
0.2	0.1111	0.01737
0.5	0.4065	0.295
0.13265	0.07934	0.0363
0.06818	0.04693	0.03132
0.2028	0.16671	0.16422
0.0531	0.02555	0.02581
0.20833	0.09784	0.07378
0.36957	0.16793	0.13378
0.125	0.125	0.16667
0.13605	0.05486	0.03997
0.34848	0.18792	0.14105
0.33333	0.21933	0.27273
0.16393	0.10154	0.05838
0.44	0.3787	0.39005
0.02778	0.02778	0.0
0.37037	0.20674	0.13382
0.29167	0.22446	0.19924
0.0	0.0	0.0
0.14634	0.08873	0.08411
0.63636	0.33718	0.27625
0.21053	0.21053	0.11111
0.34783	0.30996	0.3125
0.14583	0.07627	0.05315
0.13559	0.09076	0.06334
0.11628	0.06921	0.0309
0.11932	0.06131	0.07239
0.36585	0.30329	0.28586
0.1	0.1	0.0
0.13793	0.089	0.09091
0.0	0.0	0.0
0.10656	0.03399	0.0188
0.18	0.18	0.11765
0.27941	0.09559	0.07242
0.26667	0.09761	0.08414
0.26271	0.13274	0.09164
0.03125	0.00203	0.0031
0.8	0.271	0.66667
0.2931	0.17074	0.06458
0.32759	0.1819	0.1831
0.33333	0.15008	0.133
0.11111	0.04528	0.09524
0.17391	0.13535	0.03831
0.12613	0.07483	0.07292
0.6	0.6	0.66667
0.20513	0.14518	0.16938
0.2	0.14049	0.12957
0.22727	0.184	0.1875
0.07407	0.05794	0.06061
0.28302	0.15068	0.09857
0.0	0.0	0.0
0.41935	0.294	0.25006
0.04444	0.04444	0.04
0.15686	0.05408	0.09297
0.2	0.2	0.15
0.29412	0.23718	0.09382
0.08333	0.01342	0.0161
0.14286	0.10103	0.04966
0.5	0.21414	0.25676
0.17143	0.11924	0.13281
0.17073	0.10307	0.08438
0.17391	0.13604	0.0
0.04348	0.02313	0.05263
0.16667	0.12233	0.1
0.125	0.03212	0.01394
0.26582	0.12491	0.09367
0.38636	0.22509	0.15625
0.32258	0.23987	0.23005
0.0678	0.041	0.03835
0.08333	0.05914	0.03333
0.15447	0.0299	0.03444
0.2069	0.18495	0.16982
0.36	0.17096	0.13333
0.14	0.06002	0.06265
0.10345	0.10345	0.11111
0.11111	0.11111	0.0
0.25	0.23297	0.24
0.23529	0.10391	0.13484
0.45714	0.19769	0.21867
0.13559	0.0861	0.07395
0.29885	0.19947	0.1699
0.28125	0.25403	0.2381
0.3128	0.17315	0.16062
0.0	0.0	0.0
0.88235	0.49053	0.56686
0.0	0.0	0.0
0.1875	0.1875	0.16667
0.14545	0.1088	0.0742
0.35075	0.201	0.18198
0.27778	0.20041	0.15512
0.34545	0.22171	0.17655
0.04938	0.02768	0.01887
0.0	0.0	0.0
0.19318	0.10081	0.11415
0.33333	0.258	0.2
0.34524	0.19857	0.13682
0.09449	0.05677	0.06377
0.24324	0.17043	0.16065
0.21875	0.14366	0.06376
0.1	0.07097	0.0
0.0	0.0	0.0
0.76923	0.28669	0.32267
0.18421	0.10272	0.08757
0.2	0.08389	0.06823
0.11475	0.08515	0.07692
0.31579	0.11884	0.1245
0.12346	0.06432	0.06317
0.0	0.0	0.0
0.31579	0.09337	0.12443
0.25	0.13465	0.2
0.35714	0.318	0.17743
0.15385	0.12842	0.17647
0.21739	0.11865	0.10704
0.22807	0.0747	0.05647
0.1	0.1	0.0
0.15385	0.07346	0.04762
0.17857	0.05502	0.06178
0.2037	0.12726	0.09613
0.09836	0.02803	0.00992
0.0625	0.0625	0.06452
0.17526	0.10043	0.04885
0.25	0.12544	0.12128
0.6875	0.19363	0.36655
0.71795	0.28913	0.24268
0.29193	0.22429	0.22287
0.27778	0.15468	0.11734
0.23684	0.19439	0.11788
0.41379	0.33648	0.3
0.22549	0.1956	0.17787
0.29	0.20146	0.17236
0.58974	0.19608	0.27232
0.30147	0.22877	0.18178
0.08	0.04516	0.03261
0.73333	0.73333	0.7
0.11594	0.06253	0.04418
0.2619	0.17319	0.09868
0.13208	0.10317	0.08067
0.25	0.18244	0.16927
0.31818	0.2168	0.2208
0.59259	0.54122	0.6
0.13376	0.05424	0.07393
1.0	0.56467	0.6388
0.05882	0.05882	0.04545
0.39655	0.33733	0.32522
0.1875	0.12298	0.0387
0.025	0.00848	0.01412
0.70588	0.60341	0.59675
0.16667	0.0844	0.07127
0.16364	0.11555	0.13867
0.21053	0.16468	0.125
0.40278	0.29617	0.30191
0.10101	0.0541	0.03276
0.19048	0.19048	0.16667
0.0	0.0	0.0
0.58333	0.47688	0.45649
0.17647	0.04412	0.04975
0.18033	0.10813	0.06766
0.3	0.2065	0.14438
0.54054	0.517	0.4665
0.27778	0.08843	0.11163
0.25225	0.18586	0.12976
0.13115	0.06611	0.04896
0.0	0.0	0.0
1.0	1.0	1.0
0.18033	0.0981	0.09726
0.13208	0.05936	0.07238
0.54839	0.39829	0.47811
0.20325	0.14241	0.12064
0.07273	0.03109	0.02778
0.22973	0.15007	0.11008
0.16279	0.07688	0.03822
1.0	0.411	0.3806
0.2037	0.07141	0.03618
0.11207	0.07647	0.06389
0.05	0.00445	0.00241
0.28205	0.13646	0.08188
0.14286	0.07911	0.09033
0.17582	0.13152	0.0558
0.15493	0.09246	0.03706
0.26087	0.11722	0.08119
0.76642	0.65188	0.68071
0.24138	0.08403	0.11455
0.27059	0.16872	0.13561
0.35985	0.22514	0.22118
0.28333	0.1312	0.18067
0.10577	0.05304	0.04506
0.44444	0.25456	0.01083
0.10127	0.09065	0.05747
0.11321	0.09677	0.10526
0.58824	0.49197	0.4452
0.2093	0.12679	0.15422
0.13043	0.05224	0.04058
0.42857	0.25	0.1065
0.425	0.425	0.41379
0.22892	0.16246	0.15073
0.42857	0.42857	0.23117
0.2963	0.15826	0.15743
0.1	0.0766	0.125
0.33333	0.13978	0.02055
0.125	0.07912	0.08143
0.33333	0.22362	0.14902
0.10526	0.05942	0.07692
0.28571	0.28571	0.25
0.24528	0.1546	0.13979
0.25	0.14694	0.1184
0.34921	0.14187	0.12093
0.21739	0.21739	0.10381
0.15686	0.04966	0.0209
0.17544	0.1494	0.14161
0.20833	0.11621	0.08421
0.45161	0.45161	0.5
0.46341	0.31746	0.26408
0.17361	0.11527	0.11535
0.21053	0.11547	0.16877
0.09091	0.09091	0.05556
0.22222	0.12237	0.09106
0.16993	0.13145	0.09813
0.0	0.0	0.0
0.26316	0.21732	0.24069
0.1087	0.07785	0.01798
0.02679	0.01123	0.0125
0.10606	0.06476	0.03188
0.41538	0.20486	0.15344
0.32353	0.21988	0.19288
0.44444	0.26344	0.07517
0.2963	0.2963	0.30303
0.13821	0.07528	0.07006
0.43478	0.29243	0.10709
0.0	0.0	0.0
0.33333	0.12644	0.11292
0.26316	0.21732	0.23077
0.25424	0.10117	0.13584
0.41611	0.18262	0.13544
0.16949	0.08368	0.08179
0.21429	0.09214	0.03222
0.37931	0.18812	0.16031
0.59259	0.5663	0.53762
0.5	0.26389	0.24394
0.42857	0.39842	0.38298
0.19231	0.19231	0.21441
0.0	0.0	0.0
0.175	0.08065	0.09733
0.29474	0.19288	0.17025
0.49505	0.4711	0.4397
0.33981	0.20705	0.16297
0.28718	0.13309	0.11005
0.85714	0.31343	0.27425
0.0303	0.0303	0.02174
0.45455	0.21109	0.29029
0.21053	0.06032	0.14407
0.07843	0.01012	0.0
0.53846	0.17608	0.11288
0.38462	0.23492	0.1941
1.0	1.0	1.0
0.54348	0.19428	0.13985
0.03571	0.00346	0.00462
0.18692	0.06919	0.03851
0.38182	0.21291	0.27554
0.29323	0.17392	0.10193
0.46667	0.22907	0.3275
0.58696	0.35024	0.36593
0.21552	0.18841	0.13525
0.125	0.07287	0.03594
0.22222	0.13158	0.11655
0.15152	0.11545	0.11917
0.33333	0.19626	0.15842
0.11628	0.05195	0.03621
0.2381	0.2381	0.26667
0.16279	0.09905	0.09781
0.52778	0.51478	0.45162
0.13889	0.11381	0.125
0.26389	0.18526	0.18698
0.1828	0.07753	0.05924
0.14754	0.09426	0.08927
0.5	0.5	0.4
0.33898	0.23539	0.24271
0.05263	0.05263	0.07692
0.0	0.0	0.0
0.27273	0.20403	0.18198
0.31169	0.24969	0.22066
0.28205	0.12408	0.10139
0.21053	0.13412	0.12195
0.02381	0.02381	0.0
0.0	0.0	0.0
0.3	0.08226	0.14884
0.31111	0.21364	0.10719
0.15517	0.06757	0.07184
0.03846	0.03846	0.0
0.2	0.2	0.21429
0.24561	0.12054	0.12354
0.29213	0.12304	0.10086
0.26623	0.0795	0.07422
0.21605	0.14677	0.09848
0.15068	0.13278	0.07445
0.58824	0.19918	0.2564
0.0	0.0	0.0
0.27586	0.1346	0.16132
0.22378	0.11078	0.09402
0.69231	0.69231	0.77778
0.22222	0.08422	0.17514
0.17391	0.07083	0.08062
0.48276	0.35931	0.283
0.21739	0.07996	0.16377
0.16981	0.11566	0.04054
0.28205	0.18362	0.1113
0.26316	0.18951	0.20838
0.29032	0.1769	0.16409
0.22018	0.17757	0.16639
0.4898	0.4898	0.5
0.0	0.0	0.0
0.36364	0.26071	0.24534
0.55556	0.15944	0.38167
0.05	0.05	0.03571
0.27907	0.16581	0.16888
0.31677	0.21538	0.19138
0.26446	0.19621	0.1462
0.3578	0.25333	0.20128
0.06897	0.04617	0.05822
0.38571	0.1726	0.19027
1.0	0.398	0.129
0.9	0.313	0.14757
0.07692	0.02608	0.11111
0.52	0.30804	0.34676
0.53333	0.53333	0.42105
0.1	0.064	0.00805
0.32609	0.12557	0.13359
0.8	0.271	0.66667
0.85714	0.31343	0.27425
0.23077	0.18285	0.1049
0.25	0.25	0.2
0.36207	0.21859	0.10933
0.32174	0.25751	0.20524
0.16364	0.15455	0.15789
0.14118	0.09678	0.06554
0.1875	0.09751	0.09135
0.47368	0.33534	0.27564
0.24242	0.08589	0.09089
0.31959	0.30429	0.23225
0.2093	0.10988	0.11785
0.17073	0.06607	0.05038
0.15686	0.10974	0.10945
0.14768	0.10337	0.08351
0.59375	0.2495	0.18395
0.41667	0.2225	0.20162
0.15493	0.08088	0.05345
0.0	0.0	0.0
0.25	0.25	0.125
0.08	0.00925	0.00849
0.27586	0.12959	0.15824
0.09091	0.0782	0.04698
0.36	0.2542	0.17835
0.1	0.05196	0.07682
0.08108	0.00873	0.0021
0.08511	0.03981	0.00224
0.16364	0.11351	0.06086
0.8	0.271	0.66667
0.2093	0.10841	0.0874
0.4	0.25877	0.19194
1.5	0.6615	1.129
0.23077	0.23077	0.11765
0.07692	0.06017	0.02857
0.27907	0.14724	0.10854
0.24409	0.13463	0.14516
0.25926	0.1637	0.12563
0.58333	0.43283	0.38712
0.19167	0.09193	0.07284
0.38889	0.18103	0.15015
0.05333	0.04172	0.0352
0.16923	0.11279	0.10076
0.3	0.10325	0.12367
0.06667	0.06667	0.0
0.27273	0.07713	0.06745
0.11321	0.07745	0.0673
0.25352	0.08792	0.08651
0.15094	0.08613	0.05771
0.42857	0.22491	0.36659
0.0	0.0	0.0
0.13333	0.1	0.125
0.42857	0.25921	0.1291
0.28302	0.17226	0.2087
0.17105	0.05793	0.04478
0.10185	0.0702	0.04706
0.35294	0.111	0.08685
0.075	0.01775	0.03704
0.05882	0.05882	0.09091
0.5303	0.27885	0.20974
0.39241	0.29277	0.29808
0.13978	0.07388	0.04338
0.30556	0.16846	0.12902
0.76923	0.29594	0.33906
0.08148	0.07503	0.06
0.16234	0.10778	0.0813
0.02564	0.02564	0.0
0.20904	0.12758	0.13711
0.39062	0.24119	0.18602
0.0	0.0	0.0
0.17391	0.08065	0.09091
0.02941	0.02941	0.0
0.10204	0.0565	0.04143
0.0	0.0	0.0
0.35714	0.15438	0.06458
0.31481	0.26911	0.2
0.13333	0.10537	0.149
0.22549	0.08588	0.09629
0.19149	0.14447	0.12903
0.13514	0.06627	0.01488
0.08475	0.08475	0.08333
0.05	0.05	0.06667
0.15	0.15	0.15385
0.35135	0.17786	0.08604
0.33333	0.20911	0.18108
0.55882	0.2115	0.14675
0.2	0.08343	0.09973
0.11688	0.09384	0.05477
0.09859	0.04113	0.04394
0.11765	0.07041	0.03971
0.51786	0.24277	0.1895
0.42857	0.265	0.35294
0.38889	0.19267	0.16516
0.32143	0.11118	0.19048
0.15686	0.07668	0.04813
0.32877	0.19025	0.15456
0.22727	0.06745	0.16667
0.06667	0.06667	0.04545
0.06452	0.06452	0.05
0.15686	0.08445	0.08641
0.16129	0.04474	0.10138
0.8125	0.21169	0.23133
0.07692	0.06017	0.05263
0.09091	0.09091	0.04545
0.16901	0.07497	0.09435
0.0	0.0	0.0
0.18421	0.05645	0.04342
0.27059	0.17629	0.13103
0.15789	0.12932	0.10661
0.59459	0.52769	0.50478
0.38571	0.18388	0.10308
0.85	0.85	0.8
0.34783	0.277	0.23594
0.10526	0.02377	0.00441
0.16667	0.11237	0.04385
0.14706	0.08065	0.06128
0.11538	0.08281	0.08765
0.09901	0.06355	0.05882
0.17937	0.09403	0.0625
0.19802	0.0931	0.10608
0.0	0.0	0.0
0.78947	0.78947	0.83333
0.28571	0.14807	0.06265
0.37705	0.17215	0.11787
0.60606	0.4057	0.4426
0.13333	0.13333	0.11111
0.0354	0.02027	0.01371
0.375	0.29134	0.28595
0.0875	0.06451	0.03984
0.0	0.0	0.0
0.14286	0.14286	0.0
0.21053	0.127	0.09415
1.0	0.3403	0.31183
0.08824	0.05976	0.05263
0.1938	0.10092	0.10396
0.28571	0.16129	0.0
0.17647	0.12906	0.10855
0.11111	0.09498	0.08571
0.11972	0.07916	0.05791
0.21429	0.17514	0.25
0.28571	0.13503	0.11582
0.2439	0.1778	0.10217
0.33333	0.33333	0.0
0.10938	0.10206	0.08889
0.30488	0.24745	0.25749
0.09302	0.04163	0.03125
0.17857	0.16245	0.13158
0.41026	0.22577	0.25804
0.16541	0.10212	0.08241
0.11111	0.0699	0.06928
0.07812	0.05092	0.06651
0.125	0.1242	0.03846
0.18367	0.0678	0.11038
0.15385	0.07817	0.04438
0.42857	0.22	0.1741
0.09836	0.0772	0.0776
0.16327	0.11883	0.11132
0.06667	0.03763	0.05
0.22581	0.14932	0.08835
0.20755	0.12996	0.0999
0.29268	0.19712	0.12504
0.0	0.0	0.0
0.33333	0.15648	0.11362
0.32075	0.16891	0.11333
0.29412	0.074	0.04841
0.19355	0.12594	0.1097
0.1875	0.14466	0.0565
0.29032	0.23361	0.19662
0.14815	0.04841	0.05263
0.34483	0.18266	0.15128
0.13235	0.08635	0.05096
0.32468	0.23191	0.21827
0.09231	0.06055	0.04762
0.05263	0.05263	0.09091
0.4	0.4	0.35294
0.0	0.0	0.0
0.11111	0.11111	0.0
0.32	0.15422	0.07162
0.04082	0.04082	0.03125
0.14667	0.06494	0.057
0.21374	0.18716	0.14738
0.22535	0.12358	0.08559
0.19048	0.19048	0.16667
1.0	1.0	1.0
0.0	0.0	0.0
0.44444	0.44444	0.5
0.34286	0.173	0.17615
0.51724	0.4151	0.42772
0.29412	0.19512	0.14358
0.35185	0.1882	0.07103
0.16352	0.15124	0.10484
0.07692	0.07692	0.04167
0.18605	0.05963	0.07812
0.12727	0.05804	0.07113
0.15	0.06841	0.10239
0.29167	0.25804	0.27778
0.26829	0.17034	0.11596
0.15909	0.09284	0.05346
0.28571	0.07546	0.14286
0.02703	0.00349	0.0
0.33333	0.19012	0.14516
0.45455	0.33929	0.28719
0.29412	0.13182	0.02017
0.64103	0.64103	0.68
0.34694	0.16327	0.143
0.22857	0.10414	0.09887
0.07692	0.01985	0.02716
0.19697	0.05866	0.07648
0.0	0.0	0.0
0.40984	0.31597	0.29032
0.20364	0.15684	0.14883
0.13966	0.08416	0.06132
0.10256	0.04405	0.02496
0.15596	0.08604	0.08966
0.425	0.1484	0.08626
0.09559	0.06416	0.05357
0.02174	0.02174	0.02778
0.31618	0.18476	0.19236
0.2549	0.18724	0.11983
0.44118	0.20588	0.14379
0.71429	0.48621	0.3161
0.18478	0.08398	0.08212
0.13514	0.13514	0.04167
0.23364	0.13943	0.09744
0.23404	0.16643	0.16648
0.29268	0.13493	0.16192
0.3038	0.17273	0.17465
0.17647	0.13615	0.12327
0.89474	0.62826	0.7398
0.17391	0.054	0.04082
0.11927	0.06022	0.01464
0.26531	0.14007	0.09731
0.13953	0.07802	0.10107
0.09459	0.07323	0.0449
1.0	0.4835	0.161
0.37383	0.25957	0.26431
0.66667	0.18958	0.295
0.65854	0.4682	0.40729
0.33962	0.15553	0.1074
0.36667	0.157	0.19439
0.30556	0.18508	0.17317
0.0	0.0	0.0
0.28571	0.06311	0.04588
0.21693	0.09643	0.08866
0.25	0.10311	0.07595
0.32653	0.19354	0.15622
0.08791	0.07001	0.07383
0.19355	0.17845	0.19835
0.22222	0.22222	0.15385
0.0	0.0	0.0
0.25	0.1254	0.12903
0.21154	0.12658	0.15266
0.0	0.0	0.0
0.05405	0.00697	0.0
0.61538	0.14146	0.24045
0.18182	0.05573	0.15525
0.16949	0.08147	0.08401
0.27273	0.07409	0.02693
0.5	0.15503	0.05805
0.32353	0.22871	0.15976
0.14286	0.14286	0.22222
0.32394	0.12861	0.10215
0.59459	0.46514	0.48507
0.32353	0.15615	0.11659
0.07143	0.07143	0.09091
0.6875	0.30097	0.21336
0.16867	0.11659	0.09618
0.24444	0.16918	0.07897
0.03125	0.03125	0.04762
0.24096	0.13117	0.12002
0.28571	0.10986	0.08438
0.0	0.0	0.0
0.15646	0.0699	0.07995
0.34211	0.19563	0.19352
0.16	0.12452	0.2
0.14474	0.07172	0.0884
0.29412	0.15085	0.12785
0.10638	0.06795	0.07559
0.46154	0.25808	0.375
0.5	0.37288	0.41235
0.25862	0.13324	0.12526
0.16667	0.086	0.05733
0.1875	0.14719	0.13782
0.1087	0.07083	0.05914
0.25	0.25	0.125
0.84211	0.71479	0.65885
0.09756	0.09756	0.04167
0.33333	0.23499	0.23762
0.22917	0.18178	0.21503
0.21088	0.10533	0.08109
0.44444	0.10389	0.1096
0.48718	0.33956	0.41414
0.61538	0.26062	0.3258
0.13793	0.13793	0.11111
0.16364	0.10264	0.14286
0.13514	0.03924	0.03383
0.31429	0.14103	0.1782
0.09449	0.05843	0.0649
0.09677	0.06174	0.00992
0.33913	0.29398	0.25255
0.48387	0.48387	0.5
0.25	0.11566	0.08803
0.05556	0.026	0.07143
0.74074	0.74074	0.66667
0.14634	0.05624	0.06603
0.35484	0.18571	0.14514
0.46753	0.44323	0.44963
0.30769	0.27582	0.19237
0.19079	0.12674	0.12197
0.25	0.17322	0.11714
0.3125	0.14515	0.10412
0.35811	0.17702	0.12163
0.16667	0.16667	0.2
0.18868	0.06028	0.11073
0.0	0.0	0.0
0.33333	0.043	0.0
0.27	0.11953	0.08499
0.125	0.08369	0.0
0.19231	0.08312	0.07935
0.2	0.11914	0.06589
0.14286	0.14286	0.16667
0.22472	0.09969	0.06991
0.16049	0.12247	0.09798
0.52778	0.50515	0.48484
0.05882	0.01784	0.00222
0.15789	0.10868	0.08192
0.05085	0.02707	0.02778
0.17568	0.1273	0.11502
0.43455	0.36583	0.34702
0.09554	0.08999	0.08257
0.53846	0.32762	0.34778
0.01515	0.00195	0.0
0.53571	0.20854	0.23174
0.06667	0.04731	0.0043
0.277	0.15532	0.1417
0.12791	0.09115	0.07475
0.16432	0.09579	0.08054
0.16279	0.09979	0.09881
0.21667	0.12742	0.07695
0.31429	0.21636	0.19438
0.57895	0.29374	0.29167
0.12857	0.08019	0.08917
0.38961	0.18227	0.13562
0.13757	0.08662	0.06669
0.58824	0.21065	0.1516
0.3125	0.22405	0.2101
0.5	0.33374	0.22638
0.34375	0.23491	0.15764
0.4	0.22938	0.13159
0.02083	0.02083	0.03226
0.48649	0.21578	0.24137
0.08696	0.06802	0.03528
0.8	0.271	0.66667
0.4	0.19226	0.06653
0.2	0.0749	0.07757
0.17949	0.11374	0.07933
0.17647	0.06673	0.05255
0.2	0.10647	0.14112
0.24468	0.13607	0.09506
0.15	0.11551	0.03908
0.15556	0.0982	0.07359
0.28571	0.16364	0.0291
0.16	0.10192	0.10526
0.48148	0.34293	0.36295
0.01923	0.01023	0.02857
0.14103	0.09492	0.07817
0.18519	0.17862	0.15686
0.26415	0.18566	0.14349
0.33333	0.14517	0.07219
0.25	0.14715	0.13247
0.25444	0.16912	0.13855
0.72727	0.31091	0.17744
0.21296	0.1619	0.13406
0.04651	0.018	0.02291
0.16981	0.07517	0.06897
0.17647	0.13187	0.10622
0.25	0.15439	0.06265
0.30556	0.24778	0.19231
0.23404	0.11533	0.08612
0.06667	0.05107	0.09091
0.11828	0.06243	0.05182
0.13514	0.09393	0.08412
0.04706	0.02031	0.03333
0.23864	0.13262	0.08873
0.03571	0.03571	0.05556
0.09677	0.02445	0.04348
0.07143	0.07143	0.04762
0.15152	0.09385	0.09532
0.10606	0.09946	0.10112
0.18571	0.10763	0.05449
0.18301	0.10396	0.0933
0.14286	0.04843	0.13333
0.05714	0.05714	0.0
0.25	0.25	0.22222
0.27632	0.15641	0.09776
0.39205	0.25578	0.26478
0.2	0.17782	0.15385
0.04348	0.04348	0.0
0.28571	0.04386	0.0614
0.28467	0.17872	0.19037
0.46875	0.33869	0.36396
0.13889	0.03742	0.01793
0.0597	0.04767	0.02174
0.77778	0.41222	0.2904
0.07576	0.0545	0.0246
0.54545	0.44418	0.375
0.61111	0.24285	0.24543
0.34682	0.18218	0.20117
0.19231	0.05273	0.05917
0.0	0.0	0.0
0.29101	0.15096	0.10706
0.12752	0.07838	0.06965
0.12579	0.09881	0.06318
0.15294	0.06851	0.07453
0.17073	0.07004	0.03146
0.53846	0.40946	0.5
0.20548	0.11823	0.03945
0.1	0.0129	0.0
0.30769	0.12842	0.19444
0.35484	0.18505	0.19626
0.24742	0.12105	0.14316
0.2891	0.23521	0.19942
0.12791	0.09284	0.07526
0.03704	0.03704	0.0
0.10526	0.06877	0.04991
0.23602	0.13895	0.08597
0.13333	0.03191	0.03487
0.15625	0.10281	0.08143
0.08571	0.08571	0.08
0.08696	0.00843	0.00406
0.23529	0.11694	0.09565
0.31481	0.20581	0.19358
0.05556	0.05556	0.02778
0.26316	0.12226	0.02017
0.2381	0.11519	0.07143
0.2	0.14193	0.0129
0.57895	0.43974	0.42844
0.29126	0.14001	0.12988
0.20946	0.11509	0.05741
0.85714	0.24671	0.2
0.29032	0.26016	0.23023
0.12245	0.12245	0.15625
0.06977	0.0227	0.01395
0.27586	0.1101	0.15
0.34286	0.20646	0.21371
0.06061	0.06061	0.1
0.47561	0.27027	0.27039
0.10526	0.05605	0.08192
0.13699	0.08949	0.07009
0.27907	0.12453	0.10272
0.33333	0.16392	0.14819
0.09783	0.06057	0.04675
0.0	0.0	0.0
0.55556	0.31167	0.23633
0.27273	0.15445	0.15789
0.19118	0.15134	0.1251
0.10526	0.05689	0.04096
0.56452	0.1806	0.13095
0.46667	0.24093	0.12173
0.54839	0.26952	0.19889
0.16667	0.16667	0.0
0.15741	0.1138	0.08746
0.17647	0.08159	0.18182
0.16304	0.09239	0.08066
1.0	1.0	1.0
0.14286	0.09126	0.0426
0.17518	0.11832	0.08346
0.25	0.10306	0.10279
0.33333	0.2245	0.1484
0.25	0.13889	0.09862
0.55208	0.49918	0.47153
0.19048	0.13345	0.11124
0.18182	0.12611	0.03917
0.08929	0.04839	0.02881
0.06667	0.06667	0.0
0.32632	0.22954	0.25804
0.25	0.1293	0.10988
0.1875	0.15325	0.24657
0.21429	0.21429	0.19298
0.50267	0.3363	0.32845
0.33784	0.28204	0.22265
0.13265	0.13265	0.09375
0.09756	0.09756	0.07692
0.35484	0.18623	0.245
0.6	0.4161	0.22583
0.25532	0.16677	0.10491
0.19753	0.17204	0.13944
0.225	0.225	0.2
0.06667	0.03763	0.05
0.35583	0.19621	0.14289
0.35556	0.21762	0.19981
0.26667	0.14178	0.0777
0.19101	0.13321	0.1466
0.10976	0.06863	0.05319
0.38053	0.27533	0.20247
0.26531	0.10929	0.03846
0.11111	0.08067	0.07143
0.28777	0.20341	0.17625
0.12037	0.09842	0.05656
0.15584	0.14432	0.1227
0.75	0.629	0.672
0.375	0.34075	0.36414
0.07692	0.04777	0.03226
0.27273	0.1525	0.0398
0.20779	0.10977	0.09508
0.27273	0.1237	0.10143
0.08621	0.0406	0.06811
0.53333	0.40711	0.36573
0.18571	0.0894	0.05994
0.11828	0.09452	0.09524
0.20833	0.08334	0.03456
0.21875	0.19153	0.19048
0.38095	0.23119	0.19471
0.29167	0.15148	0.1151
0.07143	0.07143	0.04762
0.24138	0.11097	0.1065
0.15455	0.07274	0.08065
0.07595	0.04206	0.03896
0.0	0.0	0.0
0.19444	0.18144	0.09524
0.28889	0.2276	0.1951
0.0	0.0	0.0
0.15068	0.1297	0.14261
0.35	0.30325	0.25542
0.33846	0.14789	0.10619
0.22963	0.16273	0.10813
0.12121	0.06745	0.05573
0.15278	0.14068	0.10204
0.2	0.05053	0.10138
0.33333	0.19083	0.15176
0.45455	0.26982	0.03229
0.31925	0.12533	0.13857
0.1374	0.07141	0.04598
0.22581	0.17377	0.10526
0.18033	0.13485	0.09915
0.3125	0.22781	0.25
0.17647	0.06453	0.03541
0.28358	0.13122	0.10915
0.20588	0.08259	0.05292
0.54054	0.17784	0.09559
0.56522	0.30543	0.31145
0.37908	0.32649	0.28252
0.2931	0.19722	0.16148
0.30435	0.20336	0.1484
0.13636	0.10448	0.07029
0.29496	0.1613	0.11981
0.17391	0.03435	0.08757
0.12821	0.07859	0.08126
0.22857	0.18849	0.16277
0.06383	0.05817	0.04545
0.27717	0.1939	0.17441
0.27434	0.14245	0.14666
0.18182	0.0783	0.04644
0.125	0.10945	0.0894
0.13245	0.05448	0.06032
0.25547	0.14953	0.08855
0.36047	0.24467	0.23433
0.12963	0.09976	0.11488
0.4	0.19462	0.17262
0.19048	0.09046	0.05742
0.07042	0.04544	0.02438
0.125	0.08871	0.05882
0.375	0.25909	0.2052
0.06	0.04258	0.02857
0.18557	0.09711	0.06475
0.26549	0.16373	0.13053
0.21831	0.12291	0.08029
0.06957	0.0247	0.03771
0.30508	0.14503	0.07571
0.17978	0.05816	0.06041
0.125	0.08105	0.05692
0.59375	0.29744	0.1484
0.19	0.12669	0.13785
0.33333	0.20253	0.223
0.9375	0.34875	0.4499
1.14286	0.57457	0.38143
0.0625	0.0625	0.09091
0.66667	0.60217	0.52825
0.14815	0.11589	0.10645
0.24742	0.15281	0.10025
0.21277	0.13523	0.12043
0.04762	0.01843	0.0
0.3038	0.27276	0.19124
0.63636	0.63636	0.75
0.50345	0.38254	0.34864
0.17442	0.05853	0.0917
0.0	0.0	0.0
0.54545	0.54545	0.66667
0.13333	0.10217	0.13932
0.33696	0.19023	0.20969
0.175	0.10725	0.11442
0.16667	0.14322	0.11268
0.2875	0.15808	0.14365
0.3617	0.18736	0.11694
0.06593	0.04679	0.04225
0.13772	0.08799	0.08472
0.11765	0.09696	0.09615
0.14706	0.08587	0.0559
0.35714	0.18257	0.2
0.23585	0.16904	0.16023
0.38095	0.096	0.1895
0.08475	0.02297	0.02598
0.12821	0.07859	0.08126
0.22917	0.08869	0.03861
0.28058	0.12359	0.10686
0.10843	0.07987	0.07937
0.20183	0.09945	0.11355
0.75	0.75	0.74194
0.6	0.38452	0.4258
0.46377	0.34925	0.30226
0.16667	0.10554	0.06265
0.17419	0.09116	0.08918
0.24419	0.12527	0.06661
0.10112	0.07612	0.03129
0.08824	0.08824	0.04762
0.33058	0.21783	0.18142
0.06452	0.03642	0.04545
0.14286	0.06747	0.07123
0.19588	0.10793	0.09382
0.33333	0.20753	0.10118
0.37255	0.24316	0.16965
0.0	0.0	0.0
0.35088	0.28977	0.26078
0.03125	0.03125	0.03846
0.4	0.15273	0.10118
0.41379	0.19414	0.1243
0.2314	0.14303	0.07985
0.21739	0.1753	0.1875
0.06329	0.06329	0.05556
0.125	0.09662	0.0954
0.1831	0.10473	0.0367
0.15873	0.09935	0.06733
0.15254	0.09186	0.13158
0.1875	0.10434	0.08996
0.0566	0.02253	0.03317
0.05229	0.02541	0.02885
0.05172	0.02864	0.00438
0.08929	0.06519	0.04868
1.0	0.5645	0.0
0.8125	0.8125	0.77778
0.38596	0.22358	0.15593
0.1358	0.0896	0.08141
0.35065	0.32761	0.28571
0.18947	0.13108	0.13073
0.31579	0.19611	0.01615
0.27551	0.14699	0.09952
0.03846	0.02171	0.02778
0.17323	0.12192	0.09659
0.42391	0.33677	0.29734
0.2	0.12299	0.10069
0.17857	0.10793	0.05589
0.50893	0.30273	0.28707
0.72	0.31036	0.23973
0.18072	0.10359	0.08862
0.10204	0.03078	0.03474
0.05263	0.00342	0.00433
0.08108	0.04143	0.09833
0.21053	0.07726	0.0312
0.29787	0.21947	0.19462
0.22156	0.09853	0.08776
0.28696	0.14811	0.11084
0.38776	0.17974	0.10938
0.19802	0.13526	0.11849
0.44444	0.19167	0.172
0.19444	0.14336	0.2
0.30556	0.13711	0.05416
0.25	0.25	0.16667
0.14286	0.08756	0.05263
0.08333	0.08333	0.09091
0.23684	0.15153	0.12771
0.09333	0.05785	0.05365
0.32609	0.21741	0.21982
0.45	0.41652	0.3785
0.12821	0.10587	0.0
0.5	0.16938	0.4
0.44156	0.30268	0.25322
0.5	0.5	0.5
0.1195	0.08237	0.07595
0.23077	0.07777	0.12214
0.26087	0.16339	0.13233
0.06061	0.02615	0.03139
0.26667	0.08744	0.02772
0.22556	0.13812	0.1002
0.6875	0.54991	0.54584
0.0	0.0	0.0
0.14286	0.0599	0.0
0.24	0.12424	0.08412
0.15789	0.11205	0.0625
0.21212	0.07036	0.10409
0.11765	0.06356	0.08333
0.25	0.10816	0.11641
0.2619	0.15514	0.11868
0.25926	0.14337	0.14935
0.08571	0.04563	0.04
0.24138	0.18131	0.13636
0.41667	0.20618	0.17884
0.15625	0.09575	0.01305
0.14035	0.11518	0.10697
0.05556	0.05556	0.08333
0.16981	0.16981	0.11765
0.44444	0.3466	0.39097
0.33333	0.12522	0.14932
0.23529	0.18406	0.16667
0.6	0.35807	0.29327
0.12727	0.0503	0.04375
0.13953	0.08814	0.0625
0.13265	0.06764	0.06114
1.5	0.734	2.129
0.29	0.17274	0.15491
0.13043	0.07083	0.08064
0.14433	0.09062	0.04838
0.13158	0.05157	0.06585
0.2459	0.18405	0.18129
0.11538	0.11538	0.05882
0.38235	0.20303	0.22446
0.14754	0.10102	0.10073
0.21053	0.12395	0.07692
0.15663	0.12671	0.07653
0.28571	0.2235	0.3
0.10112	0.06089	0.06773
0.0	0.0	0.0
0.13043	0.05963	0.08403
0.0	0.0	0.0
0.28302	0.15432	0.09332
0.23913	0.19987	0.14471
0.21875	0.07031	0.05174
0.05556	0.03583	0.0116
0.05357	0.01066	0.02632
0.21739	0.07643	0.05882
0.13636	0.05718	0.0625
0.18421	0.04757	0.06338
0.125	0.05997	0.04545
0.04545	0.00295	0.00361
0.25926	0.12789	0.05577
0.23243	0.08973	0.09784
0.29787	0.22649	0.21914
0.08475	0.08475	0.08333
0.31522	0.15289	0.12855
0.05063	0.02981	0.01852
0.8	0.271	0.66667
0.16667	0.16667	0.04762
0.36486	0.27377	0.24692
1.0	0.49786	0.5525
0.25862	0.19188	0.13936
0.16216	0.10332	0.04704
0.17857	0.11849	0.0998
0.45161	0.42352	0.38095
0.26471	0.15609	0.0658
0.13115	0.078	0.07219
0.06723	0.05151	0.04118
0.12879	0.11681	0.0948
0.15	0.11048	0.10593
0.10959	0.07911	0.04165
0.0	0.0	0.0
0.09677	0.06555	0.09236
0.20455	0.15798	0.12609
0.1413	0.09118	0.09578
0.0	0.0	0.0
0.35484	0.1275	0.12572
0.24	0.11032	0.02968
0.125	0.04438	0.04025
0.10526	0.07208	0.03474
0.66667	0.22576	0.22175
0.14286	0.08064	0.11111
0.04167	0.04167	0.06667
0.17544	0.13582	0.11111
0.21324	0.14138	0.14777
0.09615	0.05831	0.03043
0.28571	0.13759	0.12621
0.5	0.5	1.0
0.58333	0.25275	0.0226
0.3253	0.16635	0.16047
0.14634	0.08261	0.09475
0.25	0.12378	0.10615
0.27451	0.26708	0.28956
0.18939	0.12183	0.10047
0.05	0.05	0.03333
0.11321	0.11321	0.05882
0.1547	0.1129	0.08616
0.26271	0.10594	0.06916
0.0	0.0	0.0
0.51515	0.51515	0.53488
0.16071	0.05127	0.02778
0.13559	0.09376	0.11159
0.07018	0.05151	0.05128
0.09884	0.07005	0.03665
0.17073	0.17073	0.13462
0.29885	0.18001	0.13602
0.18182	0.06164	0.0
0.07143	0.05069	0.03333
0.33333	0.059	0.0885
0.25	0.13465	0.2515
0.08824	0.03021	0.01613
0.12346	0.05616	0.08095
0.28099	0.15356	0.13023
0.25	0.14975	0.17647
0.52113	0.4573	0.44076
0.36364	0.26636	0.21186
0.25	0.13465	0.2515
0.19355	0.16545	0.15
0.19048	0.08371	0.09091
0.14141	0.10988	0.08265
0.13559	0.04731	0.05958
0.27848	0.24335	0.18433
0.32727	0.13785	0.10276
0.05263	0.05263	0.0
0.4	0.4	0.36364
0.11765	0.07497	0.06519
0.22917	0.17708	0.14044
0.15476	0.07268	0.06466
0.57143	0.2949	0.35281
0.13333	0.10517	0.04869
0.14286	0.09333	0.06803
0.15385	0.0791	0.07892
0.1	0.08911	0.09434
0.06579	0.05433	0.04082
0.18841	0.05962	0.0602
0.1411	0.06541	0.09165
0.41935	0.15929	0.209
0.42857	0.42857	0.25
0.64706	0.64706	0.64286
0.10811	0.04577	0.04094
0.08824	0.05171	0.04545
0.26316	0.21732	0.23077
0.10227	0.05499	0.07792
0.10101	0.08008	0.06979
0.21127	0.13902	0.08029
0.54545	0.24636	0.25812
0.375	0.13512	0.10973
0.48936	0.38162	0.33817
0.17021	0.12068	0.09046
0.07042	0.03839	0.0453
0.5	0.23389	0.27729
0.06061	0.06061	0.03846
0.3125	0.20194	0.19053
0.33333	0.27556	0.19231
0.34641	0.21937	0.22382
1.0	0.54711	0.75457
0.13333	0.0452	0.0
0.29193	0.17432	0.14853
0.24324	0.13296	0.1651
0.22059	0.13484	0.13355
0.3913	0.13572	0.11706
0.41026	0.34244	0.35484
0.11688	0.08925	0.08716
0.33051	0.15309	0.09484
0.25668	0.10732	0.08481
0.33333	0.28744	0.26923
0.23529	0.10012	0.07192
0.17989	0.1117	0.07613
1.4	0.6744	0.457
0.19802	0.13415	0.08776
0.0	0.0	0.0
0.18868	0.08002	0.03268
0.07692	0.07692	0.0
0.16	0.16	0.11765
0.38235	0.34535	0.29648
0.08696	0.08696	0.11111
0.36842	0.29284	0.3
0.27778	0.151	0.10524
0.38095	0.08529	0.166
0.04545	0.0242	0.00217
0.2451	0.18566	0.16185
0.27778	0.18489	0.12308
0.03333	0.03333	0.05556
0.07407	0.07407	0.0
0.0396	0.01277	0.01471
0.20635	0.1426	0.05449
0.2	0.11616	0.129
0.20904	0.14781	0.13582
0.51613	0.31174	0.34279
0.15132	0.06866	0.05415
0.44186	0.21684	0.17996
0.22162	0.09915	0.08263
0.41026	0.23286	0.14636
0.13793	0.09069	0.09091
0.30769	0.21754	0.15881
0.18519	0.08781	0.0625
0.08824	0.08824	0.05852
0.31034	0.1578	0.09791
0.77778	0.50478	0.53955
0.08333	0.07681	0.0618
0.54839	0.32155	0.21104
0.47368	0.25184	0.19397
0.07843	0.06135	0.04117
0.18627	0.10675	0.10297
0.25581	0.11939	0.10089
0.31667	0.19815	0.13608
0.2	0.08389	0.06823
0.11475	0.08515	0.07692
0.31579	0.11884	0.1245
0.12346	0.06432	0.06317
0.0	0.0	0.0
0.31579	0.09337	0.12443
0.25	0.13465	0.2
0.35714	0.318	0.17743
0.15385	0.12842	0.17647
0.21739	0.11865	0.10704
0.22807	0.0747	0.05647
0.1	0.1	0.0
0.15385	0.07346	0.04762
0.17857	0.05502	0.06178
0.2037	0.12726	0.09613
0.09836	0.02803	0.00992
0.0625	0.0625	0.06452
0.17526	0.10043	0.04885
0.25	0.12544	0.12128
0.6875	0.19363	0.36655
0.71795	0.28913	0.24268
0.29193	0.22429	0.22287
0.27778	0.15468	0.11734
0.23684	0.19439	0.11788
0.41379	0.33648	0.3
0.22549	0.1956	0.17787
0.29	0.20146	0.17236
0.58974	0.19608	0.27232
0.30147	0.22877	0.18178
0.08	0.04516	0.03261
0.73333	0.73333	0.7
0.11594	0.06253	0.04418
0.2619	0.17319	0.09868
0.13208	0.10317	0.08067
0.25	0.18244	0.16927
0.31818	0.2168	0.2208
0.59259	0.54122	0.6
0.13376	0.05424	0.07393
1.0	0.56467	0.6388
0.05882	0.05882	0.04545
0.39655	0.33733	0.32522
0.1875	0.12298	0.0387
0.025	0.00848	0.01412
0.70588	0.60341	0.59675
0.16667	0.0844	0.07127
0.16364	0.11555	0.13867
0.21053	0.16468	0.125
0.40278	0.29617	0.30191
0.10101	0.0541	0.03276
0.19048	0.19048	0.16667
0.0	0.0	0.0
0.58333	0.47688	0.45649
0.17647	0.04412	0.04975
0.18033	0.10813	0.06766
0.3	0.2065	0.14438
0.54054	0.517	0.4665
0.27778	0.08843	0.11163
0.25225	0.18586	0.12976
0.13115	0.06611	0.04896
0.0	0.0	0.0
1.0	1.0	1.0
0.18033	0.0981	0.09726
0.13208	0.05936	0.07238
0.54839	0.39829	0.47811
0.20325	0.14241	0.12064
0.07273	0.03109	0.02778
0.22973	0.15007	0.11008
0.16279	0.07688	0.03822
1.0	0.411	0.3806
0.2037	0.07141	0.03618
0.11207	0.07647	0.06389
0.05	0.00445	0.00241
0.28205	0.13646	0.08188
0.14286	0.07911	0.09033
0.17582	0.13152	0.0558
0.15493	0.09246	0.03706
0.26087	0.11722	0.08119
0.76642	0.65188	0.68071
0.24138	0.08403	0.11455
0.27059	0.16872	0.13561
0.35985	0.22514	0.22118
0.28333	0.1312	0.18067
0.10577	0.05304	0.04506
0.44444	0.25456	0.01083
0.10127	0.09065	0.05747
0.11321	0.09677	0.10526
0.58824	0.49197	0.4452
0.2093	0.12679	0.15422
0.13043	0.05224	0.04058
0.42857	0.25	0.1065
0.425	0.425	0.41379
0.22892	0.16246	0.15073
0.42857	0.42857	0.23117
0.2963	0.15826	0.15743
0.1	0.0766	0.125
0.33333	0.13978	0.02055
0.125	0.07912	0.08143
0.33333	0.22362	0.14902
0.10526	0.05942	0.07692
0.28571	0.28571	0.25
0.24528	0.1546	0.13979
0.25	0.14694	0.1184
0.34921	0.14187	0.12093
0.21739	0.21739	0.10381
0.15686	0.04966	0.0209
0.17544	0.1494	0.14161
0.20833	0.11621	0.08421
0.45161	0.45161	0.5
0.46341	0.31746	0.26408
0.17361	0.11527	0.11535
0.21053	0.11547	0.16877
0.09091	0.09091	0.05556
0.22222	0.12237	0.09106
0.16993	0.13145	0.09813
0.0	0.0	0.0
0.26316	0.21732	0.24069
0.1087	0.07785	0.01798
0.02679	0.01123	0.0125
0.10606	0.06476	0.03188
0.41538	0.20486	0.15344
0.32353	0.21988	0.19288
0.44444	0.26344	0.07517
0.2963	0.2963	0.30303
0.13821	0.07528	0.07006
0.43478	0.29243	0.10709
0.0	0.0	0.0
0.33333	0.12644	0.11292
0.26316	0.21732	0.23077
0.25424	0.10117	0.13584
0.41611	0.18262	0.13544
0.16949	0.08368	0.08179
0.21429	0.09214	0.03222
0.37931	0.18812	0.16031
0.59259	0.5663	0.53762
0.5	0.26389	0.24394
0.42857	0.39842	0.38298
0.19231	0.19231	0.21441
0.0	0.0	0.0
0.175	0.08065	0.09733
0.29474	0.19288	0.17025
0.49505	0.4711	0.4397
0.33981	0.20705	0.16297
0.28718	0.13309	0.11005
0.85714	0.31343	0.27425
0.0303	0.0303	0.02174
0.45455	0.21109	0.29029
0.21053	0.06032	0.14407
0.07843	0.01012	0.0
0.53846	0.17608	0.11288
0.38462	0.23492	0.1941
1.0	1.0	1.0
0.54348	0.19428	0.13985
0.03571	0.00346	0.00462
0.18692	0.06919	0.03851
0.38182	0.21291	0.27554
0.29323	0.17392	0.10193
0.46667	0.22907	0.3275
0.58696	0.35024	0.36593
0.21552	0.18841	0.13525
0.125	0.07287	0.03594
0.22222	0.13158	0.11655
0.15152	0.11545	0.11917
0.33333	0.19626	0.15842
0.11628	0.05195	0.03621
0.2381	0.2381	0.26667
0.16279	0.09905	0.09781
0.52778	0.51478	0.45162
0.13889	0.11381	0.125
0.26389	0.18526	0.18698
0.1828	0.07753	0.05924
0.14754	0.09426	0.08927
0.5	0.5	0.4
0.33898	0.23539	0.24271
0.05263	0.05263	0.07692
0.0	0.0	0.0
0.27273	0.20403	0.18198
0.31169	0.24969	0.22066
0.28205	0.12408	0.10139
0.21053	0.13412	0.12195
0.02381	0.02381	0.0
0.0	0.0	0.0
0.3	0.08226	0.14884
0.31111	0.21364	0.10719
0.15517	0.06757	0.07184
0.03846	0.03846	0.0
0.2	0.2	0.21429
0.24561	0.12054	0.12354
0.29213	0.12304	0.10086
0.26623	0.0795	0.07422
0.21605	0.14677	0.09848
0.15068	0.13278	0.07445
0.58824	0.19918	0.2564
0.0	0.0	0.0
0.27586	0.1346	0.16132
0.22378	0.11078	0.09402
0.69231	0.69231	0.77778
0.22222	0.08422	0.17514
0.17391	0.07083	0.08062
0.48276	0.35931	0.283
0.775	0.5972	0.58565
0.10959	0.1023	0.06383
0.46154	0.32262	0.34056
0.11538	0.06638	0.05388
0.5	0.5	0.4
0.52381	0.26195	0.24569
0.1	0.1	0.15385
0.05556	0.05556	0.0
0.2807	0.12002	0.08065
0.2234	0.11328	0.0804
0.21296	0.1126	0.13107
0.21101	0.09501	0.06257
0.29197	0.13704	0.08136
0.37419	0.32363	0.29956
0.30882	0.20068	0.17711
0.2963	0.09859	0.15965
0.13953	0.05779	0.07207
0.19048	0.10544	0.06296
0.18182	0.11258	0.09677
0.12346	0.08065	0.06325
0.18137	0.13426	0.06589
0.20548	0.10207	0.07224
0.46923	0.24269	0.28094
0.04762	0.01383	0.03125
0.59091	0.26817	0.17746
0.24	0.13036	0.129
0.0	0.0	0.0
0.3	0.19398	0.22583
0.31818	0.20721	0.2038
0.42857	0.16304	0.10247
0.41071	0.22895	0.21982
0.0	0.0	0.0
0.2	0.1129	0.0
0.11538	0.04012	0.0402
0.25	0.09475	0.09062
0.0274	0.01547	0.0
0.30769	0.15261	0.10886
0.08696	0.04997	0.03544
0.06897	0.06369	0.0598
0.52632	0.32258	0.31827
0.13462	0.08469	0.06314
0.1	0.1	0.0
0.25	0.2379	0.23592
0.45238	0.34638	0.38615
0.33333	0.33333	0.33333
0.29851	0.1666	0.15168
0.36957	0.22474	0.14815
0.45455	0.29361	0.23991
0.23333	0.1543	0.0889
0.2807	0.13186	0.14931
1.0	0.6548	0.74733
0.23529	0.16365	0.0215
0.2766	0.22256	0.14071
0.29412	0.0838	0.1051
0.88889	0.70967	0.5645
0.23913	0.14478	0.11034
0.34211	0.24363	0.19604
0.10784	0.09345	0.09524
0.1	0.1	0.15385
0.26316	0.11674	0.04571
0.375	0.16332	0.12459
0.23077	0.13774	0.08438
0.28729	0.14508	0.09732
0.43056	0.29057	0.3341
0.23179	0.1865	0.16589
0.0625	0.0625	0.0
0.22727	0.06745	0.16667
0.14286	0.08064	0.0
0.01613	0.00208	0.0
0.0	0.0	0.0
0.52459	0.29962	0.23466
0.42424	0.21409	0.13641
0.0	0.0	0.0
0.19512	0.1188	0.10107
0.07692	0.05767	0.02857
0.26316	0.16642	0.15885
0.05556	0.05556	0.1
0.0	0.0	0.0
0.09259	0.04705	0.01225
0.29851	0.17236	0.13356
0.21127	0.11462	0.06613
0.25	0.19756	0.10555
0.20455	0.15032	0.10017
0.19355	0.09849	0.09552
0.22467	0.18858	0.18287
0.2	0.10947	0.12451
0.10714	0.07739	0.04839
0.0	0.0	0.0
0.2625	0.16632	0.11774
0.24561	0.10698	0.08065
0.09259	0.09259	0.05263
0.22881	0.11906	0.09471
0.11111	0.05068	0.03112
0.0	0.0	0.0
0.19697	0.13307	0.12401
0.08955	0.02878	0.04524
0.35	0.30325	0.31293
0.12195	0.12195	0.07692
0.4	0.2145	0.14286
0.04	0.04	0.0
0.31579	0.27843	0.28125
0.22222	0.12374	0.06998
0.13208	0.08064	0.06731
0.18182	0.13245	0.09879
0.25714	0.14194	0.09386
0.75	0.67742	0.8
0.1134	0.07416	0.0552
0.11111	0.11111	0.04762
0.32394	0.1229	0.15821
0.26087	0.16339	0.13233
0.2	0.09533	0.08719
0.29762	0.1705	0.1177
0.08876	0.06185	0.05206
0.85714	0.42057	0.36871
0.26364	0.13183	0.11712
0.11613	0.06712	0.049
0.14062	0.14062	0.14634
0.45161	0.30074	0.30513
0.36842	0.18	0.12532
0.30435	0.25455	0.2154
0.39683	0.28111	0.26526
0.44966	0.41914	0.36353
0.24561	0.12054	0.12354
0.5	0.28672	0.4253
0.44928	0.30645	0.25883
0.2375	0.1744	0.14513
0.17877	0.1248	0.07652
0.30303	0.15497	0.18477
0.36842	0.18337	0.13106
0.18182	0.18182	0.14286
0.18182	0.10412	0.11369
0.0678	0.0451	0.02326
0.38235	0.12241	0.09488
0.10596	0.06399	0.04854
0.26708	0.1628	0.11837
0.16901	0.1572	0.15771
0.175	0.0734	0.09022
0.15385	0.06651	0.06145
0.08163	0.05794	0.06745
0.18182	0.18182	0.14286
0.02899	0.02128	0.03449
0.31111	0.23442	0.2279
0.41667	0.26213	0.23658
0.18519	0.07528	0.05053
0.30682	0.21559	0.17141
0.0	0.0	0.0
0.26087	0.15101	0.09164
0.09302	0.05177	0.0
0.75	0.75	0.7
0.25	0.14754	0.135
0.12069	0.07371	0.02632
0.2069	0.12067	0.11289
0.36842	0.20632	0.15135
0.21739	0.0712	0.07957
0.25	0.13018	0.05539
0.14583	0.12533	0.09091
0.36	0.18422	0.14432
0.1039	0.05823	0.09091
0.11111	0.09498	0.08234
0.29245	0.2147	0.1942
0.36842	0.06368	0.13042
0.23684	0.10825	0.04808
0.04762	0.0031	0.00433
0.0	0.0	0.0
0.11111	0.08223	0.07143
0.11243	0.04362	0.05453
0.27778	0.18639	0.13759
0.19608	0.10547	0.07799
0.14286	0.0458	0.03071
0.14634	0.07515	0.06352
0.16667	0.09408	0.01612
0.2	0.2	0.14583
0.79487	0.36005	0.3984
0.10465	0.10465	0.07407
0.17073	0.08459	0.11936
0.5	0.13708	0.229
0.2	0.11145	0.12718
0.11321	0.06513	0.05108
0.38462	0.29715	0.29081
0.0	0.0	0.0
0.12	0.08644	0.12349
0.0	0.0	0.0
0.2973	0.13643	0.13338
0.06349	0.03584	0.02439
0.18519	0.12367	0.19071
0.21348	0.11997	0.08377
0.29412	0.1454	0.1424
0.08163	0.04597	0.0439
0.06522	0.04628	0.02857
0.08333	0.05914	0.08333
0.35714	0.14057	0.10488
0.25	0.16205	0.1579
0.26087	0.11574	0.16377
0.09836	0.06452	0.04591
0.83333	0.31717	0.271
0.31884	0.15417	0.09868
0.5	0.16938	0.4
0.66667	0.56089	0.54836
0.19167	0.10067	0.08199
0.71429	0.49993	0.36567
0.0	0.0	0.0
0.27059	0.22334	0.25834
0.08333	0.08333	0.1
0.21739	0.08413	0.06829
0.10256	0.07897	0.04965
0.20588	0.13	0.13214
0.16	0.07066	0.09394
0.30769	0.16623	0.1161
0.2	0.08533	0.08333
0.25	0.09675	0.125
0.25	0.25	0.11111
0.0	0.0	0.0
0.12821	0.12821	0.10714
0.25	0.17794	0.1387
0.05882	0.05882	0.09091
0.13208	0.08693	0.06656
0.34286	0.17003	0.14874
0.09524	0.06376	0.07692
0.27586	0.13845	0.11295
0.29078	0.16885	0.1103
0.16129	0.07702	0.08618
0.24444	0.12224	0.08948
0.1697	0.08426	0.05392
0.07547	0.07547	0.05882
0.31579	0.18212	0.13763
0.19048	0.08371	0.09091
0.10204	0.10204	0.07812
0.24859	0.16012	0.13505
0.28571	0.25232	0.16667
0.25	0.15141	0.15283
0.54167	0.46373	0.445
0.28994	0.12351	0.10193
0.5	0.5	1.0
0.0	0.0	0.0
0.0	0.0	0.0
0.77778	0.57	0.355
0.15385	0.07938	0.09091
1.0	1.0	1.0
0.35	0.0944	0.0542
0.11628	0.05026	0.02209
0.52	0.38452	0.30414
0.0	0.0	0.0
0.08333	0.08333	0.05128
0.69231	0.24438	0.33075
0.2	0.13767	0.09682
0.31915	0.15649	0.16424
0.2069	0.2069	0.14286
0.12941	0.06452	0.0725
0.72	0.31612	0.28494
0.2562	0.14436	0.10309
1.0	0.487	0.72567
0.43478	0.28191	0.2385
0.09091	0.04429	0.02778
0.25397	0.13775	0.13041
0.14815	0.07826	0.00433
0.33333	0.17386	0.16339
0.21311	0.13908	0.10815
0.34146	0.07673	0.08481
0.10569	0.05705	0.03309
0.10127	0.06105	0.05915
0.36782	0.15462	0.15247
0.16471	0.09261	0.09248
0.19048	0.01462	0.00746
1.86667	1.3544	1.91941
0.0	0.0	0.0
0.08434	0.04002	0.04156
0.0	0.0	0.0
0.1	0.07646	0.04865
0.14679	0.06585	0.03296
0.22727	0.14591	0.12036
0.19444	0.15372	0.11352
0.22727	0.11072	0.06398
0.34091	0.23609	0.2339
0.26471	0.127	0.09482
0.0625	0.0625	0.0
0.12	0.02392	0.06647
0.07447	0.01887	0.02062
0.44898	0.25939	0.14465
0.58333	0.49956	0.447
0.24339	0.12725	0.08449
0.10667	0.05269	0.07045
0.23529	0.10563	0.08019
0.29545	0.17302	0.14366
0.06383	0.06383	0.05714
0.20755	0.12843	0.08269
0.36364	0.28348	0.24195
0.07407	0.07407	0.0
0.19608	0.09236	0.05248
0.13725	0.12161	0.12121
0.01408	0.01408	0.02083
0.27586	0.22359	0.1659
0.24339	0.15592	0.09303
0.2	0.1129	0.14286
0.29167	0.29167	0.31034
0.53226	0.34526	0.36877
0.04348	0.02313	0.05263
0.02941	0.00571	0.00776
0.0	0.0	0.0
0.2381	0.13133	0.09091
0.28333	0.14812	0.14742
0.30303	0.14176	0.11368
0.19403	0.13	0.10091
0.52273	0.43659	0.38227
0.13725	0.09663	0.10497
1.5	0.734	2.129
0.0	0.0	0.0
0.03774	0.02678	0.01935
0.0	0.0	0.0
0.36082	0.26388	0.26635
0.23457	0.09741	0.08675
0.18692	0.08984	0.06654
0.30556	0.24508	0.24615
0.18824	0.10418	0.08233
0.33333	0.059	0.0885
0.04545	0.04545	0.06667
0.33333	0.15005	0.18198
0.23529	0.09774	0.01075
0.24883	0.20604	0.16772
0.26316	0.18526	0.16457
1.0	0.454	0.39525
0.11348	0.08305	0.08381
0.02469	0.01891	0.03922
0.26761	0.17558	0.13487
0.28395	0.21843	0.17152
0.07447	0.01887	0.02062
0.26667	0.2086	0.0129
0.18519	0.095	0.08069
0.18627	0.09347	0.07018
0.36842	0.22068	0.15676
0.17143	0.12781	0.1334
0.03448	0.00445	0.0
0.0	0.0	0.0
0.31667	0.14247	0.19207
0.27559	0.21146	0.18576
0.24	0.14772	0.08911
0.18182	0.06164	0.0
0.14286	0.05851	0.08028
0.36364	0.217	0.33333
0.41667	0.2761	0.35258
0.28302	0.164	0.08253
0.06897	0.02059	0.04762
0.41667	0.38239	0.49057
0.0	0.0	0.0
0.11321	0.0767	0.10526
0.33333	0.12905	0.06977
0.15789	0.14559	0.12187
0.2268	0.17043	0.1549
0.31481	0.16173	0.12021
0.20661	0.14196	0.11448
0.22222	0.0657	0.07811
0.36145	0.23049	0.19482
0.14286	0.05722	0.02729
0.30435	0.18059	0.19513
0.43902	0.205	0.18321
0.24324	0.12338	0.07069
0.16	0.06607	0.02432
0.14286	0.07606	0.09539
0.33333	0.043	0.0
0.48649	0.46032	0.38462
0.31429	0.25531	0.19209
0.33333	0.15233	0.07517
0.16667	0.16667	0.2
0.19231	0.07569	0.08967
0.23656	0.14812	0.11108
0.08889	0.05162	0.04562
0.15625	0.07159	0.0426
0.15068	0.10341	0.04598
0.19753	0.13044	0.1097
0.18079	0.10145	0.08988
0.8	0.271	0.66667
0.0	0.0	0.0
0.15385	0.08274	0.09887
0.13333	0.07475	0.04914
0.26316	0.16179	0.13979
1.2	0.5192	0.89233
0.125	0.11039	0.10638
0.16393	0.10549	0.04224
0.0	0.0	0.0
1.5	1.113	1.129
0.34091	0.18916	0.18131
0.26667	0.26667	0.12642
0.04545	0.00586	0.0
0.09836	0.06267	0.05195
0.25	0.14398	0.11912
0.10526	0.07047	0.15385
0.34146	0.16134	0.18076
0.33333	0.28494	0.25
0.33803	0.15357	0.09976
0.2	0.09578	0.053
0.51724	0.30759	0.25325
0.30435	0.16339	0.17647
0.8	0.271	0.66667
0.125	0.04609	0.03353
0.02778	0.02778	0.04
0.10938	0.10938	0.11364
0.3125	0.21002	0.12418
0.08571	0.04746	0.04
0.15909	0.08359	0.0661
0.29457	0.19556	0.18513
0.49351	0.20905	0.17128
0.18868	0.13543	0.14791
0.09836	0.09836	0.05128
0.2459	0.21708	0.12785
0.26316	0.11658	0.12858
0.02941	0.02941	0.04167
0.09901	0.05175	0.06269
0.22772	0.15794	0.18074
0.2963	0.20967	0.19353
0.15217	0.06452	0.05897
0.12371	0.07748	0.06154
0.12857	0.08317	0.08064
0.28571	0.1375	0.06883
0.69231	0.69231	0.66667
0.08571	0.04563	0.08696
0.58333	0.44492	0.26612
0.07143	0.06313	0.06667
0.18182	0.1145	0.10943
0.03896	0.01299	0.02654
0.12727	0.11027	0.059
0.1	0.0129	0.0
0.17073	0.12668	0.08438
0.21429	0.12181	0.09931
0.29167	0.21975	0.12793
0.13274	0.08835	0.07662
0.08696	0.02899	0.02385
0.47368	0.24884	0.27429
0.06061	0.06061	0.07692
0.20349	0.11562	0.11165
0.15596	0.11453	0.1068
0.6	0.413	0.0
0.05797	0.05026	0.0541
0.24893	0.16905	0.15548
0.27273	0.18867	0.15325
0.04348	0.04348	0.0
0.19565	0.12659	0.128
0.21739	0.21739	0.125
0.36	0.16322	0.27135
0.44444	0.15056	0.4
0.19403	0.10378	0.09096
0.10976	0.07043	0.06426
0.0625	0.04435	0.03333
0.05714	0.05714	0.04545
0.09677	0.05634	0.03731
0.04762	0.02536	0.0
0.21481	0.09641	0.05671
0.32609	0.18199	0.14012
0.2	0.11613	0.0953
0.11364	0.06709	0.08585
0.22059	0.18832	0.1673
0.17695	0.1155	0.09155
0.0	0.0	0.0
0.23214	0.11579	0.11606
0.14286	0.07546	0.10779
0.67925	0.41602	0.38486
0.25758	0.12998	0.11032
0.35294	0.35294	0.23077
0.52	0.40648	0.33511
0.2907	0.14012	0.12059
0.3913	0.20474	0.1175
0.0	0.0	0.0
0.0	0.0	0.0
0.20548	0.15676	0.11808
0.37037	0.16363	0.15743
0.22388	0.1064	0.14105
0.48649	0.47341	0.43548
0.35294	0.14835	0.10073
0.36667	0.26397	0.26643
0.69444	0.27736	0.22954
0.05455	0.03695	0.0
0.18421	0.05688	0.09925
0.27103	0.13688	0.12661
0.60606	0.29598	0.18657
0.0	0.0	0.0
0.61905	0.2789	0.33682
0.05556	0.0233	0.02632
0.14706	0.09962	0.09091
0.0	0.0	0.0
0.08333	0.05208	0.05882
0.25352	0.1372	0.15717
0.17157	0.12255	0.07644
0.14286	0.09295	0.10427
0.22892	0.13058	0.12068
0.1875	0.1875	0.16667
0.12698	0.07067	0.06667
0.28431	0.16746	0.13646
0.15873	0.10984	0.07895
0.23457	0.1601	0.16846
0.21192	0.09604	0.08896
0.07792	0.03583	0.04034
0.29412	0.20891	0.17102
0.09756	0.09756	0.07692
0.35484	0.18729	0.23657
0.07692	0.02606	0.05556
0.24848	0.10002	0.05426
0.09091	0.09091	0.0
0.23256	0.14743	0.10049
0.23611	0.1194	0.08953
0.0625	0.03428	0.04214
0.16667	0.11922	0.04542
0.09091	0.01906	0.0463
0.76923	0.63777	0.66138
0.45161	0.37227	0.33065
1.2	0.4744	0.457
0.24138	0.14628	0.10779
0.10417	0.06166	0.04746
0.61905	0.30114	0.36247
0.45455	0.26436	0.26365
0.39286	0.21486	0.26455
0.01923	0.00248	0.0
0.33333	0.22485	0.14448
0.02857	0.02857	0.0
0.36842	0.26795	0.14411
0.25373	0.09981	0.08726
0.04255	0.02402	0.02857
0.5	0.5	1.0
0.25806	0.10506	0.13322
0.2967	0.12447	0.10884
0.77778	0.17033	0.22583
0.24444	0.10967	0.05258
0.11864	0.07902	0.02958
0.26042	0.22464	0.21077
0.81356	0.7578	0.74192
0.2439	0.09324	0.07887
0.45161	0.42352	0.38095
0.2931	0.13626	0.18847
0.16867	0.16867	0.16327
0.35897	0.20597	0.22289
0.20472	0.1147	0.07172
0.2	0.02354	0.07544
0.16	0.03615	0.02113
0.20755	0.16221	0.10844
0.40404	0.2149	0.19652
0.24286	0.14217	0.1403
0.22222	0.07946	0.07447
0.5	0.25358	0.26712
0.5	0.29484	0.26027
0.17757	0.12286	0.08411
0.19149	0.06281	0.07237
0.07143	0.03229	0.14286
0.42	0.32452	0.33021
0.25926	0.25926	0.28169
0.16667	0.0215	0.0
0.0	0.0	0.0
0.34118	0.16454	0.17315
0.69231	0.69231	0.66667
0.8	0.271	0.66667
0.17	0.09485	0.07236
0.46078	0.31296	0.27965
0.21008	0.17202	0.11801
0.28261	0.15797	0.12533
0.29139	0.13363	0.10445
0.09722	0.02397	0.02831
0.14085	0.07725	0.0103
0.2	0.2	0.21429
0.5	0.09675	0.1354
0.25287	0.21599	0.21415
0.54545	0.35339	0.29327
0.31707	0.14438	0.15991
0.05556	0.03136	0.0
0.44118	0.44118	0.44444
0.66667	0.32367	0.21845
0.17742	0.0908	0.08323
0.2069	0.14572	0.14077
0.16667	0.09593	0.06586
0.24528	0.07642	0.11482
0.28205	0.19272	0.16667
0.3913	0.23658	0.27385
0.17241	0.13497	0.1183
0.05	0.05	0.07692
0.21053	0.08916	0.06656
0.09589	0.05834	0.05473
0.3038	0.21186	0.21646
0.25	0.17848	0.13069
0.3	0.1177	0.0135
0.10345	0.04172	0.04348
0.10145	0.06242	0.0625
0.29333	0.12775	0.16624
0.35	0.15913	0.055
0.57576	0.38321	0.4426
0.19048	0.14514	0.23446
0.41667	0.20967	0.2226
0.19048	0.09986	0.03783
0.38	0.17836	0.18365
0.16667	0.08267	0.06549
0.05882	0.05882	0.0
0.12644	0.06709	0.05228
0.1954	0.10568	0.10121
0.13636	0.11509	0.125
0.60145	0.50036	0.41001
0.12281	0.03032	0.04591
0.25	0.1035	0.10647
0.21311	0.1383	0.07939
0.33333	0.24897	0.22521
0.0566	0.04017	0.0
0.11236	0.08227	0.04839
0.24324	0.19092	0.11038
0.19355	0.1349	0.09477
0.17188	0.14214	0.16057
0.24719	0.19264	0.16232
0.16129	0.12329	0.15805
0.125	0.1045	0.12121
0.48	0.45	0.44737
0.0	0.0	0.0
0.25	0.14922	0.11538
0.20755	0.07243	0.06016
0.02778	0.00358	0.0
0.58333	0.55914	0.54
0.18293	0.11351	0.12936
0.18182	0.15016	0.13889
0.15385	0.11848	0.06402
0.13333	0.09005	0.05831
0.52	0.29676	0.3125
0.56627	0.35659	0.38054
0.06667	0.04731	0.03893
0.36364	0.21991	0.03229
0.23529	0.23529	0.07692
0.38596	0.30333	0.3145
0.10569	0.06268	0.04549
0.23256	0.19205	0.15293
0.28571	0.17514	0.0
0.22222	0.09322	0.07118
0.0	0.0	0.0
0.43939	0.27812	0.19433
0.11111	0.11111	0.0
0.0	0.0	0.0
0.21569	0.19861	0.13889
0.21875	0.16128	0.10383
0.25	0.14229	0.16597
0.3	0.17525	0.12744
0.45545	0.24229	0.22109
0.11765	0.10057	0.09091
0.25	0.23387	0.22949
0.0	0.0	0.0
0.31429	0.15669	0.19355
0.21739	0.12972	0.07345
0.11111	0.11111	0.1323
0.4717	0.34692	0.3848
0.0	0.0	0.0
0.29268	0.19944	0.15668
0.04878	0.035	0.03448
0.15152	0.0975	0.08505
0.12766	0.07104	0.07121
0.27778	0.26725	0.32015
0.11538	0.08147	0.04281
1.83333	1.23443	1.84918
0.27273	0.21739	0.2383
0.28947	0.19928	0.24317
0.22222	0.16058	0.16339
0.15094	0.12385	0.10094
0.225	0.13428	0.17952
0.45536	0.32692	0.30444
0.25424	0.20149	0.13879
0.29245	0.22169	0.17744
0.16981	0.10681	0.11289
0.16129	0.0739	0.00675
0.02703	0.00349	0.0
0.31579	0.07642	0.03225
1.22059	1.05624	0.85388
0.38095	0.2574	0.27976
0.03125	0.01662	0.04348
0.18519	0.15174	0.00441
0.21053	0.14389	0.12346
0.18182	0.08015	0.05864
0.27119	0.13149	0.07526
0.28177	0.21085	0.17154
0.03571	0.03571	0.0
0.375	0.25078	0.3125
0.14286	0.12193	0.10389
0.41096	0.27862	0.2994
0.23529	0.19687	0.16258
0.26984	0.21532	0.21121
0.36522	0.33464	0.28226
0.18605	0.12153	0.09789
0.05952	0.053	0.05085
0.17431	0.15744	0.13404
0.34694	0.21361	0.21676
0.50459	0.26294	0.2349
0.45	0.31535	0.22007
0.46154	0.32262	0.34056
0.15152	0.08871	0.07778
0.17647	0.08541	0.10855
0.08955	0.07607	0.08361
0.23333	0.11613	0.15362
0.26087	0.15498	0.17162
0.5	0.28496	0.09475
0.20364	0.11303	0.0931
0.5	0.4065	0.295
0.10345	0.05062	0.05263
0.40816	0.19616	0.20112
0.35	0.2653	0.18448
0.47368	0.40916	0.39417
0.04762	0.02152	0.06667
0.37179	0.14849	0.12388
0.35714	0.25804	0.21156
0.22222	0.08422	0.17514
0.52703	0.29908	0.2628
0.14286	0.03229	0.0
0.35583	0.27628	0.2843
0.07692	0.07692	0.0
0.32743	0.17287	0.09254
0.33333	0.28141	0.18182
0.07692	0.00992	0.0
0.0	0.0	0.0
0.22564	0.12523	0.09864
0.08642	0.05856	0.04604
0.19718	0.12056	0.11746
0.26087	0.16877	0.16533
0.17143	0.09354	0.08685
0.40984	0.18823	0.14368
0.08209	0.05476	0.04
0.14286	0.11856	0.07181
0.05882	0.03622	0.06256
0.26667	0.09467	0.13622
0.14815	0.08304	0.02778
0.0	0.0	0.0
0.51852	0.25807	0.26812
0.01887	0.00243	0.0
0.2963	0.28973	0.29412
0.34286	0.3152	0.32128
0.0	0.0	0.0
0.17213	0.07734	0.06114
0.15385	0.036	0.11111
0.28205	0.1346	0.12967
0.08571	0.06659	0.04545
0.22222	0.19803	0.125
0.57812	0.40047	0.38005
0.18023	0.08544	0.06888
0.19149	0.13385	0.12043
0.17857	0.14746	0.21053
0.16667	0.0645	0.00591
1.0	0.129	0.226
0.23944	0.15742	0.11988
0.08621	0.04005	0.02985
0.16964	0.09477	0.10585
0.38542	0.31016	0.31755
0.20732	0.14791	0.09597
0.24096	0.24096	0.26531
0.27778	0.19267	0.2001
0.12745	0.08761	0.09056
0.03846	0.03846	0.05263
0.84615	0.29285	0.3565
0.0	0.0	0.0
0.21739	0.06941	0.0615
0.31579	0.13553	0.06186
0.13208	0.08277	0.03448
0.11364	0.05755	0.05644
0.26606	0.0922	0.07187
0.0	0.0	0.0
0.24468	0.12699	0.11491
0.08333	0.08333	0.0
0.15385	0.15385	0.11111
0.1	0.1	0.0
0.125	0.08871	0.05882
0.06061	0.03935	0.0246
0.10204	0.05857	0.02719
0.19231	0.07138	0.07976
0.14667	0.13505	0.0625
0.28169	0.12907	0.11089
0.19355	0.13423	0.04914
0.54545	0.43597	0.50404
0.34483	0.34483	0.22222
0.275	0.2049	0.09081
0.06977	0.03714	0.03421
0.29661	0.19547	0.15054
0.0	0.0	0.0
0.25714	0.15716	0.1068
0.24	0.16452	0.16154
0.0	0.0	0.0
0.09877	0.05794	0.02375
0.5	0.2695	0.34727
0.16667	0.06892	0.00405
0.17969	0.09705	0.11025
0.24603	0.10575	0.06413
0.22989	0.11646	0.11027
0.4127	0.25476	0.26418
0.1519	0.06881	0.07009
0.0	0.0	0.0
0.84615	0.37846	0.341
0.04478	0.02828	0.03261
0.18797	0.11656	0.09516
0.33333	0.25538	0.21759
0.17801	0.13274	0.11648
0.20833	0.15861	0.15315
0.18868	0.0913	0.0837
0.32911	0.17151	0.16875
0.25773	0.19423	0.13054
0.57143	0.15914	0.5605
0.27879	0.15777	0.1243
0.19048	0.12622	0.10378
0.24528	0.19204	0.21409
0.15596	0.10847	0.10542
0.38	0.19066	0.16381
0.14679	0.08242	0.08676
0.16176	0.1071	0.09469
0.12727	0.06336	0.01839
0.10526	0.01358	0.08333
0.2	0.0533	0.15214
0.0	0.0	0.0
0.42105	0.42105	0.35714
0.075	0.075	0.07143
0.61111	0.24372	0.45455
0.13043	0.08835	0.07371
0.0	0.0	0.0
0.15909	0.06159	0.07143
0.20779	0.1239	0.1173
0.08451	0.08451	0.06122
0.43902	0.22341	0.15015
0.46154	0.19046	0.14095
0.28571	0.16875	0.149
0.34756	0.21352	0.17789
0.33333	0.18754	0.14035
0.27	0.11146	0.10745
0.30488	0.12217	0.10498
0.13953	0.04874	0.0355
0.09524	0.03176	0.04951
0.13333	0.11256	0.12703
0.18841	0.12271	0.05034
0.14286	0.14286	0.0
0.27778	0.21056	0.17857
0.2125	0.09338	0.08454
0.24528	0.23585	0.20588
0.0	0.0	0.0
0.0	0.0	0.0
0.02564	0.02564	0.04167
0.92754	0.90136	0.93878
0.22222	0.22222	0.2
0.15385	0.05338	0.15325
0.36923	0.25682	0.28571
0.18182	0.16598	0.1634
0.17949	0.1431	0.10714
0.2809	0.20733	0.22771
0.16667	0.0215	0.0
0.09677	0.0224	0.03067
0.30263	0.17554	0.13189
0.28125	0.27169	0.15385
0.15116	0.05588	0.03883
0.21429	0.07636	0.14843
0.53333	0.4731	0.5645
0.22995	0.11742	0.08982
0.25397	0.13429	0.06665
0.06667	0.04731	0.03763
0.04545	0.00586	0.00992
0.02778	0.02778	0.05
0.18367	0.07969	0.04338
0.1	0.1	0.06667
0.5	0.30732	0.18017
0.10256	0.0579	0.07692
0.03448	0.00445	0.0
0.12941	0.08805	0.09676
0.2	0.05053	0.10138
0.07143	0.07143	0.04545
0.12069	0.03255	0.05648
0.2	0.1742	0.19048
0.66667	0.38975	0.22129
0.41667	0.27592	0.20448
0.33981	0.25653	0.27753
0.0	0.0	0.0
0.6	0.23873	0.3484
0.23288	0.20503	0.16598
0.31707	0.16524	0.14829
0.16667	0.16667	0.2
0.18325	0.12169	0.10957
1.19118	1.19118	1.0
0.25	0.20765	0.16708
0.06349	0.03483	0.00141
0.07937	0.03917	0.02951
0.2	0.1331	0.14286
0.6	0.58663	0.56721
0.09804	0.08096	0.06061
0.20192	0.15268	0.15599
0.21186	0.1047	0.07622
0.32075	0.13851	0.12769
0.16667	0.08117	0.06377
0.73333	0.22353	0.2063
0.18824	0.15484	0.0886
0.50943	0.39806	0.34109
0.36667	0.36667	0.35765
0.14286	0.09263	0.09091
0.25714	0.11754	0.10336
0.0	0.0	0.0
0.0	0.0	0.0
0.7	0.3081	0.23736
0.17241	0.07231	0.05917
0.20261	0.12387	0.11166
0.22059	0.17104	0.10821
0.15238	0.10307	0.10942
0.11688	0.07164	0.05924
0.53846	0.17862	0.21775
0.1746	0.08937	0.05762
0.23313	0.1511	0.13764
0.11364	0.06193	0.05644
0.06061	0.06061	0.05
0.25	0.13148	0.08007
0.26744	0.1583	0.1227
0.32727	0.1792	0.21203
0.2844	0.23601	0.15424
0.32051	0.11624	0.08959
0.14286	0.08181	0.05735
0.53333	0.09147	0.06309
0.0	0.0	0.0
0.17742	0.1064	0.0997
0.64286	0.41479	0.46314
0.1	0.1	0.05882
0.0	0.0	0.0
0.36559	0.33091	0.30792
0.04762	0.02152	0.06667
0.37931	0.37931	0.5
0.18293	0.05037	0.07132
0.55556	0.302	0.303
0.28713	0.18716	0.18271
0.13636	0.13636	0.11111
0.13462	0.07163	0.08333
0.05769	0.0211	0.02598
0.28571	0.04386	0.0614
0.2	0.08389	0.06823
0.11475	0.08515	0.07692
0.31579	0.11884	0.1245
0.12346	0.06432	0.06317
0.0	0.0	0.0
0.31579	0.09337	0.12443
0.25	0.13465	0.2
0.35714	0.318	0.17743
0.15385	0.12842	0.17647
0.21739	0.11865	0.10704
0.22807	0.0747	0.05647
0.1	0.1	0.0
0.15385	0.07346	0.04762
0.17857	0.05502	0.06178
0.2037	0.12726	0.09613
0.09836	0.02803	0.00992
0.0625	0.0625	0.06452
0.17526	0.10043	0.04885
0.25	0.12544	0.12128
0.6875	0.19363	0.36655
0.71795	0.28913	0.24268
0.29193	0.22429	0.22287
0.27778	0.15468	0.11734
0.23684	0.19439	0.11788
0.41379	0.33648	0.3
0.22549	0.1956	0.17787
0.29	0.20146	0.17236
0.58974	0.19608	0.27232
0.30147	0.22877	0.18178
0.08	0.04516	0.03261
0.73333	0.73333	0.7
0.11594	0.06253	0.04418
0.2619	0.17319	0.09868
0.13208	0.10317	0.08067
0.25	0.18244	0.16927
0.31818	0.2168	0.2208
0.59259	0.54122	0.6
0.13376	0.05424	0.07393
1.0	0.56467	0.6388
0.05882	0.05882	0.04545
0.39655	0.33733	0.32522
0.1875	0.12298	0.0387
0.025	0.00848	0.01412
0.70588	0.60341	0.59675
0.16667	0.0844	0.07127
0.16364	0.11555	0.13867
0.21053	0.16468	0.125
0.40278	0.29617	0.30191
0.10101	0.0541	0.03276
0.19048	0.19048	0.16667
0.0	0.0	0.0
0.58333	0.47688	0.45649
0.17647	0.04412	0.04975
0.18033	0.10813	0.06766
0.3	0.2065	0.14438
0.54054	0.517	0.4665
0.27778	0.08843	0.11163
0.25225	0.18586	0.12976
0.13115	0.06611	0.04896
0.0	0.0	0.0
1.0	1.0	1.0
0.18033	0.0981	0.09726
0.13208	0.05936	0.07238
0.54839	0.39829	0.47811
0.20325	0.14241	0.12064
0.07273	0.03109	0.02778
0.22973	0.15007	0.11008
0.16279	0.07688	0.03822
1.0	0.411	0.3806
0.2037	0.07141	0.03618
0.11207	0.07647	0.06389
0.05	0.00445	0.00241
0.28205	0.13646	0.08188
0.14286	0.07911	0.09033
0.17582	0.13152	0.0558
0.15493	0.09246	0.03706
0.26087	0.11722	0.08119
0.76642	0.65188	0.68071
0.24138	0.08403	0.11455
0.27059	0.16872	0.13561
0.35985	0.22514	0.22118
0.28333	0.1312	0.18067
0.10577	0.05304	0.04506
0.44444	0.25456	0.01083
0.10127	0.09065	0.05747
0.11321	0.09677	0.10526
0.58824	0.49197	0.4452
0.2093	0.12679	0.15422
0.13043	0.05224	0.04058
0.42857	0.25	0.1065
0.425	0.425	0.41379
0.22892	0.16246	0.15073
0.42857	0.42857	0.23117
0.2963	0.15826	0.15743
0.1	0.0766	0.125
0.33333	0.13978	0.02055
0.125	0.07912	0.08143
0.33333	0.22362	0.14902
0.10526	0.05942	0.07692
0.28571	0.28571	0.25
0.24528	0.1546	0.13979
0.25	0.14694	0.1184
0.34921	0.14187	0.12093
0.21739	0.21739	0.10381
0.15686	0.04966	0.0209
0.17544	0.1494	0.14161
0.20833	0.11621	0.08421
0.45161	0.45161	0.5
0.46341	0.31746	0.26408
0.17361	0.11527	0.11535
0.21053	0.11547	0.16877
0.09091	0.09091	0.05556
0.22222	0.12237	0.09106
0.16993	0.13145	0.09813
0.0	0.0	0.0
0.26316	0.21732	0.24069
0.1087	0.07785	0.01798
0.02679	0.01123	0.0125
0.10606	0.06476	0.03188
0.41538	0.20486	0.15344
0.32353	0.21988	0.19288
0.44444	0.26344	0.07517
0.2963	0.2963	0.30303
0.13821	0.07528	0.07006
0.43478	0.29243	0.10709
0.0	0.0	0.0
0.33333	0.12644	0.11292
0.26316	0.21732	0.23077
0.25424	0.10117	0.13584
0.41611	0.18262	0.13544
0.16949	0.08368	0.08179
0.21429	0.09214	0.03222
0.37931	0.18812	0.16031
0.59259	0.5663	0.53762
0.5	0.26389	0.24394
0.42857	0.39842	0.38298
0.19231	0.19231	0.21441
0.0	0.0	0.0
0.175	0.08065	0.09733
0.29474	0.19288	0.17025
0.49505	0.4711	0.4397
0.33981	0.20705	0.16297
0.28718	0.13309	0.11005
0.85714	0.31343	0.27425
0.0303	0.0303	0.02174
0.45455	0.21109	0.29029
0.21053	0.06032	0.14407
0.07843	0.01012	0.0
0.53846	0.17608	0.11288
0.38462	0.23492	0.1941
1.0	1.0	1.0
0.54348	0.19428	0.13985
0.03571	0.00346	0.00462
0.18692	0.06919	0.03851
0.38182	0.21291	0.27554
0.29323	0.17392	0.10193
0.46667	0.22907	0.3275
0.58696	0.35024	0.36593
0.21552	0.18841	0.13525
0.125	0.07287	0.03594
0.22222	0.13158	0.11655
0.15152	0.11545	0.11917
0.33333	0.19626	0.15842
0.11628	0.05195	0.03621
0.2381	0.2381	0.26667
0.16279	0.09905	0.09781
0.52778	0.51478	0.45162
0.13889	0.11381	0.125
0.26389	0.18526	0.18698
0.1828	0.07753	0.05924
0.14754	0.09426	0.08927
0.5	0.5	0.4
0.33898	0.23539	0.24271
0.05263	0.05263	0.07692
0.0	0.0	0.0
0.27273	0.20403	0.18198
0.31169	0.24969	0.22066
0.28205	0.12408	0.10139
0.21053	0.13412	0.12195
0.02381	0.02381	0.0
0.0	0.0	0.0
0.3	0.08226	0.14884
0.31111	0.21364	0.10719
0.15517	0.06757	0.07184
0.03846	0.03846	0.0
0.2	0.2	0.21429
0.24561	0.12054	0.12354
0.29213	0.12304	0.10086
0.26623	0.0795	0.07422
0.21605	0.14677	0.09848
0.15068	0.13278	0.07445
0.58824	0.19918	0.2564
0.0	0.0	0.0
0.27586	0.1346	0.16132
0.22378	0.11078	0.09402
0.69231	0.69231	0.77778
0.22222	0.08422	0.17514
0.17391	0.07083	0.08062
0.48276	0.35931	0.283
0.05	0.05	0.07692
0.37615	0.28114	0.21336
0.15152	0.15152	0.08696
0.35849	0.35849	0.36364
0.13953	0.06077	0.04092
0.12766	0.04514	0.03443
0.22222	0.06272	0.08333
0.28571	0.09832	0.08529
0.40698	0.33459	0.34259
0.13333	0.13333	0.08696
0.28	0.11482	0.08216
0.04938	0.03843	0.0625
0.20792	0.1811	0.19213
0.07826	0.0603	0.03614
0.0	0.0	0.0
0.12903	0.07026	0.05071
0.28	0.12064	0.10016
0.09091	0.09091	0.0
0.23913	0.16974	0.11825
0.78205	0.31186	0.3457
0.31915	0.22996	0.21831
0.59259	0.24256	0.19351
0.15909	0.11877	0.07489
0.28571	0.1054	0.15696
0.25	0.11913	0.10554
0.51163	0.22995	0.25779
0.32609	0.22511	0.16311
0.2963	0.28974	0.15
0.45902	0.27126	0.21957
0.26582	0.26582	0.23636
0.35135	0.14	0.13527
0.33333	0.26002	0.18029
0.12712	0.02255	0.02794
0.28571	0.26498	0.23077
0.52778	0.39922	0.42242
0.20183	0.10494	0.0984
0.28571	0.15389	0.1493
0.54717	0.17957	0.15018
0.26471	0.19874	0.22074
0.12757	0.10833	0.08739
0.04688	0.02772	0.02564
0.2	0.1344	0.13636
0.03191	0.03191	0.0303
0.0625	0.0625	0.09091
0.12281	0.07412	0.07902
0.22124	0.10649	0.1079
0.31169	0.24548	0.21538
0.15625	0.07612	0.10448
0.28125	0.14316	0.11291
2.5	1.71	3.129
1.2	0.4868	0.89767
0.26	0.12902	0.13206
0.22078	0.11961	0.09495
0.11765	0.04462	0.05036
0.10526	0.06666	0.08604
0.32	0.24128	0.12712
0.10526	0.02886	0.02273
0.10317	0.02829	0.03731
0.125	0.07205	0.0689
0.09091	0.06258	0.05071
0.13	0.07534	0.05838
0.15385	0.07302	0.05197
0.16438	0.06827	0.07
0.07619	0.04608	0.03824
0.20611	0.08422	0.07618
0.30556	0.23342	0.29725
0.07547	0.05904	0.03136
0.7	0.3404	0.35483
0.10345	0.10345	0.08333
0.21978	0.0966	0.0909
0.17431	0.09448	0.07555
0.8	0.271	0.66667
0.13187	0.10404	0.06557
0.11881	0.08959	0.05997
0.15385	0.10832	0.1106
0.06061	0.03421	0.03846
0.27027	0.14954	0.08746
0.15714	0.10899	0.11323
0.28571	0.12907	0.0
0.3038	0.17927	0.13628
0.25	0.12233	0.26612
0.07407	0.05437	0.06667
0.15657	0.09629	0.08529
0.34211	0.13925	0.11311
0.05769	0.03908	0.00078
0.25	0.18071	0.16151
0.08791	0.05157	0.07338
0.33929	0.15887	0.12111
0.2	0.07032	0.10526
0.36667	0.25631	0.23995
0.14286	0.01843	0.0129
0.3617	0.29102	0.25362
0.10112	0.056	0.06647
0.30732	0.14541	0.11327
0.92	0.39624	0.46061
0.16471	0.11916	0.0951
0.19512	0.10937	0.12118
0.21053	0.10645	0.07879
0.625	0.25212	0.172
0.36842	0.32089	0.27173
0.42857	0.18971	0.22121
0.08571	0.03411	0.0026
0.375	0.21306	0.17597
0.11429	0.0659	0.04348
0.13924	0.05737	0.05025
1.0	0.4904	0.742
0.04	0.04	0.05714
0.08696	0.08696	0.09677
0.32857	0.19171	0.09422
0.34746	0.21503	0.21787
0.23529	0.04459	0.07692
0.04545	0.00586	0.00992
0.27885	0.12299	0.1049
0.425	0.425	0.38462
0.18478	0.12429	0.11189
0.25	0.15839	0.13892
0.12121	0.09482	0.09257
0.10256	0.03723	0.01382
0.15	0.11553	0.03395
0.15476	0.08027	0.094
0.28662	0.15811	0.15927
0.10185	0.03972	0.02968
0.21053	0.07305	0.16136
0.10638	0.0666	0.03897
0.2963	0.27181	0.26316
0.18386	0.12245	0.08942
0.18803	0.10644	0.08475
0.68919	0.62142	0.61052
0.23404	0.07685	0.11139
0.2	0.13366	0.10798
0.02564	0.00331	0.0
0.30556	0.13933	0.14193
0.13889	0.11475	0.09417
0.26667	0.17527	0.17097
0.0	0.0	0.0
0.1371	0.12175	0.08083
0.0	0.0	0.0
0.15094	0.0986	0.12318
0.08955	0.04719	0.02239
0.2549	0.14294	0.08019
0.19608	0.12603	0.1016
0.42857	0.19086	0.193
0.33333	0.15983	0.07897
0.20172	0.13084	0.12834
0.17188	0.06955	0.09104
0.16867	0.12612	0.05155
0.15385	0.15385	0.06455
0.12791	0.07727	0.06082
0.11224	0.06451	0.03454
0.19588	0.11556	0.08617
0.3125	0.11947	0.13036
0.22222	0.09767	0.12128
0.47368	0.38032	0.35217
0.2931	0.18467	0.14858
0.15789	0.11376	0.06827
0.20968	0.13424	0.15879
0.1875	0.09715	0.09015
0.25	0.11919	0.06516
0.47222	0.22889	0.16243
0.54545	0.26391	0.10222
0.0	0.0	0.0
0.35115	0.2635	0.19875
0.60465	0.50788	0.47581
0.28696	0.14852	0.14213
0.0	0.0	0.0
0.12195	0.10071	0.09091
0.08333	0.05537	0.00749
0.08824	0.02262	0.01566
0.48837	0.35035	0.34437
0.2	0.2	0.0
0.31707	0.12551	0.14155
0.09524	0.04571	0.03678
0.0	0.0	0.0
0.16071	0.12789	0.11429
0.27632	0.1712	0.15767
0.02941	0.02941	0.0
0.03846	0.02171	0.02632
0.53333	0.37093	0.329
0.14545	0.02756	0.04762
0.04762	0.04762	0.07143
0.23377	0.11542	0.09774
0.21569	0.09967	0.08514
0.125	0.11139	0.11686
0.3578	0.31207	0.26568
0.12963	0.07767	0.11121
0.56	0.40972	0.31694
0.13043	0.05843	0.05249
0.18557	0.12503	0.09679
0.12903	0.08065	0.1
0.20339	0.16049	0.15715
0.29787	0.22684	0.19729
0.14894	0.0755	0.05323
0.17857	0.09736	0.09524
0.37879	0.2082	0.11869
0.73684	0.64347	0.7
0.36667	0.20135	0.2085
0.23944	0.11062	0.10885
0.45	0.40485	0.39203
0.36709	0.25624	0.2556
0.21014	0.13197	0.10615
0.05286	0.02736	0.02597
0.21472	0.12824	0.10423
0.26667	0.2312	0.08333
0.37838	0.13424	0.06452
0.17073	0.12588	0.10094
0.17647	0.09868	0.06953
0.44	0.21454	0.27324
0.23438	0.10409	0.09491
0.14667	0.06452	0.06056
0.13333	0.10323	0.09532
0.41667	0.28029	0.25406
0.15625	0.14569	0.09091
0.21591	0.14644	0.12822
0.32609	0.18075	0.12957
0.09375	0.08535	0.09677
0.25806	0.18106	0.22727
0.0	0.0	0.0
0.31522	0.16305	0.10057
0.23529	0.17054	0.19779
0.18367	0.0858	0.07312
0.13816	0.10823	0.08571
0.14504	0.09296	0.07422
0.21053	0.21053	0.13333
0.31034	0.17686	0.11138
0.27717	0.15288	0.11086
0.12245	0.12245	0.09375
0.05	0.05	0.07692
0.09756	0.05271	0.07257
0.29921	0.11976	0.07267
0.52941	0.17835	0.14242
0.3617	0.18189	0.14565
0.15385	0.06692	0.0
0.25	0.09142	0.14286
0.5	0.26613	0.24012
0.03571	0.03571	0.0
0.17143	0.09494	0.05427
0.5098	0.48324	0.42819
0.74074	0.30852	0.33743
0.08333	0.0605	0.11636
0.02439	0.00315	0.0
0.16667	0.06358	0.04075
0.75	0.75	0.66667
0.22857	0.15137	0.07117
0.05556	0.05556	0.08333
0.8	0.271	0.66667
1.0	0.3484	0.50533
0.24224	0.12483	0.11564
0.23684	0.10612	0.12906
0.15	0.15	0.18519
0.51613	0.3221	0.25444
0.08824	0.03359	0.02655
0.16216	0.09068	0.04571
0.27273	0.21407	0.19997
0.53846	0.29904	0.25994
0.37037	0.14219	0.075
0.12319	0.07024	0.03296
0.33333	0.33333	0.2
0.05128	0.03371	0.01887
0.36667	0.23252	0.18485
0.26667	0.20433	0.08875
0.28	0.18486	0.22834
0.19565	0.09502	0.10107
0.05172	0.05172	0.05405
0.41176	0.26947	0.17742
0.03125	0.03125	0.04762
0.14286	0.14286	0.0
0.16667	0.0215	0.0
0.07609	0.01016	0.00248
0.26623	0.25681	0.2342
0.17757	0.09256	0.07572
0.10714	0.0553	0.07564
0.2037	0.13052	0.14703
0.38889	0.27958	0.23458
0.08065	0.0666	0.04545
0.22222	0.10575	0.05757
0.44444	0.35544	0.23432
0.0	0.0	0.0
0.04348	0.00561	0.0
0.12766	0.07206	0.03226
0.08824	0.01138	0.00586
0.12903	0.04371	0.09091
0.13793	0.08759	0.09021
0.3	0.20485	0.17208
0.17647	0.1115	0.049
0.0	0.0	0.0
0.16	0.08465	0.05617
0.25532	0.14757	0.05241
0.01754	0.00114	0.0
0.8	0.271	0.66667
0.22222	0.14083	0.09753
0.21212	0.18573	0.15
0.2875	0.16532	0.17713
0.24444	0.13513	0.0753
0.33333	0.25783	0.2101
0.0	0.0	0.0
0.15094	0.15094	0.13158
0.31034	0.19855	0.2
0.13889	0.08961	0.13636
0.12727	0.05393	0.03636
0.22727	0.15909	0.17207
0.16901	0.10904	0.07162
0.22727	0.16498	0.10421
0.12987	0.12987	0.125
0.34568	0.28157	0.27292
0.88235	0.48106	0.56571
0.07143	0.07143	0.09091
0.31429	0.09814	0.08483
0.23077	0.09552	0.08403
0.03774	0.03774	0.05263
0.33333	0.22803	0.19011
0.03448	0.00445	0.0
0.23077	0.18985	0.125
0.25	0.25	0.26087
0.4	0.1403	0.03686
0.24691	0.1382	0.10205
0.0	0.0	0.0
0.0625	0.0625	0.0
0.2973	0.13205	0.15686
0.03448	0.00445	0.0
0.44444	0.15056	0.4
0.26667	0.0194	0.01027
0.25333	0.08539	0.04076
0.32258	0.14668	0.14583
0.14474	0.10316	0.05874
0.78788	0.78788	0.8
0.10526	0.10526	0.06667
0.19048	0.159	0.15385
0.075	0.05605	0.04436
0.21302	0.12743	0.11322
0.41304	0.21058	0.20402
0.16234	0.09647	0.07116
0.21918	0.1034	0.06694
0.1	0.0065	0.00929
0.11561	0.0798	0.07419
0.14706	0.05506	0.0852
0.45	0.1361	0.17593
0.33058	0.19785	0.18089
0.17241	0.17241	0.16667
0.48649	0.337	0.26791
0.12195	0.0779	0.04592
0.05714	0.05714	0.0
0.5	0.5	0.4
0.24364	0.16323	0.14031
0.2439	0.2439	0.16667
0.22727	0.13345	0.12388
0.05512	0.02934	0.03448
0.4375	0.38306	0.34767
0.0	0.0	0.0
0.33333	0.14993	0.14219
0.31034	0.14936	0.22497
0.02632	0.00339	0.0
0.10714	0.02909	0.02598
0.2766	0.1754	0.11006
0.77778	0.681	0.83333
0.19277	0.12223	0.1005
0.23457	0.17123	0.10377
0.28261	0.2118	0.22197
0.36	0.229	0.1678
0.11111	0.043	0.0016
0.17857	0.13606	0.09644
0.14286	0.06907	0.1
0.17647	0.07243	0.08849
0.19084	0.13913	0.13998
0.11765	0.06832	0.08333
0.03704	0.03704	0.02564
0.32203	0.24058	0.24283
0.18182	0.11068	0.11692
0.81818	0.74336	0.59671
0.19626	0.11923	0.10833
0.04286	0.04286	0.06667
0.35484	0.12255	0.0955
0.64286	0.45736	0.46411
0.46667	0.214	0.19209
0.91667	0.8615	0.7
0.45833	0.26821	0.1895
0.1087	0.05191	0.00893
0.18349	0.11497	0.06406
0.13333	0.11481	0.11202
0.12037	0.08006	0.08631
0.18935	0.12072	0.08488
0.21951	0.17585	0.11411
0.0597	0.03828	0.01136
0.26154	0.12145	0.12325
0.15625	0.10181	0.09524
0.625	0.24	0.20433
0.15385	0.15385	0.21053
0.23288	0.12574	0.0755
0.23636	0.15218	0.15897
0.10256	0.07341	0.03608
0.38462	0.18985	0.13055
0.41667	0.19165	0.14078
0.15517	0.08148	0.04516
0.06897	0.06897	0.05172
0.04762	0.0031	0.00433
0.10417	0.04438	0.03603
0.2	0.15323	0.10011
0.38889	0.24686	0.28261
0.21053	0.16045	0.14286
0.225	0.14438	0.08278
0.16667	0.10389	0.08333
0.12844	0.06452	0.03553
0.1087	0.04641	0.03833
0.2381	0.08371	0.14286
0.25269	0.18868	0.17566
0.24051	0.10127	0.08977
0.13889	0.11739	0.13442
0.28906	0.14995	0.16447
0.12821	0.09429	0.06204
0.19118	0.09308	0.08772
0.25	0.18338	0.2
0.30108	0.24196	0.17868
0.23529	0.17935	0.10709
0.27586	0.19798	0.10768
0.0641	0.03495	0.0339
0.36667	0.10913	0.15614
0.0	0.0	0.0
0.09524	0.0745	0.0
0.04348	0.03577	0.0541
0.25352	0.15539	0.10638
0.17822	0.15011	0.13701
0.3	0.20485	0.25542
0.34965	0.25434	0.20284
0.125	0.125	0.16667
0.31313	0.24682	0.17966
0.11364	0.06745	0.08331
0.21277	0.12902	0.10926
0.36559	0.20618	0.18828
0.1875	0.15325	0.24657
0.23404	0.12423	0.11081
0.12329	0.07799	0.04685
0.46429	0.15782	0.14135
0.32143	0.23679	0.29982
0.26316	0.08237	0.10083
0.22222	0.15889	0.10905
0.12	0.10194	0.09385
0.05634	0.04407	0.02
0.34043	0.21866	0.22184
0.27778	0.27778	0.32143
0.20192	0.15679	0.11268
0.06897	0.05284	0.02878
0.01266	0.00673	0.01818
0.09565	0.06957	0.05519
0.48571	0.31014	0.28793
0.58333	0.25533	0.3097
0.28302	0.22068	0.19611
0.39394	0.24388	0.18255
0.48	0.38324	0.29374
0.48485	0.27124	0.29638
0.16901	0.10063	0.06247
0.8	0.271	0.66667
0.09375	0.03881	0.05261
0.14286	0.10138	0.0
0.20482	0.16169	0.13603
0.13043	0.13043	0.17647
0.37037	0.15056	0.175
0.0	0.0	0.0
0.3	0.22313	0.24271
0.06557	0.00741	0.00167
0.13043	0.03928	0.02831
0.42857	0.20271	0.1129
0.0	0.0	0.0
0.06667	0.03763	0.05
0.67188	0.48769	0.52137
0.21429	0.21429	0.16
0.125	0.08819	0.05423
0.31818	0.29948	0.26377
0.09	0.07484	0.05714
0.29167	0.14783	0.09106
0.16	0.10559	0.07944
0.21127	0.10769	0.07755
0.23179	0.10469	0.09619
0.12903	0.03668	0.05376
0.53333	0.26235	0.28832
0.66667	0.31643	0.25
0.03571	0.03571	0.0
0.2043	0.13371	0.1
0.42857	0.26043	0.25
0.43478	0.43478	0.5
0.08642	0.05835	0.03774
0.32203	0.19464	0.103
0.10345	0.05062	0.05822
0.07143	0.07143	0.04255
0.14286	0.08064	0.0
0.52941	0.22956	0.21855
0.21229	0.14525	0.12278
0.4898	0.3858	0.36003
1.5	0.6615	1.129
0.125	0.07838	0.02965
0.21053	0.12764	0.11032
0.14	0.07484	0.06228
0.56757	0.18527	0.206
0.23077	0.23077	0.11765
1.04412	1.00881	0.81865
0.8	0.271	0.66667
0.51724	0.26197	0.11443
0.30357	0.20777	0.20802
0.08889	0.04873	0.0
0.53846	0.11915	0.233
0.36667	0.23388	0.15223
0.63043	0.46461	0.49522
0.1	0.1	0.125
0.71429	0.4885	0.4161
0.19355	0.07206	0.0364
0.10577	0.0462	0.04962
0.14062	0.14062	0.14634
0.30233	0.13572	0.08266
0.07576	0.03861	0.06155
0.47059	0.40656	0.48809
0.37037	0.23833	0.14518
0.30263	0.26762	0.22647
0.20492	0.12295	0.10721
0.24138	0.11183	0.05432
0.15385	0.11788	0.10868
0.43421	0.281	0.20467
0.20915	0.11576	0.09861
0.23762	0.18813	0.18403
0.02778	0.02778	0.05
0.25352	0.16289	0.16067
0.14013	0.11136	0.08401
0.21429	0.21429	0.25
0.25532	0.18564	0.12997
0.44444	0.15056	0.4
0.18817	0.12687	0.12742
0.81081	0.47646	0.56587
0.30488	0.18788	0.17624
0.15574	0.08211	0.04303
0.08333	0.08333	0.0
0.25758	0.10583	0.12602
0.71429	0.09	0.08075
0.51613	0.37413	0.29876
0.08824	0.04888	0.08333
0.08451	0.07269	0.0258
0.18868	0.08217	0.06956
0.25	0.08469	0.2
0.20513	0.19315	0.20833
0.22835	0.12854	0.09029
0.07143	0.07143	0.05556
0.0	0.0	0.0
0.45714	0.11709	0.14223
0.16327	0.09216	0.04031
0.09756	0.09756	0.0
0.15152	0.09779	0.05052
0.1375	0.10424	0.06453
0.13208	0.08796	0.06868
0.0	0.0	0.0
0.1634	0.09425	0.06814
0.11765	0.06357	0.03936
0.18391	0.10993	0.08676
0.0	0.0	0.0
0.8	0.2164	0.17767
0.8	0.271	0.66667
0.44444	0.40981	0.35325
0.26994	0.17091	0.13193
0.8	0.271	0.66667
0.19577	0.12024	0.08326
0.35714	0.35714	0.375
0.14286	0.14286	0.16667
0.05556	0.05556	0.0
0.18519	0.13187	0.12759
0.85714	0.33886	0.34275
0.11278	0.06185	0.06008
0.21176	0.12336	0.08594
0.0	0.0	0.0
0.13265	0.05531	0.04468
0.21053	0.07047	0.01615
0.15625	0.03378	0.0095
0.02439	0.02439	0.0303
0.08475	0.02297	0.02598
0.40816	0.27814	0.17903
0.22	0.15356	0.13688
0.25	0.1637	0.08517
0.10345	0.04841	0.01757
0.20588	0.12809	0.09827
0.06742	0.02573	0.03387
0.23636	0.19589	0.16426
0.23239	0.18653	0.18291
0.07692	0.02005	0.01258
0.07463	0.04069	0.02369
0.24324	0.18832	0.18115
0.24771	0.13792	0.08152
0.39512	0.32118	0.30585
0.28571	0.16233	0.12748
0.13793	0.0951	0.11159
0.22115	0.10702	0.0747
0.23529	0.23529	0.07692
0.30719	0.12176	0.10073
0.10417	0.084	0.09781
0.23529	0.11322	0.12238
0.10968	0.08346	0.05981
0.25641	0.13108	0.08467
0.27273	0.08648	0.08426
0.15	0.1218	0.09764
1.5	0.734	2.129
0.32353	0.15512	0.14179
0.11111	0.07348	0.04578
0.35	0.09518	0.06393
0.04762	0.04762	0.03448
0.41379	0.183	0.16438
0.28431	0.17316	0.1576
0.14286	0.08653	0.07694
0.26761	0.16934	0.15526
0.35616	0.22582	0.21438
0.14403	0.12393	0.10721
0.13208	0.08491	0.01518
0.0	0.0	0.0
0.04	0.01872	0.05
0.12	0.08516	0.03226
0.36667	0.19867	0.18574
0.5	0.45292	0.42316
0.30137	0.19489	0.18053
0.17391	0.07291	0.06773
0.38462	0.20908	0.17835
0.26667	0.26667	0.25
0.32	0.21388	0.19121
0.08235	0.06489	0.07564
0.38462	0.38462	0.375
0.30769	0.23487	0.117
0.11111	0.11111	0.0
0.07143	0.0371	0.04545
0.14286	0.10486	0.25
0.2449	0.08724	0.11847
0.21875	0.16378	0.35
0.26144	0.14664	0.16374
0.37273	0.27054	0.25809
0.23404	0.1406	0.081
0.0	0.0	0.0
0.17708	0.123	0.08643
0.13333	0.1043	0.0
0.05674	0.04633	0.06186
0.125	0.08316	0.05
0.54545	0.24191	0.15125
0.0	0.0	0.0
0.3871	0.27265	0.29186
0.13043	0.08368	0.06957
0.38462	0.18923	0.23529
0.08108	0.01351	0.03969
0.25806	0.25806	0.2381
0.35135	0.27114	0.293
0.13861	0.07043	0.09369
0.0	0.0	0.0
0.06452	0.03642	0.04348
0.23577	0.13481	0.11019
0.23457	0.18332	0.17498
0.12844	0.07948	0.04317
0.25	0.19556	0.09091
0.0	0.0	0.0
0.27536	0.12064	0.14098
0.15385	0.15385	0.14286
0.28571	0.28571	0.25
0.55357	0.53168	0.52589
0.1	0.07281	0.04391
0.08824	0.05456	0.04167
0.08333	0.08333	0.0
0.10811	0.03749	0.04167
0.29412	0.18594	0.14514
0.14074	0.1239	0.12129
0.07317	0.07317	0.06452
0.20833	0.14783	0.2118
0.08	0.08	0.0
0.13793	0.07897	0.06143
0.34375	0.28428	0.27568
0.28261	0.23685	0.22894
0.13889	0.12217	0.05725
0.55556	0.47894	0.47619
0.14286	0.14286	0.0
0.58824	0.482	0.4
0.63636	0.38661	0.4142
0.09677	0.06868	0.0
0.05455	0.05455	0.04054
0.29464	0.14804	0.07933
0.16667	0.11156	0.13793
0.06923	0.03735	0.02247
0.24444	0.2036	0.2054
0.03846	0.03846	0.05263
0.76471	0.76471	0.70833
0.24561	0.17225	0.12257
0.1746	0.14695	0.08889
0.19178	0.11732	0.07258
0.07143	0.07143	0.09091
0.14286	0.09193	0.10961
0.07547	0.02617	0.03448
0.83333	0.68419	0.595
0.42553	0.2564	0.21025
0.43478	0.21361	0.24087
0.12	0.10258	0.08571
0.26531	0.18301	0.14309
0.19277	0.09581	0.087
0.14493	0.09678	0.08464
0.31731	0.2117	0.16992
0.53846	0.20354	0.28638
0.35714	0.20431	0.14091
0.22222	0.22222	0.2
0.17978	0.14136	0.14113
0.17544	0.13386	0.06366
0.26316	0.17321	0.01712
0.275	0.12401	0.09619
0.2	0.13628	0.09804
0.75	0.58475	0.5
0.9	0.7291	0.69367
0.28571	0.15214	0.01083
0.21277	0.13436	0.09355
0.17391	0.13604	0.0625
0.38136	0.20706	0.20262
0.27778	0.25516	0.21799
0.15758	0.0961	0.08751
0.11111	0.11111	0.14286
0.61538	0.17123	0.125
0.11628	0.09602	0.07407
0.21429	0.15093	0.22222
0.34483	0.29872	0.27679
0.2	0.10805	0.08064
0.2234	0.14482	0.14883
0.08333	0.05607	0.07407
0.13793	0.13793	0.09689
0.05556	0.05556	0.0
0.24	0.12034	0.09411
0.34146	0.21361	0.17523
0.18939	0.10214	0.08115
0.22936	0.14872	0.08756
0.11765	0.10484	0.0625
0.35135	0.13603	0.05613
0.45455	0.24345	0.25812
0.23684	0.08872	0.05729
0.20833	0.07188	0.13547
0.2029	0.18935	0.12378
0.15686	0.13978	0.11429
0.31707	0.16324	0.09936
0.0	0.0	0.0
0.26702	0.19694	0.1933
0.5	0.21559	0.1591
0.65517	0.36876	0.34871
0.57143	0.43786	0.51625
0.29032	0.19877	0.21238
0.05376	0.03955	0.02125
0.5	0.22975	0.2161
0.46939	0.16629	0.1909
0.175	0.09315	0.11933
0.36364	0.21409	0.21233
0.08696	0.06802	0.06667
0.0641	0.01758	0.01923
0.13483	0.07357	0.07627
0.32143	0.22232	0.16844
1.0	0.40878	0.742
0.45455	0.38418	0.33333
0.13793	0.05117	0.0613
0.13793	0.03891	0.00808
0.34783	0.32889	0.28571
0.23256	0.11405	0.10788
0.11765	0.08918	0.05263
0.23853	0.12091	0.12927
0.07692	0.06017	0.05263
0.15385	0.15385	0.06455
0.17808	0.06451	0.05224
0.11765	0.05939	0.0545
0.2623	0.23215	0.20682
0.14118	0.07666	0.05924
0.17857	0.08709	0.0543
0.41379	0.21667	0.11025
0.26087	0.15006	0.12552
0.36667	0.14755	0.08395
0.11111	0.05019	0.0169
0.12821	0.06783	0.04383
0.22807	0.18109	0.13978
0.18182	0.16827	0.05616
0.25926	0.2085	0.18379
0.03333	0.03333	0.04762
0.34375	0.09531	0.14218
0.22414	0.19938	0.1715
0.02703	0.02703	0.03846
0.15556	0.12367	0.12906
0.10227	0.06644	0.03486
0.14706	0.0574	0.02951
0.22807	0.10837	0.122
0.11765	0.11765	0.09091
0.06977	0.03714	0.03421
0.0	0.0	0.0
0.47826	0.30852	0.20965
0.09211	0.07386	0.07692
0.0	0.0	0.0
1.0	0.49467	0.9324
0.25862	0.20355	0.18371
0.04167	0.00538	0.0
0.325	0.24921	0.25563
0.29167	0.1575	0.17111
0.2973	0.13823	0.11966
0.24	0.15586	0.11728
0.34483	0.19131	0.18011
0.38596	0.30533	0.21063
0.8	0.271	0.66667
0.0	0.0	0.0
0.38636	0.16789	0.116
0.25974	0.11962	0.0776
0.12903	0.08219	0.03005
0.35714	0.15352	0.12586
0.32075	0.15034	0.11569
0.18182	0.14223	0.10939
0.27273	0.11524	0.10655
0.13253	0.07928	0.07569
0.31915	0.1519	0.10111
0.16514	0.14916	0.13249
0.5	0.26567	0.15778
0.21429	0.17674	0.20938
0.09559	0.0434	0.05516
0.0	0.0	0.0
0.3125	0.23914	0.21096
0.11765	0.11765	0.08333
0.20468	0.13545	0.10139
0.71429	0.71429	0.57143
0.63636	0.30209	0.13183
0.29885	0.11885	0.17474
0.29231	0.16305	0.11448
0.1	0.08911	0.08
0.34783	0.27561	0.26312
0.30303	0.20785	0.19552
0.6875	0.63306	0.56989
0.63303	0.33532	0.32668
0.11111	0.04122	0.0
0.18269	0.09972	0.08324
0.12782	0.10976	0.09835
0.06667	0.06667	0.0
0.275	0.19597	0.17952
0.10377	0.08095	0.12
0.30189	0.22643	0.20466
0.31373	0.2261	0.1519
0.09357	0.06075	0.04356
0.15957	0.09266	0.0625
0.31373	0.23245	0.16756
0.09804	0.05249	0.06452
0.32468	0.26101	0.23996
0.14667	0.14667	0.08333
0.14583	0.08419	0.08742
0.34483	0.22721	0.19292
0.10119	0.06308	0.04155
0.42857	0.20854	0.13261
0.0	0.0	0.0
0.0	0.0	0.0
0.04478	0.04478	0.02174
0.16	0.05292	0.00464
0.22826	0.1229	0.10075
0.17347	0.11653	0.09578
0.0	0.0	0.0
0.28571	0.1803	0.11422
0.92308	0.71962	0.76617
0.14286	0.06176	0.06226
0.18072	0.12825	0.10645
0.1	0.0387	0.10526
0.20588	0.13257	0.07363
0.1	0.0637	0.08
0.24138	0.24138	0.21622
0.18571	0.12881	0.08518
0.10256	0.0854	0.07843
0.33333	0.33333	0.0
0.41379	0.18352	0.19723
0.21818	0.08887	0.0864
0.18232	0.11414	0.07945
0.09091	0.01173	0.0
0.5	0.39136	0.36742
0.46667	0.21393	0.18764
0.04839	0.00624	0.0
0.04444	0.04444	0.03448
0.25	0.18508	0.17352
0.1087	0.07643	0.06109
0.13333	0.04517	0.09091
0.18812	0.11803	0.10827
0.22561	0.10317	0.10827
0.10526	0.10526	0.09236
0.20548	0.10541	0.084
0.38636	0.34677	0.24693
0.175	0.11775	0.09856
0.5	0.46041	0.5
0.17647	0.0574	0.02174
0.16129	0.10908	0.09385
0.3913	0.11852	0.20212
0.168	0.09509	0.09377
0.54167	0.4765	0.6
0.19231	0.12779	0.10434
0.13793	0.13459	0.11716
0.03704	0.03704	0.04762
0.29032	0.2591	0.27418
0.16667	0.11828	0.11111
0.06509	0.04447	0.05212
0.22222	0.22222	0.15796
0.07692	0.03858	0.03503
0.24074	0.17683	0.09224
0.0	0.0	0.0
0.1982	0.15068	0.12726
0.26667	0.10867	0.15233
0.12791	0.05158	0.04275
2.0	2.0	2.0
0.14516	0.11706	0.05128
1.5	1.5	1.0
0.1	0.1	0.09524
0.8	0.4226	0.66667
0.20833	0.11358	0.08669
0.375	0.24447	0.16495
0.38889	0.19267	0.23393
0.46	0.20356	0.12094
0.24242	0.07821	0.10325
0.17073	0.12588	0.10094
0.375	0.375	0.375
0.17241	0.14795	0.13514
0.54545	0.45968	0.48128
0.28302	0.18289	0.06026
0.03226	0.03226	0.0
0.0	0.0	0.0
0.17284	0.15591	0.13725
0.70455	0.61732	0.57019
0.5	0.46126	0.39343
0.08929	0.04205	0.07237
0.35294	0.18641	0.19652
