0.0122	0.0122	0.01923
0.11475	0.08515	0.07692
0.22222	0.08422	0.10669
0.0241	0.0241	0.0
0.5	0.43925	0.2825
0.05556	0.05556	0.08333
0.0	0.0	0.0
0.28571	0.28571	0.25
0.15385	0.12842	0.17647
0.06897	0.0292	0.0272
0.05556	0.03883	0.00277
0.1	0.1	0.0
0.01538	0.01538	0.0
0.10714	0.0458	0.06178
0.16071	0.08916	0.0665
0.0	0.0	0.0
0.0625	0.0625	0.06452
0.14	0.10418	0.06186
0.08571	0.08571	0.04348
0.1875	0.10488	0.125
0.66667	0.33428	0.22344
0.18367	0.14472	0.15885
0.11765	0.07021	0.05952
0.09091	0.07479	0.04167
0.33333	0.33333	0.3
0.15979	0.15081	0.15404
0.13542	0.12147	0.12121
0.48718	0.24315	0.2557
0.27737	0.21639	0.17308
0.0068	0.0068	0.0
0.73333	0.73333	0.7
0.0	0.0	0.0
0.16667	0.13402	0.06355
0.07407	0.0463	0.05841
0.12766	0.11497	0.10448
0.23016	0.16733	0.18047
0.25	0.25	0.28571
0.0	0.0	0.0
1.0	0.4315	0.3145
0.0	0.0	0.0
0.11628	0.11628	0.09978
0.08163	0.05398	0.00519
0.0	0.0	0.0
0.70588	0.60341	0.59675
0.10465	0.04237	0.02349
0.0	0.0	0.0
0.0	0.0	0.0
0.27273	0.22411	0.26577
0.07071	0.05148	0.03079
0.19048	0.19048	0.16667
0.0	0.0	0.0
0.58065	0.49037	0.46736
0.0303	0.00391	0.00561
0.09836	0.04044	0.04171
0.29032	0.231	0.14286
0.54054	0.517	0.44516
0.17308	0.06485	0.06047
0.23214	0.17124	0.12999
0.04959	0.02306	0.02448
0.0	0.0	0.0
1.0	1.0	1.0
0.0339	0.02597	0.048
0.11321	0.05508	0.07238
0.51613	0.39308	0.47596
0.15517	0.09316	0.07551
0.07273	0.03109	0.02778
0.06618	0.04447	0.01683
0.0	0.0	0.0
1.5	0.9595	1.234
0.0	0.0	0.0
0.0137	0.0056	0.00087
0.13158	0.05987	0.04096
0.23077	0.12115	0.04516
0.11111	0.06963	0.06966
0.13483	0.11834	0.06775
0.125	0.09006	0.04435
0.09774	0.06804	0.03638
0.33333	0.17958	0.08713
0.3	0.12423	0.09511
0.23256	0.15362	0.13167
0.20076	0.17669	0.14741
0.2	0.11882	0.13653
0.00952	0.00507	0.01471
0.44444	0.25456	0.01083
0.01389	0.00224	0.0031
0.0	0.0	0.0
0.48485	0.46873	0.3913
0.04444	0.03047	0.06061
0.13043	0.05224	0.04058
0.23529	0.07688	0.1065
0.5	0.46314	0.41379
0.11268	0.10359	0.10137
0.11111	0.11111	0.14286
0.25	0.123	0.11765
0.0	0.0	0.0
0.29412	0.09865	0.02055
0.0303	0.0303	0.04348
0.21212	0.1772	0.1206
0.0	0.0	0.0
0.28571	0.28571	0.25
0.11321	0.07791	0.08112
0.17391	0.10659	0.07968
0.28125	0.11345	0.08761
0.0	0.0	0.0
0.09804	0.02577	0.02182
0.10909	0.09149	0.0758
0.09583	0.07433	0.06825
0.0	0.0	0.0
0.36585	0.31039	0.27074
0.13699	0.11224	0.09239
0.15	0.10645	0.15207
0.0	0.0	0.0
0.12766	0.09129	0.05982
0.07362	0.06956	0.04795
0.0	0.0	0.0
0.13636	0.09677	0.14193
0.0	0.0	0.0
0.00893	0.00893	0.0125
0.10938	0.02898	0.05685
0.23704	0.11099	0.09037
0.14865	0.11442	0.08492
0.44444	0.26344	0.07517
0.32143	0.32143	0.32353
0.00794	0.00794	0.01163
0.29167	0.26075	0.11158
0.0	0.0	0.0
0.1828	0.1162	0.10994
0.0	0.0	0.0
0.2069	0.08122	0.11249
0.42759	0.1701	0.11714
0.13333	0.089	0.08179
0.21429	0.09214	0.03222
0.09859	0.07632	0.06004
0.55556	0.55556	0.52381
0.21212	0.11685	0.0661
0.30769	0.28537	0.275
0.0	0.0	0.0
0.0	0.0	0.0
0.02564	0.02564	0.03571
0.1573	0.11889	0.11846
0.44086	0.42074	0.375
0.30392	0.18803	0.14431
0.12308	0.07692	0.06363
0.375	0.375	0.4
0.0	0.0	0.0
0.23077	0.15885	0.1
0.10526	0.06711	0.08333
0.0	0.0	0.0
0.07143	0.07143	0.11111
0.25	0.15225	0.06993
1.0	1.0	1.0
0.4	0.20287	0.10794
0.03571	0.00346	0.00462
0.01905	0.01106	0.01683
0.28	0.1829	0.20209
0.10145	0.06943	0.02516
0.0	0.0	0.0
0.45455	0.31595	0.33929
0.14286	0.11413	0.07982
0.10909	0.05602	0.03594
0.0	0.0	0.0
0.10429	0.09034	0.08773
0.28788	0.19503	0.13658
0.09877	0.07926	0.05615
0.2381	0.2381	0.21429
0.07143	0.07143	0.06452
0.45455	0.45455	0.42857
0.02703	0.02703	0.0
0.14516	0.10303	0.05728
0.05618	0.04404	0.03877
0.0084	0.0084	0.0119
0.5	0.5	0.4
0.25455	0.17567	0.20322
0.05263	0.05263	0.07692
0.0	0.0	0.0
0.19718	0.13494	0.1152
0.16923	0.10226	0.12415
0.18421	0.09297	0.0205
0.0	0.0	0.0
0.0	0.0	0.0
0.0	0.0	0.0
0.25	0.11794	0.07167
0.23913	0.20126	0.12903
0.11504	0.05709	0.04898
0.0	0.0	0.0
0.0	0.0	0.0
0.0	0.0	0.0
0.17045	0.10245	0.06112
0.05229	0.04112	0.01291
0.1761	0.11616	0.0837
0.15278	0.11401	0.05575
0.27778	0.14511	0.107
0.0	0.0	0.0
0.0	0.0	0.0
0.09028	0.03427	0.02812
0.69231	0.69231	0.77778
0.0	0.0	0.0
0.09524	0.09524	0.07143
0.5	0.35886	0.26267
0.15447	0.14123	0.12242
0.0	0.0	0.0
0.11765	0.08447	0.11111
0.02128	0.02128	0.01695
0.0	0.0	0.0
0.06452	0.06452	0.05556
0.13333	0.09561	0.10762
0.05	0.04097	0.01567
0.24194	0.16052	0.082
0.15909	0.13068	0.05848
0.17778	0.12869	0.06974
0.09479	0.08317	0.05385
0.2	0.2	0.2
0.07377	0.05817	0.05927
0.25532	0.14036	0.08116
0.09524	0.09524	0.06667
0.05	0.05	0.02985
0.2	0.13032	0.12907
0.05263	0.05263	0.0
0.58333	0.36958	0.24544
0.09836	0.08567	0.05429
0.25926	0.25926	0.27778
0.0	0.0	0.0
0.45455	0.27864	0.20118
0.23438	0.21977	0.19095
0.11765	0.05118	0.0
0.02564	0.02564	0.0
0.13605	0.10237	0.11356
0.064	0.05445	0.03571
0.08333	0.08333	0.125
0.0	0.0	0.0
0.26154	0.16926	0.11971
0.0	0.0	0.0
0.0	0.0	0.0
0.03448	0.00779	0.0
0.05208	0.05208	0.07463
0.10067	0.0787	0.06868
0.03247	0.03247	0.03125
0.02899	0.02174	0.02041
0.05263	0.05263	0.09091
0.12903	0.10042	0.1
0.15432	0.09677	0.0619
0.29897	0.2132	0.14878
0.2126	0.09462	0.09074
0.34483	0.34483	0.22222
0.08861	0.04962	0.03838
0.04082	0.04082	0.03125
0.07317	0.02832	0.04167
0.0	0.0	0.0
0.0	0.0	0.0
0.44444	0.23893	0.27683
0.25301	0.13137	0.07017
0.2963	0.26194	0.18803
0.0	0.0	0.0
0.0	0.0	0.0
0.1875	0.08469	0.05867
0.08333	0.07393	0.06402
0.18182	0.08164	0.09117
0.10169	0.06532	0.09139
0.07692	0.06402	0.05402
0.09804	0.09804	0.125
0.01786	0.01786	0.02381
0.28571	0.14595	0.2
0.2069	0.08617	0.05485
0.22152	0.18375	0.19541
0.04762	0.01862	0.01873
0.10959	0.06074	0.034
0.2069	0.09903	0.09679
0.1087	0.07836	0.06403
0.15116	0.1157	0.08926
0.1875	0.08162	0.1177
0.0915	0.07569	0.07292
0.0	0.0	0.0
0.02564	0.02564	0.0
0.12766	0.10777	0.09375
0.1	0.1	0.14286
0.44444	0.39607	0.29295
0.22222	0.13261	0.11504
0.125	0.07762	0.02017
0.10204	0.08164	0.02985
0.0	0.0	0.0
0.11111	0.11111	0.03704
1.0	0.57862	0.54833
0.23684	0.15576	0.07819
0.2619	0.20814	0.21356
0.14634	0.09679	0.08439
0.21154	0.19571	0.21109
0.05882	0.04112	0.03047
0.0	0.0	0.0
0.07778	0.05036	0.02954
0.03226	0.03226	0.04348
0.12871	0.08656	0.05149
0.31818	0.14077	0.07018
0.29231	0.27742	0.24516
0.125	0.125	0.16667
0.6875	0.34681	0.22775
0.92857	0.92857	0.95238
0.11864	0.10936	0.0988
0.0	0.0	0.0
0.28571	0.11524	0.17615
0.0	0.0	0.0
1.0	0.3435	0.24886
0.07767	0.06859	0.06067
0.06897	0.05007	0.0
0.2125	0.17036	0.14676
0.04444	0.02044	0.00834
0.03704	0.03704	0.0
0.0	0.0	0.0
0.0	0.0	0.0
0.33333	0.18479	0.20056
1.0	1.0	1.0
0.16667	0.0932	0.01044
1.0	1.0	1.0
0.05882	0.0465	0.04819
0.06481	0.06048	0.08108
0.06433	0.04019	0.02994
0.08383	0.04211	0.02412
0.0	0.0	0.0
0.43478	0.23246	0.10955
0.1875	0.1875	0.10526
0.54167	0.18079	0.12994
0.57143	0.57143	0.66667
0.0	0.0	0.0
0.07333	0.05839	0.05089
0.03546	0.031	0.02857
0.5	0.43925	0.2825
0.01429	0.01429	0.01961
0.04459	0.04459	0.0404
0.03636	0.03636	0.0
0.07692	0.07692	0.125
0.08537	0.05666	0.07071
0.14286	0.07546	0.05516
0.06849	0.0517	0.06122
0.16981	0.14243	0.1725
0.33333	0.15587	0.12173
0.14583	0.0983	0.07064
0.06154	0.01935	0.00679
0.0	0.0	0.0
0.54412	0.50381	0.48939
0.11702	0.08082	0.03748
0.22535	0.14925	0.11863
0.03788	0.03788	0.0
0.07692	0.07692	0.0
2.5	2.016	4.0
0.38462	0.31515	0.271
0.24324	0.1443	0.108
0.03448	0.03448	0.02703
0.09804	0.07243	0.04597
0.2	0.07374	0.08136
0.02703	0.02703	0.04167
0.37143	0.14357	0.06655
0.16667	0.12367	0.07186
0.45312	0.17042	0.17033
0.08392	0.07952	0.07477
0.13158	0.05689	0.00559
0.10989	0.07321	0.05192
0.47619	0.4566	0.42988
0.26923	0.26923	0.15789
0.08696	0.04204	0.02433
0.10204	0.06584	0.03745
0.14286	0.0812	0.03497
0.1453	0.08892	0.04493
0.16129	0.07267	0.0598
0.0	0.0	0.0
0.10714	0.08095	0.0559
0.44444	0.26522	0.27012
0.02985	0.00482	0.0
0.26923	0.17062	0.13533
0.0	0.0	0.0
0.14773	0.09109	0.0433
0.09091	0.05809	0.03745
0.1	0.07048	0.07045
0.17021	0.08494	0.05181
0.84615	0.84615	0.88235
0.09375	0.06653	0.05376
0.38272	0.34888	0.30677
0.04688	0.02936	0.03434
0.10256	0.10256	0.0566
0.85714	0.44029	0.31475
0.15909	0.13784	0.10569
0.11111	0.06719	0.05676
0.04878	0.03737	0.0303
0.14815	0.04063	0.04638
0.16279	0.13165	0.09375
0.0	0.0	0.0
0.1087	0.03859	0.04009
0.21053	0.13713	0.07933
0.2	0.07853	0.09682
0.1	0.06676	0.04316
0.22222	0.08517	0.07607
0.07692	0.05732	0.02785
0.08333	0.08333	0.05882
0.0	0.0	0.0
0.21429	0.15211	0.00382
0.10784	0.08555	0.0849
0.3125	0.22179	0.2125
0.04615	0.03313	0.01464
0.0	0.0	0.0
0.25	0.13406	0.1035
0.0	0.0	0.0
0.17978	0.12852	0.08744
0.03846	0.03846	0.05882
0.03604	0.01352	0.01679
0.0	0.0	0.0
0.23256	0.18843	0.14683
0.0198	0.01453	0.01449
0.14706	0.08112	0.0603
0.0	0.0	0.0
0.1039	0.09258	0.08163
0.0885	0.0885	0.08434
0.12281	0.07612	0.0792
0.0	0.0	0.0
0.07692	0.02173	0.06265
0.13208	0.06606	0.0682
0.0	0.0	0.0
0.0	0.0	0.0
0.1	0.1	0.05263
0.0	0.0	0.0
0.01389	0.01389	0.0
0.14286	0.10138	0.10163
0.23333	0.1231	0.17647
0.28777	0.21745	0.17395
0.09615	0.06329	0.03512
0.02222	0.02222	0.03448
0.09302	0.05891	0.03227
0.14286	0.10905	0.09214
0.03846	0.02556	0.03027
0.06667	0.06667	0.03279
0.3	0.1742	0.172
0.02685	0.02685	0.02857
0.27966	0.18875	0.18598
0.15625	0.14162	0.1274
0.13208	0.13208	0.07143
0.11765	0.074	0.1
0.05479	0.03093	0.04345
0.13043	0.10923	0.09628
0.14545	0.08842	0.05353
0.14094	0.10901	0.05802
0.12308	0.12308	0.06818
0.37931	0.23862	0.17033
0.0	0.0	0.0
0.16529	0.1473	0.15
0.02817	0.00908	0.01887
0.2439	0.18766	0.15652
0.5	0.5	0.46154
0.09524	0.06376	0.06667
0.30769	0.13523	0.03578
0.0	0.0	0.0
0.13636	0.13636	0.06667
0.1	0.0633	0.06096
0.04505	0.03269	0.02801
0.11742	0.10453	0.07647
0.0	0.0	0.0
0.0	0.0	0.0
0.21014	0.17614	0.15468
0.05714	0.05714	0.0
0.3	0.0388	0.027
0.10345	0.08157	0.0484
0.30769	0.16623	0.0161
0.23529	0.111	0.01985
0.32407	0.29196	0.31377
0.0	0.0	0.0
0.0	0.0	0.0
0.25806	0.19494	0.16658
0.09091	0.08261	0.02802
0.10448	0.06524	0.0363
0.08	0.08	0.05556
0.05333	0.04043	0.05831
0.05932	0.03062	0.00561
0.15068	0.10452	0.02665
0.14754	0.11952	0.08437
0.22222	0.12548	0.10757
0.12281	0.08044	0.08574
0.13462	0.13462	0.05882
0.10811	0.10811	0.08696
0.36364	0.28445	0.33333
0.26667	0.07633	0.0661
0.1	0.06935	0.04063
0.28947	0.12097	0.17113
0.03774	0.01309	0.02857
0.07143	0.07143	0.04762
0.12821	0.07692	0.04
0.09333	0.08043	0.01985
0.04762	0.00462	0.00693
0.0	0.0	0.0
0.2069	0.14852	0.08067
0.30769	0.11654	0.04682
0.05682	0.0416	0.03537
0.08108	0.03138	0.04545
0.17073	0.11171	0.10033
0.05357	0.05357	0.02439
0.02688	0.02289	0.01882
0.08696	0.03507	0.03518
0.10588	0.07628	0.05568
0.10294	0.06357	0.02954
0.09223	0.06311	0.03116
0.0	0.0	0.0
0.14815	0.05259	0.0796
0.19608	0.13363	0.09463
0.2	0.07583	0.1322
0.36111	0.26195	0.20686
0.03061	0.03061	0.04348
0.08642	0.07488	0.03824
0.22148	0.13564	0.12707
0.05556	0.02226	0.0159
0.0	0.0	0.0
0.10938	0.08266	0.07045
0.0	0.0	0.0
0.10976	0.1017	0.11321
0.10566	0.07298	0.06056
0.17857	0.144	0.05733
0.03093	0.03093	0.03226
0.0	0.0	0.0
0.07547	0.056	0.05467
0.29032	0.14805	0.14519
0.0	0.0	0.0
0.46154	0.20831	0.22222
0.16667	0.12756	0.11674
0.36585	0.25495	0.1632
0.21053	0.18039	0.17677
0.07143	0.05	0.04691
0.16304	0.11746	0.10607
0.13158	0.12521	0.09464
0.0	0.0	0.0
0.0	0.0	0.0
0.0531	0.03012	0.01755
0.21875	0.06856	0.09371
0.26087	0.20724	0.167
0.5	0.5	0.66667
0.28571	0.25096	0.21404
0.16667	0.16667	0.14286
0.0	0.0	0.0
0.30769	0.30769	0.3
0.0	0.0	0.0
0.16923	0.09826	0.07363
0.21875	0.17659	0.10862
0.16667	0.16667	0.0
0.54545	0.48241	0.4047
0.4	0.4	0.33333
0.06977	0.05351	0.02689
0.07792	0.06881	0.05964
0.15789	0.10695	0.14514
0.09375	0.09375	0.04545
0.0	0.0	0.0
0.20513	0.19521	0.11765
0.07317	0.02634	0.01611
0.32258	0.15819	0.05124
0.19444	0.13039	0.13175
0.20301	0.15268	0.10997
0.08421	0.07318	0.05847
0.44444	0.36022	0.0484
0.44737	0.40705	0.43054
0.06667	0.06667	0.05263
0.07407	0.07407	0.05263
0.16304	0.13097	0.11834
0.04598	0.04598	0.0339
0.0	0.0	0.0
0.10256	0.07031	0.06322
0.19643	0.15841	0.0842
0.0	0.0	0.0
0.07143	0.04148	0.03861
0.0	0.0	0.0
0.12338	0.07237	0.04077
0.09615	0.05613	0.05824
0.19355	0.19355	0.2
0.04878	0.04878	0.07692
0.10769	0.09378	0.04255
0.28205	0.26054	0.27542
0.28261	0.17007	0.15863
0.78571	0.78571	0.73684
0.14286	0.09986	0.07836
0.12613	0.06467	0.03831
0.22222	0.129	0.02683
0.09677	0.07077	0.09524
0.625	0.23491	0.22584
0.13913	0.11824	0.10266
0.34375	0.28328	0.26495
0.04762	0.02804	0.0153
0.17822	0.11898	0.06291
0.29091	0.29091	0.23529
0.25641	0.13031	0.12038
0.16667	0.13232	0.10994
0.04762	0.04762	0.03226
0.15385	0.12928	0.14286
0.0	0.0	0.0
0.35294	0.22347	0.20623
0.28148	0.17766	0.16354
0.03571	0.00779	0.00583
0.38272	0.3427	0.29391
0.0	0.0	0.0
0.33898	0.20808	0.10274
0.08333	0.05679	0.04096
0.02	0.01468	0.01515
0.06383	0.04599	0.01926
0.0	0.0	0.0
0.0	0.0	0.0
1.0	0.35075	0.177
0.15789	0.08405	0.125
0.18182	0.03955	0.05438
0.0	0.0	0.0
0.0	0.0	0.0
0.33333	0.33333	0.5
0.09524	0.06376	0.15385
0.0	0.0	0.0
0.10169	0.10169	0.08713
0.19767	0.12265	0.1086
0.09278	0.04506	0.05313
0.28467	0.16542	0.10937
0.0	0.0	0.0
0.29412	0.17453	0.08757
0.01754	0.01754	0.01282
0.01639	0.01639	0.02381
0.45833	0.21842	0.08685
0.11905	0.08614	0.06767
0.18889	0.17366	0.1406
0.0	0.0	0.0
0.33333	0.25942	0.19356
0.2	0.12582	0.094
0.03922	0.02309	0.0303
0.04651	0.024	0.03704
0.03571	0.03571	0.02857
0.40625	0.32159	0.22124
0.0	0.0	0.0
0.3	0.19733	0.15057
0.2716	0.13223	0.10166
0.15789	0.10435	0.07779
0.12676	0.05407	0.07559
0.02273	0.02273	0.03125
2.5	2.297	2.03825
0.15455	0.10515	0.06409
0.2963	0.16967	0.18847
0.24138	0.17631	0.192
0.33333	0.16667	0.2258
0.07407	0.06691	0.03947
0.38462	0.18608	0.15325
0.16949	0.12247	0.13489
0.03774	0.03774	0.05128
0.03448	0.03448	0.04762
1.0	0.71322	0.56983
0.08108	0.03924	0.03846
0.58333	0.55403	0.43158
0.11628	0.09791	0.07893
0.14815	0.08215	0.09203
0.04255	0.01836	0.01587
0.0	0.0	0.0
0.23288	0.17255	0.14826
0.11111	0.11111	0.0
0.17	0.14371	0.08792
0.02564	0.02564	0.0
0.13725	0.07465	0.09109
0.19697	0.1195	0.07494
0.0	0.0	0.0
0.26087	0.23961	0.25135
0.03571	0.03571	0.05333
0.29412	0.14706	0.03892
0.08889	0.06613	0.02159
0.38182	0.36484	0.36372
0.04688	0.03831	0.05128
0.25	0.14819	0.33689
0.15385	0.15385	0.14286
0.09259	0.04511	0.03494
0.77778	0.62006	0.5064
0.27586	0.21829	0.16572
0.16667	0.08337	0.13476
0.5	0.24467	0.53225
0.0	0.0	0.0
0.2381	0.2381	0.14286
0.59375	0.59375	0.57143
0.08491	0.02724	0.02268
0.0	0.0	0.0
0.32653	0.2053	0.1653
0.04717	0.03012	0.0201
0.08333	0.0175	0.02625
0.0	0.0	0.0
0.03623	0.03062	0.04211
0.22222	0.22222	0.25
0.07143	0.05224	0.04465
0.04854	0.03915	0.04153
0.13333	0.1172	0.10256
0.35433	0.35433	0.36047
0.21212	0.14812	0.20325
0.13333	0.0855	0.02152
0.0	0.0	0.0
0.04698	0.04698	0.03846
0.08642	0.08642	0.03774
0.08642	0.07796	0.07948
0.08929	0.08929	0.05714
0.15625	0.15625	0.14286
0.0	0.0	0.0
0.6	0.6	0.83333
0.27586	0.23026	0.15836
0.13869	0.06263	0.03034
0.01515	0.01515	0.02128
0.10345	0.07341	0.05645
0.0	0.0	0.0
0.01639	0.01639	0.02326
0.0618	0.03399	0.01586
0.0431	0.0431	0.0241
0.11905	0.10407	0.07143
0.16456	0.12986	0.05193
0.18033	0.14041	0.09678
0.18644	0.11483	0.09592
0.08197	0.05131	0.02756
0.0597	0.03924	0.04462
0.15789	0.09889	0.05277
0.08696	0.04909	0.00806
0.0	0.0	0.0
0.5625	0.52554	0.51613
0.06667	0.01684	0.03628
0.03012	0.01963	0.01017
0.19847	0.12412	0.11231
0.0	0.0	0.0
0.05769	0.04281	0.03314
0.5625	0.27425	0.38712
0.13793	0.07566	0.10868
0.04651	0.04651	0.0625
0.23077	0.1289	0.08277
0.19277	0.14555	0.10613
0.14634	0.14634	0.16
0.2	0.0419	0.03625
0.06707	0.03698	0.02028
0.08784	0.06888	0.09378
0.03175	0.03175	0.02273
0.375	0.19709	0.19868
0.07143	0.05006	0.05236
0.0	0.0	0.0
0.0	0.0	0.0
0.18519	0.18519	0.05556
0.11429	0.0636	0.00485
0.21818	0.17066	0.17579
0.66667	0.387	0.0805
0.13333	0.0452	0.0
0.06061	0.02736	0.00808
0.05714	0.04054	0.0
0.07143	0.03343	0.09091
0.2449	0.21727	0.13006
0.08	0.05807	0.02464
0.08088	0.05823	0.01157
0.0	0.0	0.0
0.15865	0.14594	0.17273
0.15385	0.103	0.25
0.33333	0.22594	0.12921
0.03226	0.03226	0.0
0.03448	0.03448	0.04762
0.31579	0.31579	0.30769
0.35417	0.35417	0.32258
0.08442	0.06336	0.04838
0.0	0.0	0.0
0.06329	0.05737	0.02847
0.03846	0.03846	0.03125
0.0	0.0	0.0
0.0	0.0	0.0
0.22857	0.21843	0.23521
0.0	0.0	0.0
0.11915	0.07646	0.04135
0.0	0.0	0.0
0.1	0.08617	0.09164
0.24272	0.18987	0.13957
0.14286	0.08064	0.01433
0.01887	0.00883	0.02857
0.21429	0.21429	0.11111
0.46154	0.28046	0.2017
0.15625	0.07453	0.0
0.12255	0.08104	0.06106
0.07143	0.05313	0.02974
0.41935	0.18839	0.1815
0.07692	0.04765	0.02385
0.17857	0.1158	0.09804
0.21053	0.16979	0.10217
0.10606	0.10606	0.08889
0.01613	0.00494	0.00712
0.0991	0.0991	0.06944
0.09259	0.06258	0.05966
0.03636	0.03636	0.02857
0.12409	0.09396	0.06873
0.19048	0.11157	0.0597
0.0	0.0	0.0
0.29412	0.17641	0.07607
0.26389	0.14775	0.09941
0.25	0.25	0.21429
0.0	0.0	0.0
0.19872	0.17783	0.15522
0.33929	0.23875	0.25849
0.22222	0.22222	0.16667
0.14286	0.14286	0.0
0.08	0.05452	0.05952
0.42105	0.27463	0.27782
0.33333	0.15233	0.11425
0.16667	0.0902	0.06719
0.05202	0.03394	0.03722
0.0	0.0	0.0
0.02963	0.01756	0.01134
0.5	0.43138	0.2
0.05172	0.04198	0.02703
1.0	0.55038	0.4612
0.46835	0.40771	0.4058
0.08725	0.05813	0.04338
0.0	0.0	0.0
0.05128	0.03764	0.07407
0.02	0.02	0.0
0.0625	0.04588	0.04762
0.11386	0.09286	0.09243
0.125	0.125	0.10345
0.1	0.1	0.10638
0.05455	0.04604	0.025
0.02632	0.02632	0.0
0.33333	0.0995	0.2
0.16667	0.11306	0.06408
0.11957	0.08502	0.0696
0.05769	0.05211	0.0367
0.25806	0.22668	0.20677
0.09091	0.06673	0.14286
0.06383	0.04427	0.00055
0.0	0.0	0.0
0.07692	0.02608	0.11111
0.25	0.13011	0.08687
0.24	0.12648	0.083
0.30909	0.13669	0.09682
0.08333	0.06117	0.05882
0.26087	0.19741	0.15446
0.25	0.20262	0.138
0.32353	0.21253	0.1188
0.09375	0.07409	0.13636
0.0	0.0	0.0
0.04545	0.02076	0.02222
0.22222	0.22222	0.13333
0.22807	0.15875	0.10417
0.57143	0.30043	0.25929
0.14103	0.09904	0.06245
0.32812	0.2403	0.23601
0.07143	0.07143	0.06061
0.17808	0.11004	0.09806
0.14634	0.1249	0.09615
0.0625	0.03325	0.09091
0.09434	0.04353	0.03321
0.1746	0.084	0.11659
0.63333	0.3704	0.257
0.21429	0.21429	0.19048
0.0	0.0	0.0
0.0	0.0	0.0
0.04082	0.01828	0.02269
0.01852	0.00956	0.01414
0.14286	0.08411	0.07132
0.0	0.0	0.0
0.26316	0.18337	0.08729
0.37931	0.18359	0.26883
0.07407	0.05809	0.03158
0.0	0.0	0.0
0.6087	0.50209	0.444
0.01408	0.01408	0.02128
0.0	0.0	0.0
0.04412	0.04412	0.02128
0.09589	0.09589	0.06383
0.01786	0.0095	0.02778
0.0625	0.0625	0.0303
0.0	0.0	0.0
0.25431	0.20787	0.22958
0.33846	0.33846	0.28889
0.0	0.0	0.0
0.28571	0.08529	0.16667
0.06977	0.06977	0.03704
0.0	0.0	0.0
0.21739	0.12028	0.08672
0.04324	0.03897	0.02697
0.10119	0.0743	0.07069
0.35294	0.19924	0.16311
0.48387	0.43445	0.38078
0.05263	0.05263	0.08333
0.1087	0.02735	0.0387
0.03704	0.02724	0.04167
0.0	0.0	0.0
0.04545	0.04545	0.06667
0.01389	0.01389	0.0
0.19608	0.09108	0.08223
0.27586	0.10683	0.1097
0.04955	0.01744	0.01754
0.19149	0.12458	0.11118
0.5	0.16573	0.07962
0.45455	0.45455	0.5
0.0	0.0	0.0
0.11111	0.10744	0.0
0.0303	0.01483	0.02999
0.08642	0.06879	0.06709
0.0566	0.03319	0.00536
0.0	0.0	0.0
0.06154	0.04814	0.04731
0.03158	0.02174	0.00108
0.07143	0.07143	0.125
0.07143	0.03918	0.05882
0.38636	0.32736	0.37874
0.11765	0.06641	0.04704
0.0	0.0	0.0
0.0	0.0	0.0
0.35294	0.24765	0.27273
0.0292	0.0292	0.0297
0.625	0.3145	0.08617
0.18519	0.09856	0.05071
0.48889	0.3932	0.3441
0.02857	0.02857	0.0
0.04	0.04	0.05882
0.2	0.1221	0.18182
0.23077	0.14769	0.09106
0.06222	0.05792	0.05942
0.15789	0.04079	0.04096
0.40909	0.25441	0.21069
0.23077	0.23077	0.10526
0.0	0.0	0.0
0.2	0.1129	0.0
0.09677	0.06555	0.04691
0.0	0.0	0.0
0.13333	0.13333	0.0
0.4	0.1032	0.043
0.30986	0.12111	0.11518
0.0	0.0	0.0
0.20588	0.17932	0.05774
0.05517	0.05117	0.03827
0.13636	0.09386	0.07607
0.11111	0.11111	0.05882
0.05357	0.05357	0.02778
0.0137	0.0137	0.01786
0.14815	0.05319	0.02295
0.9375	0.9375	0.94737
0.08889	0.0647	0.03533
0.3	0.3	0.33333
0.0	0.0	0.0
0.45833	0.14175	0.14986
0.44444	0.38141	0.28551
0.16364	0.12878	0.05128
0.04082	0.03209	0.0023
0.65517	0.45886	0.33783
0.0	0.0	0.0
0.53333	0.3592	0.38368
0.0	0.0	0.0
0.12	0.06776	0.11765
0.13095	0.07874	0.0339
0.07143	0.05962	0.04651
0.92308	0.46162	0.19064
0.26582	0.16477	0.12594
0.0	0.0	0.0
0.13084	0.07961	0.07468
0.40909	0.29545	0.41747
0.0	0.0	0.0
0.35938	0.28153	0.302
0.0	0.0	0.0
0.37037	0.17807	0.11721
0.26087	0.15291	0.03447
0.19895	0.12381	0.11515
0.06818	0.01832	0.02283
0.25	0.21742	0.171
0.02174	0.02174	0.03704
0.0	0.0	0.0
0.15385	0.09431	0.16667
0.27168	0.21966	0.18917
0.46512	0.30344	0.29145
0.06522	0.05307	0.04808
0.05376	0.04474	0.03377
0.31579	0.26826	0.33333
0.10345	0.10345	0.1
0.10256	0.10256	0.08163
0.14545	0.11202	0.03138
0.19355	0.12745	0.06317
0.02857	0.02857	0.0
0.1746	0.11521	0.07955
0.10169	0.10169	0.05405
0.11392	0.05511	0.04404
0.19403	0.15094	0.10469
0.13825	0.12369	0.14407
0.17391	0.11712	0.10446
0.16216	0.12073	0.08817
0.91083	0.33876	0.1266
0.15217	0.12693	0.09677
0.3913	0.20552	0.25524
0.05634	0.03385	0.02882
0.0	0.0	0.0
0.08163	0.08163	0.0
0.0	0.0	0.0
0.37209	0.16465	0.14623
0.21429	0.21429	0.16667
0.0	0.0	0.0
0.05357	0.04407	0.07143
0.22222	0.14457	0.1417
0.83333	0.45433	0.2742
0.07143	0.07143	0.04878
0.14062	0.09841	0.09976
0.17647	0.12832	0.04665
0.06	0.06	0.03448
0.29412	0.1575	0.12904
0.05833	0.02782	0.02419
0.16667	0.1148	0.0881
0.02564	0.02564	0.03704
0.1	0.09545	0.07692
0.21088	0.15503	0.0988
0.0	0.0	0.0
0.10714	0.08411	0.06775
0.22449	0.15455	0.13674
0.0	0.0	0.0
0.21429	0.19529	0.17391
0.0	0.0	0.0
0.07339	0.04972	0.03034
0.05682	0.03758	0.02293
0.0916	0.06993	0.06855
0.2439	0.1302	0.06253
0.14	0.12194	0.06355
0.0	0.0	0.0
0.47619	0.414	0.36521
0.08434	0.08434	0.05
0.12195	0.08773	0.07885
0.15758	0.1396	0.11706
0.04094	0.03075	0.02769
0.0	0.0	0.0
0.15663	0.07757	0.06198
0.16	0.04644	0.05017
0.2126	0.2126	0.21111
0.09259	0.06989	0.02564
0.14286	0.11981	0.03969
0.13415	0.08537	0.04898
0.0	0.0	0.0
0.06452	0.04648	0.00313
0.09524	0.07374	0.04494
0.15108	0.13855	0.12903
0.0177	0.0177	0.01266
0.15254	0.07914	0.06662
0.42222	0.186	0.1365
0.125	0.125	0.16667
0.06207	0.03938	0.01513
0.15714	0.13226	0.07051
0.33333	0.21933	0.27273
0.1129	0.09729	0.07051
0.17949	0.12574	0.11111
0.02778	0.02778	0.0
0.08333	0.08333	0.0625
0.26087	0.19074	0.14919
0.0	0.0	0.0
0.1	0.06473	0.07097
0.25	0.25	0.25
0.21053	0.21053	0.07692
0.05882	0.01994	0.07692
0.06522	0.0305	0.02055
0.09244	0.07726	0.05053
0.07778	0.03943	0.00915
0.08475	0.07536	0.06594
0.375	0.14119	0.15914
0.1	0.1	0.0
0.07407	0.05196	0.04762
0.0	0.0	0.0
0.025	0.025	0.02227
0.16327	0.16327	0.11765
0.13235	0.07306	0.0442
0.03817	0.0176	0.02562
0.125	0.08563	0.07626
0.0	0.0	0.0
0.0	0.0	0.0
0.26316	0.14832	0.08608
0.16071	0.13279	0.10782
0.14474	0.09908	0.07906
0.0	0.0	0.0
0.17391	0.13535	0.03831
0.04505	0.03909	0.05556
0.63636	0.63636	0.71429
0.08333	0.06675	0.09091
0.09184	0.09184	0.09677
0.22727	0.184	0.1875
0.01786	0.01786	0.02941
0.14286	0.07867	0.03228
0.0	0.0	0.0
0.22857	0.159	0.175
0.02963	0.02963	0.0297
0.01961	0.00727	0.03125
0.06494	0.06494	0.0
0.22222	0.16844	0.00267
0.14286	0.14286	0.09091
0.0963	0.06762	0.02084
0.31429	0.16266	0.1823
0.09924	0.06009	0.0735
0.05128	0.05128	0.0
0.16667	0.16667	0.08333
0.0	0.0	0.0
0.09091	0.04255	0.1
0.01695	0.00506	0.01287
0.12658	0.08472	0.08996
0.13725	0.09392	0.09111
0.15385	0.09119	0.13947
0.0678	0.041	0.03835
0.05556	0.05556	0.03333
0.04918	0.01784	0.02542
0.09836	0.09836	0.075
0.36	0.15684	0.13333
0.0	0.0	0.0
0.10345	0.10345	0.11111
0.0	0.0	0.0
0.25	0.23297	0.24
0.20588	0.10724	0.17337
0.27778	0.10664	0.09675
0.10169	0.08283	0.07317
0.10256	0.09015	0.08929
0.14815	0.12367	0.11111
0.21698	0.14121	0.14118
0.0	0.0	0.0
0.85714	0.65671	0.26617
0.0	0.0	0.0
0.0	0.0	0.0
0.125	0.10282	0.07317
0.28571	0.19038	0.15199
0.26316	0.234	0.22186
0.21818	0.20235	0.15789
0.025	0.01391	0.0
0.0	0.0	0.0
0.04819	0.03614	0.02242
0.2	0.2	0.2
0.10526	0.08934	0.06
0.03175	0.02752	0.03529
0.23288	0.15753	0.16065
0.15625	0.13559	0.06376
0.0	0.0	0.0
0.0	0.0	0.0
0.76923	0.28669	0.32267
0.05556	0.04481	0.02665
0.0	0.0	0.0
0.05263	0.02095	0.02703
0.25	0.0734	0.09573
0.08434	0.03323	0.04064
0.0	0.0	0.0
0.25	0.07015	0.14087
0.0	0.0	0.0
0.28571	0.28571	0.25
0.15385	0.12842	0.17647
0.09322	0.04537	0.04933
0.05556	0.03883	0.00277
0.0	0.0	0.0
0.0	0.0	0.0
0.07018	0.04953	0.02834
0.16216	0.0965	0.07779
0.0	0.0	0.0
0.0625	0.0625	0.06452
0.11702	0.05352	0.03589
0.0625	0.02319	0.0
0.28571	0.10943	0.133
0.93548	0.49848	0.59767
0.10949	0.07523	0.09116
0.10465	0.06321	0.05952
0.0	0.0	0.0
0.23077	0.23077	0.22222
0.0	0.0	0.0
0.07778	0.0629	0.06452
0.74194	0.46984	0.60039
0.21774	0.15726	0.11811
0.0	0.0	0.0
0.73333	0.73333	0.7
0.0	0.0	0.0
0.13158	0.06663	0.07023
0.09091	0.06364	0.05841
0.17172	0.15722	0.14286
0.208	0.14582	0.16072
0.25	0.25	0.28571
0.01961	0.01961	0.02198
0.83333	0.57267	0.58475
0.0	0.0	0.0
0.07317	0.07317	0.04
0.08163	0.05398	0.00519
0.04762	0.04762	0.04
0.61538	0.48138	0.46411
0.08333	0.03398	0.02529
0.0	0.0	0.0
0.0	0.0	0.0
0.3	0.26221	0.25807
0.01053	0.01053	0.0
0.19048	0.19048	0.16667
0.0	0.0	0.0
0.43636	0.40351	0.37013
0.0303	0.00391	0.00561
0.10345	0.05393	0.07979
0.25926	0.13022	0.03578
0.42857	0.36404	0.27332
0.15686	0.06104	0.03731
0.16981	0.13056	0.10546
0.04959	0.02306	0.02448
0.0	0.0	0.0
1.0	1.0	1.0
0.05357	0.04521	0.08824
0.11321	0.0557	0.07238
0.53226	0.39621	0.47811
0.15517	0.09316	0.07551
0.07273	0.03109	0.02778
0.09655	0.06574	0.07371
0.0	0.0	0.0
0.0	0.0	0.0
0.03922	0.03922	0.06452
0.01818	0.01012	0.00087
0.05	0.00445	0.00241
0.25714	0.17603	0.04644
0.08197	0.03913	0.04802
0.11364	0.11125	0.05085
0.05797	0.02151	0.0028
0.19708	0.10076	0.06414
0.24	0.09226	0.05344
0.13333	0.08333	0.04762
0.15663	0.09155	0.07528
0.27969	0.198	0.20124
0.26562	0.17162	0.18724
0.00952	0.00507	0.01471
0.44444	0.25456	0.01083
0.0274	0.0159	0.02191
0.0	0.0	0.0
0.33333	0.33333	0.22222
0.0	0.0	0.0
0.13043	0.05224	0.04058
0.42857	0.265	0.22944
0.425	0.425	0.41379
0.0597	0.0597	0.04444
0.11111	0.11111	0.14286
0.92308	0.92308	0.9
0.05	0.05	0.05882
0.29412	0.09865	0.02055
0.0	0.0	0.0
0.18182	0.16765	0.1206
0.0	0.0	0.0
0.28571	0.28571	0.25
0.16364	0.11027	0.10626
0.16176	0.09346	0.07439
0.25806	0.08642	0.04648
0.0	0.0	0.0
0.11765	0.02752	0.0209
0.125	0.10771	0.09834
0.07438	0.06725	0.06016
0.40741	0.37515	0.40645
0.2069	0.04952	0.07682
0.14583	0.10932	0.09945
0.15789	0.11205	0.16377
0.09091	0.09091	0.05556
0.0	0.0	0.0
0.06803	0.06353	0.05171
0.0	0.0	0.0
0.14286	0.10138	0.15207
0.0	0.0	0.0
0.00893	0.00893	0.0125
0.06154	0.03425	0.00883
0.28788	0.13734	0.10445
0.15493	0.07973	0.10548
0.45455	0.39445	0.05917
0.28302	0.28302	0.28125
0.02362	0.016	0.012
0.33333	0.26612	0.11158
0.0	0.0	0.0
0.17391	0.10186	0.09705
0.21053	0.21053	0.14286
0.2069	0.08122	0.11249
0.45652	0.17265	0.14381
0.13333	0.089	0.08179
0.14286	0.07607	0.13312
0.12162	0.091	0.06932
0.52	0.52	0.52381
0.17647	0.10962	0.10414
0.14815	0.1383	0.14706
0.04545	0.04545	0.07143
0.0	0.0	0.0
0.025	0.00402	0.00555
0.13953	0.08928	0.07286
0.36471	0.36471	0.33962
0.25743	0.16993	0.16876
0.12432	0.08779	0.06145
0.0	0.0	0.0
0.0	0.0	0.0
0.45455	0.21109	0.29029
0.10526	0.06711	0.08333
0.0	0.0	0.0
0.07143	0.07143	0.11111
0.25	0.15225	0.06993
1.0	1.0	1.0
0.37778	0.19069	0.10794
0.03571	0.00346	0.00462
0.04854	0.03319	0.01925
0.23913	0.12483	0.06333
0.0963	0.05436	0.02183
0.0	0.0	0.0
0.53659	0.29893	0.30708
0.05051	0.04269	0.03008
0.10909	0.05602	0.03594
0.02222	0.00753	0.03448
0.09938	0.08015	0.07958
0.24615	0.169	0.13658
0.05882	0.03833	0.01843
0.0	0.0	0.0
0.07143	0.07143	0.06452
0.47059	0.47059	0.42857
0.02703	0.02703	0.0
0.13115	0.08833	0.05728
0.07865	0.03135	0.05534
0.0084	0.0084	0.0119
0.0	0.0	0.0
0.22642	0.14457	0.16129
0.0	0.0	0.0
0.0	0.0	0.0
0.21333	0.15119	0.14547
0.12698	0.09652	0.09921
0.16216	0.08108	0.05872
0.0	0.0	0.0
0.0	0.0	0.0
0.0	0.0	0.0
0.21154	0.09306	0.16331
0.19512	0.12237	0.10069
0.12844	0.06437	0.08374
0.0	0.0	0.0
0.0	0.0	0.0
0.0	0.0	0.0
0.15556	0.07796	0.07929
0.03974	0.02777	0.01065
0.12667	0.07454	0.04854
0.12676	0.10654	0.06454
0.38095	0.18967	0.07117
0.0	0.0	0.0
0.0	0.0	0.0
0.08966	0.03793	0.04068
0.69231	0.69231	0.77778
0.0	0.0	0.0
0.09524	0.09524	0.07143
0.5	0.32069	0.2403
0.0	0.0	0.0
0.10909	0.07275	0.04054
0.15909	0.125	0.1421
0.11268	0.07385	0.05261
0.0	0.0	0.0
0.17757	0.1625	0.15528
0.4898	0.4898	0.5
0.0	0.0	0.0
0.23214	0.21602	0.20513
0.55556	0.15944	0.38167
0.09524	0.09524	0.06897
0.25581	0.16281	0.16888
0.23841	0.163	0.15195
0.16923	0.13549	0.1459
0.26316	0.14178	0.12248
0.0	0.0	0.0
0.1875	0.11217	0.11253
1.0	0.398	0.129
0.9	0.313	0.14757
0.07692	0.02608	0.11111
0.15	0.11047	0.0617
0.51724	0.51724	0.47619
0.1	0.064	0.00805
0.09574	0.06641	0.0527
0.0	0.0	0.0
0.0	0.0	0.0
0.09302	0.09302	0.09091
0.0	0.0	0.0
0.1129	0.1129	0.07895
0.1	0.06201	0.06913
0.03922	0.03922	0.02703
0.09639	0.06899	0.05047
0.10795	0.07111	0.04435
0.47368	0.33534	0.27564
0.05556	0.03584	0.03722
0.26667	0.25018	0.1951
0.09302	0.05588	0.08128
0.07143	0.03493	0.03528
0.09677	0.09677	0.08197
0.0819	0.07036	0.05245
0.38462	0.15385	0.11733
0.22222	0.16667	0.08333
0.03623	0.03027	0.02474
0.0	0.0	0.0
0.13333	0.13333	0.1
0.06667	0.00753	0.00849
0.93333	0.7742	0.54567
0.07246	0.0603	0.04502
0.12	0.08516	0.05882
0.07692	0.04127	0.07692
0.02632	0.02632	0.0
0.04348	0.01752	0.0
0.11321	0.07883	0.03132
0.0	0.0	0.0
0.05952	0.03505	0.04778
0.27143	0.21476	0.16063
1.5	0.6615	1.129
0.13043	0.13043	0.0625
0.03774	0.03774	0.02857
0.2561	0.16409	0.14607
0.19469	0.13361	0.12304
0.22222	0.14874	0.11884
0.27778	0.22939	0.17742
0.06195	0.02955	0.04186
0.11905	0.11905	0.04167
0.0	0.0	0.0
0.0625	0.04991	0.05814
0.125	0.10645	0.03846
0.0	0.0	0.0
0.09091	0.06305	0.06355
0.03571	0.02117	0.03077
0.02899	0.02899	0.02273
0.01786	0.01786	0.0
0.3125	0.15978	0.3
0.0	0.0	0.0
0.13333	0.1	0.125
0.05882	0.05882	0.0
0.18182	0.1226	0.18409
0.20253	0.08963	0.04935
0.05505	0.04055	0.03315
0.05882	0.05882	0.0
0.0	0.0	0.0
0.0303	0.0303	0.04762
0.16901	0.13062	0.13211
0.34615	0.27605	0.27
0.04494	0.03625	0.01786
0.2	0.11504	0.14111
0.06944	0.06944	0.04762
0.0155	0.0155	0.01031
0.03521	0.02931	0.02128
0.02564	0.02564	0.0
0.08671	0.08186	0.07302
0.34328	0.22988	0.19031
0.0	0.0	0.0
0.0	0.0	0.0
0.02941	0.02941	0.0
0.03846	0.03846	0.01887
0.0	0.0	0.0
0.06818	0.02714	0.00647
0.17021	0.1177	0.03226
0.06897	0.06897	0.1
0.03125	0.03125	0.0
0.09091	0.07111	0.06897
0.0	0.0	0.0
0.0	0.0	0.0
0.09091	0.09091	0.0625
0.0	0.0	0.0
0.03125	0.03125	0.0
0.12903	0.12903	0.13333
0.27273	0.16809	0.09214
0.05714	0.05714	0.0
0.01333	0.01333	0.0
0.05556	0.04257	0.04394
0.05747	0.04228	0.01887
0.33333	0.19385	0.147
0.22857	0.09814	0.09524
0.02857	0.02857	0.04167
0.0	0.0	0.0
0.01961	0.00918	0.0
0.13889	0.12635	0.08907
0.0	0.0	0.0
0.06667	0.06667	0.04545
0.03333	0.03333	0.05
0.09278	0.0346	0.03512
0.0	0.0	0.0
0.6	0.14407	0.21845
0.05769	0.05769	0.02703
0.0	0.0	0.0
0.125	0.07347	0.0956
0.0	0.0	0.0
0.05128	0.01613	0.04342
0.17262	0.13336	0.10709
0.10909	0.09149	0.0758
0.05263	0.05263	0.06897
0.29927	0.15576	0.09101
0.875	0.875	0.82353
0.2381	0.20662	0.12679
0.01724	0.01724	0.02222
0.15254	0.09729	0.01868
0.05405	0.03619	0.03846
0.11321	0.06481	0.06408
0.06061	0.04203	0.04478
0.06335	0.04606	0.03355
0.06186	0.04158	0.06753
0.0	0.0	0.0
0.76471	0.76471	0.81818
0.21429	0.13425	0.06265
0.23729	0.13149	0.13022
0.0	0.0	0.0
0.13333	0.13333	0.11111
0.0354	0.02027	0.01371
0.3	0.24517	0.2113
0.07407	0.07407	0.03922
0.0	0.0	0.0
0.14286	0.14286	0.0
0.0202	0.0202	0.01562
1.0	0.3403	0.31183
0.0	0.0	0.0
0.04	0.03806	0.03571
0.0	0.0	0.0
0.25	0.19962	0.10855
0.0	0.0	0.0
0.01399	0.01399	0.01942
0.14286	0.14286	0.11111
0.125	0.08266	0.0258
0.22727	0.21225	0.12903
0.25	0.25	0.0
0.04348	0.04348	0.02083
0.20833	0.14069	0.14785
0.02326	0.02326	0.0
0.11321	0.11321	0.08333
0.33333	0.20262	0.22579
0.13492	0.07988	0.04756
0.0463	0.0463	0.04286
0.0625	0.04991	0.06518
0.09756	0.09756	0.03846
0.02041	0.00133	0.00217
0.09615	0.06298	0.03781
0.38462	0.15877	0.1741
0.05	0.05	0.06977
0.15333	0.13258	0.12655
0.0	0.0	0.0
0.15625	0.15625	0.08
0.2	0.10872	0.0699
0.04255	0.04255	0.03226
0.0	0.0	0.0
1.23077	1.23077	1.2
0.29825	0.17488	0.15659
0.06452	0.06452	0.05
0.10769	0.07049	0.05665
0.20588	0.18218	0.17475
0.08	0.00968	0.00717
0.06667	0.06667	0.04762
0.25301	0.16248	0.12814
0.06944	0.06944	0.03846
0.17742	0.05908	0.08798
0.03125	0.03125	0.0
0.0	0.0	0.0
0.4	0.4	0.35294
0.0	0.0	0.0
0.11111	0.11111	0.0
0.08	0.08	0.0
0.04082	0.04082	0.03125
0.1	0.0614	0.06713
0.02542	0.02542	0.01266
0.11111	0.09051	0.08592
0.19048	0.19048	0.16667
1.0	1.0	1.0
0.0	0.0	0.0
0.375	0.375	0.5
0.16495	0.09296	0.07356
0.42308	0.35712	0.3275
0.25455	0.17771	0.18249
0.29412	0.14012	0.11052
0.05	0.03271	0.00824
0.02703	0.02703	0.0
0.04651	0.04651	0.0625
0.0	0.0	0.0
0.04082	0.03472	0.04615
0.25	0.25	0.23529
0.18919	0.09154	0.10336
0.07821	0.06434	0.02151
0.0	0.0	0.0
0.0	0.0	0.0
0.25758	0.17301	0.1503
0.34	0.26066	0.23391
0.10526	0.06537	0.02017
0.51724	0.51724	0.55556
0.07143	0.02612	0.00123
0.08333	0.05511	0.08696
0.04	0.04	0.05556
0.03968	0.03827	0.03659
0.0	0.0	0.0
0.35593	0.28731	0.25089
0.18116	0.13804	0.13228
0.01685	0.00689	0.00949
0.05195	0.02934	0.02375
0.05607	0.03746	0.04135
0.13953	0.12079	0.08
0.05926	0.04205	0.04213
0.02174	0.02174	0.02778
0.28467	0.18837	0.17447
0.12766	0.10913	0.03528
0.42857	0.22632	0.18842
0.14286	0.07757	0.09675
0.14286	0.08455	0.08212
0.0303	0.0303	0.0
0.17476	0.10836	0.0977
0.15909	0.10666	0.13763
0.19512	0.0972	0.09539
0.2561	0.17074	0.1654
0.0	0.0	0.0
0.68421	0.59084	0.72121
0.08696	0.03013	0.0625
0.02857	0.02028	0.01505
0.17143	0.10048	0.08697
0.07143	0.053	0.06897
0.06849	0.05877	0.0449
1.0	0.6388	0.5645
0.29808	0.23946	0.20292
0.66667	0.18958	0.295
0.47222	0.33111	0.2707
0.09615	0.06669	0.05882
0.11111	0.09257	0.04031
0.275	0.15247	0.15122
0.0	0.0	0.0
0.05714	0.03317	0.00644
0.08377	0.06368	0.05168
0.05357	0.05357	0.04472
0.25532	0.16316	0.15237
0.06818	0.05957	0.0586
0.1875	0.18697	0.14286
0.0	0.0	0.0
0.0	0.0	0.0
0.17544	0.10243	0.07781
0.19231	0.12533	0.15107
0.0	0.0	0.0
0.02632	0.02632	0.0
0.53846	0.14392	0.24345
0.18182	0.05573	0.15525
0.13793	0.08093	0.08283
0.14286	0.02538	0.07607
0.25806	0.12429	0.05805
0.19231	0.19231	0.29412
0.17241	0.17241	0.26316
0.19444	0.11133	0.10081
0.58333	0.46058	0.46154
0.28125	0.11797	0.07452
0.0	0.0	0.0
0.45161	0.29868	0.15085
0.09589	0.07999	0.0542
0.2	0.15627	0.0984
0.0	0.0	0.0
0.14634	0.08832	0.07287
0.28571	0.10986	0.08438
0.0	0.0	0.0
0.08966	0.05617	0.04896
0.1831	0.08746	0.04767
0.16	0.13292	0.2
0.09091	0.04858	0.04746
0.26744	0.15659	0.12991
0.06	0.06	0.0597
0.25	0.25	0.25
0.30769	0.17496	0.20494
0.05172	0.02336	0.00866
0.08333	0.08333	0.05556
0.06897	0.02448	0.0016
0.1087	0.07083	0.05914
0.0625	0.0625	0.1
0.84211	0.71479	0.65885
0.09756	0.09756	0.04167
0.19481	0.1747	0.16098
0.05682	0.04289	0.03774
0.17419	0.10416	0.07265
0.375	0.19562	0.66667
0.47059	0.27421	0.35032
0.61538	0.26062	0.3258
0.13793	0.13793	0.11111
0.11538	0.06979	0.08012
0.01316	0.01316	0.01923
0.24324	0.17349	0.19967
0.024	0.01974	0.02381
0.06522	0.04295	0.03658
0.16129	0.1143	0.11241
0.40741	0.40741	0.4
0.06173	0.03823	0.0018
0.0	0.0	0.0
0.77778	0.74552	0.67281
0.07317	0.05112	0.0625
0.21875	0.14669	0.04691
0.33333	0.31797	0.3579
0.29268	0.27459	0.15207
0.16892	0.10095	0.10534
0.21154	0.17091	0.10359
0.11765	0.11765	0.08824
0.22148	0.12591	0.12013
0.0	0.0	0.0
0.16667	0.08633	0.10811
0.0	0.0	0.0
0.33333	0.043	0.0
0.15	0.09567	0.05249
0.03226	0.03226	0.0
0.15385	0.08467	0.08154
0.10294	0.06357	0.04167
0.14286	0.14286	0.16667
0.14943	0.08676	0.07942
0.05952	0.04954	0.03726
0.46154	0.44988	0.41459
0.01149	0.01149	0.0
0.10526	0.10526	0.0
0.05172	0.02698	0.02778
0.0	0.0	0.0
0.31977	0.28499	0.26571
0.06329	0.05778	0.05455
0.3	0.1565	0.15214
0.0	0.0	0.0
0.44444	0.19683	0.14991
0.02222	0.00287	0.0043
0.19718	0.10087	0.08616
0.08333	0.06356	0.03964
0.10185	0.08423	0.08121
0.13636	0.11584	0.12415
0.22581	0.14568	0.04435
0.1375	0.11774	0.07492
0.57895	0.29374	0.29167
0.04286	0.04286	0.03846
0.19231	0.14083	0.0921
0.03684	0.02921	0.02794
0.375	0.16538	0.1129
0.3125	0.22405	0.2101
0.33333	0.27503	0.19529
0.35135	0.23059	0.19146
0.2	0.1713	0.09578
0.02083	0.02083	0.03226
0.31429	0.15537	0.16487
0.08696	0.06802	0.03528
0.0	0.0	0.0
0.12	0.10388	0.00626
0.13846	0.11489	0.11502
0.08333	0.05825	0.0477
0.01923	0.01923	0.03226
0.2	0.10647	0.14112
0.08791	0.05195	0.05046
0.09877	0.09877	0.0566
0.0	0.0	0.0
0.0	0.0	0.0
0.08	0.08	0.05556
0.33333	0.33333	0.35
0.0	0.0	0.0
0.0875	0.06432	0.05783
0.09459	0.09459	0.08511
0.10638	0.08338	0.08824
0.0625	0.02066	0.04762
0.12329	0.07378	0.05398
0.27326	0.19112	0.16793
0.72727	0.31091	0.17744
0.19811	0.16008	0.11642
0.04651	0.018	0.02291
0.01852	0.01852	0.0
0.01266	0.01266	0.0
0.14286	0.14286	0.05882
0.28571	0.22629	0.16
0.03261	0.03261	0.03125
0.0	0.0	0.0
0.06977	0.06977	0.05263
0.10959	0.07975	0.08412
0.01176	0.01176	0.01639
0.20556	0.14508	0.08709
0.03571	0.03571	0.05556
0.0	0.0	0.0
0.07143	0.07143	0.04762
0.09091	0.09091	0.04762
0.03252	0.03252	0.03614
0.13043	0.07551	0.0512
0.04861	0.0354	0.03332
0.0	0.0	0.0
0.0	0.0	0.0
0.0	0.0	0.0
0.09859	0.07611	0.05781
0.30814	0.23499	0.2262
0.21951	0.16288	0.15385
0.04348	0.04348	0.0
0.0	0.0	0.0
0.20588	0.1614	0.17312
0.3871	0.30126	0.32918
0.0274	0.0159	0.00358
0.01408	0.01408	0.0
0.33333	0.293	0.215
0.04545	0.0308	0.0246
0.41667	0.41667	0.375
0.39216	0.20339	0.22149
0.21176	0.15408	0.15816
0.0	0.0	0.0
0.0	0.0	0.0
0.13298	0.09848	0.06451
0.03497	0.02076	0.0232
0.08442	0.06577	0.03296
0.07229	0.04159	0.05604
0.0875	0.03771	0.02407
0.33333	0.33333	0.33333
0.15068	0.11667	0.03888
0.0	0.0	0.0
0.24	0.15996	0.23529
0.26087	0.15672	0.14719
0.19588	0.10626	0.132
0.23645	0.20484	0.17904
0.04878	0.03738	0.03636
0.03704	0.03704	0.0
0.06897	0.06897	0.06061
0.04908	0.04107	0.02892
0.0	0.0	0.0
0.0	0.0	0.0
0.05882	0.05882	0.04167
0.0	0.0	0.0
0.22059	0.1186	0.10616
0.17308	0.15819	0.10753
0.0	0.0	0.0
0.04762	0.04762	0.0
0.08696	0.08696	0.0
0.14286	0.08064	0.0129
0.0	0.0	0.0
0.17708	0.08469	0.05908
0.04895	0.03531	0.03661
0.85714	0.22129	0.1774
0.23333	0.23333	0.19048
0.04444	0.04444	0.03571
0.08046	0.01874	0.01395
0.0	0.0	0.0
0.30303	0.17352	0.21371
0.0	0.0	0.0
0.36601	0.23467	0.19213
0.05556	0.00361	0.00542
0.08219	0.07026	0.05455
0.23171	0.0948	0.08738
0.19595	0.12424	0.12025
0.03911	0.02964	0.01893
0.0	0.0	0.0
0.55556	0.31167	0.23633
0.14706	0.14706	0.15789
0.15152	0.12464	0.10322
0.05128	0.02646	0.03969
0.15686	0.08476	0.08521
0.42857	0.23843	0.12173
0.14634	0.11212	0.09524
0.16667	0.16667	0.0
0.09709	0.06733	0.0593
0.11111	0.11111	0.1
0.08696	0.05978	0.05317
0.0	0.0	0.0
0.02703	0.02703	0.0
0.11194	0.07884	0.03734
0.33333	0.14736	0.10491
0.2	0.0694	0.25
0.25	0.13889	0.09862
0.44048	0.39729	0.33588
0.08642	0.07069	0.05377
0.04839	0.03434	0.02688
0.05263	0.03	0.02957
0.0	0.0	0.0
0.23596	0.16545	0.19116
0.09859	0.06634	0.06194
0.0	0.0	0.0
0.19512	0.19512	0.16364
0.40113	0.30609	0.29532
0.24615	0.17965	0.1239
0.07609	0.07609	0.04918
0.0	0.0	0.0
1.54545	1.46918	1.59443
0.5	0.336	0.14286
0.15714	0.1031	0.0731
0.07639	0.05847	0.05464
0.125	0.125	0.07317
0.0	0.0	0.0
0.22289	0.1473	0.11262
0.17778	0.11829	0.07566
0.04706	0.03738	0.0369
0.1625	0.05828	0.0731
0.07143	0.04165	0.03503
0.34211	0.26839	0.18991
0.1	0.1	0.07407
0.0	0.0	0.0
0.24648	0.20673	0.18895
0.09174	0.08656	0.05735
0.07432	0.06844	0.07816
0.66667	0.66667	0.66667
0.21429	0.21429	0.28571
0.03077	0.01142	0.01631
0.0	0.0	0.0
0.05333	0.04452	0.04348
0.19355	0.16545	0.05
0.01754	0.01754	0.02326
0.4507	0.37097	0.27909
0.12857	0.06451	0.04187
0.04598	0.02336	0.04918
0.15957	0.07413	0.03456
0.10714	0.07257	0.10526
0.3	0.1863	0.13277
0.16667	0.09987	0.0854
0.07143	0.07143	0.04762
0.16949	0.07463	0.06141
0.12727	0.07875	0.08692
0.01299	0.01299	0.01923
0.0	0.0	0.0
0.05882	0.05882	0.0
0.13158	0.08192	0.07585
0.0	0.0	0.0
0.11268	0.0911	0.09325
0.26316	0.26316	0.18182
0.32353	0.12688	0.09808
0.16788	0.14304	0.10813
0.0	0.0	0.0
0.02564	0.02564	0.0
0.0	0.0	0.0
0.17391	0.09535	0.07018
0.4	0.2903	0.03229
0.16129	0.08787	0.05731
0.02344	0.01953	0.0119
0.07407	0.04181	0.0
0.04478	0.03178	0.02273
0.25	0.20885	0.159
0.07353	0.03369	0.04874
0.11475	0.08384	0.09605
0.12121	0.09679	0.04704
0.34286	0.18943	0.15013
0.33333	0.19855	0.21026
0.30496	0.26779	0.21729
0.21277	0.18977	0.15236
0.20833	0.13304	0.09549
0.08889	0.08889	0.06897
0.17164	0.10496	0.09032
0.13043	0.02874	0.08757
0.09756	0.05429	0.04379
0.13514	0.13514	0.17391
0.01064	0.01064	0.0
0.25281	0.16745	0.14685
0.07895	0.07173	0.07112
0.11321	0.05113	0.05182
0.08929	0.07373	0.05914
0.04054	0.034	0.0304
0.22222	0.12247	0.07383
0.19497	0.15704	0.1632
0.03448	0.02002	0.02789
0.125	0.08323	0.06275
0.04762	0.0313	0.03671
0.02941	0.02941	0.02326
0.08333	0.08333	0.05882
0.11111	0.11111	0.04762
0.01961	0.01961	0.02857
0.11	0.06533	0.04738
0.15044	0.12675	0.08662
0.17986	0.10422	0.07757
0.02609	0.01823	0.01354
0.14545	0.09662	0.0495
0.03448	0.02539	0.01754
0.1125	0.07864	0.05629
0.5625	0.30547	0.18012
0.1269	0.10152	0.1032
0.17143	0.17143	0.21739
0.9375	0.34875	0.4499
0.0	0.0	0.0
0.0	0.0	0.0
0.53846	0.47892	0.52825
0.03571	0.00461	0.00645
0.125	0.07442	0.06015
0.09302	0.03074	0.03571
0.04762	0.01843	0.0
0.16176	0.12144	0.08889
0.63636	0.63636	0.75
0.40146	0.33717	0.30268
0.07229	0.0381	0.02192
0.0	0.0	0.0
0.54545	0.54545	0.66667
0.13333	0.10217	0.13932
0.25806	0.18801	0.18158
0.04494	0.01451	0.01667
0.13889	0.13172	0.09722
0.14667	0.04968	0.05363
0.22449	0.15637	0.12903
0.05682	0.05682	0.05882
0.06748	0.04503	0.04717
0.01087	0.01087	0.01786
0.08911	0.07139	0.0559
0.5	0.41667	0.42758
0.13725	0.10705	0.10859
0.27778	0.18817	0.1895
0.0	0.0	0.0
0.05128	0.00579	0.00837
0.14286	0.11367	0.10967
0.16667	0.10531	0.09492
0.02564	0.01447	0.01695
0.07619	0.05315	0.07556
0.51852	0.51852	0.41176
0.53061	0.36471	0.391
0.43243	0.33808	0.26396
0.16667	0.10554	0.06265
0.11613	0.06796	0.06168
0.13793	0.09677	0.04198
0.04651	0.04164	0.01538
0.01587	0.01587	0.0
0.11321	0.09221	0.0553
0.03226	0.03226	0.04545
0.06618	0.04259	0.02655
0.12	0.07791	0.06208
0.21429	0.1475	0.09682
0.20833	0.15792	0.0901
0.0	0.0	0.0
0.34483	0.29979	0.23966
0.0	0.0	0.0
0.05882	0.00382	0.00542
0.47917	0.25104	0.34675
0.12598	0.11557	0.0814
0.05	0.05	0.0
0.05263	0.05263	0.03774
0.04592	0.04592	0.03759
0.0	0.0	0.0
0.04839	0.04839	0.04444
0.05263	0.05263	0.05714
0.12903	0.07335	0.05096
0.01887	0.01887	0.0
0.01299	0.01299	0.00962
0.05172	0.02864	0.00438
0.04217	0.04217	0.04425
1.0	0.242	0.629
0.57143	0.57143	0.5
0.27273	0.17595	0.12435
0.09756	0.08339	0.0513
0.21212	0.21212	0.20455
0.06742	0.03117	0.0705
0.16667	0.13439	0.0
0.17526	0.1031	0.08344
0.0566	0.04017	0.02778
0.09524	0.06426	0.0703
0.2561	0.21185	0.17824
0.08333	0.06433	0.08197
0.07229	0.04782	0.01972
0.32143	0.25348	0.24912
0.72	0.31036	0.23973
0.05195	0.02305	0.01336
0.0	0.0	0.0
0.0	0.0	0.0
0.08108	0.04143	0.09833
0.15789	0.07384	0.02687
0.2	0.13942	0.12903
0.01852	0.00757	0.01107
0.05882	0.02372	0.01495
0.30769	0.15651	0.11454
0.09474	0.07199	0.05568
0.44444	0.19167	0.172
0.14706	0.10153	0.16667
0.30556	0.13711	0.05416
0.25	0.25	0.16667
0.04545	0.03592	0.02564
0.08333	0.08333	0.09091
0.11111	0.09811	0.125
0.02098	0.01726	0.02273
0.27473	0.20277	0.19112
0.5	0.46957	0.43303
0.08108	0.05841	0.07143
0.0	0.0	0.0
0.27941	0.20944	0.15709
0.5	0.5	0.5
0.11321	0.08156	0.07595
0.02778	0.02778	0.04167
0.16	0.16	0.125
0.01538	0.0072	0.02703
0.04348	0.04348	0.0303
0.1223	0.08517	0.04419
0.67742	0.53539	0.50635
0.0	0.0	0.0
0.125	0.08871	0.125
0.14894	0.08753	0.0625
0.0	0.0	0.0
0.12121	0.06745	0.05838
0.08824	0.05976	0.08333
0.2029	0.0893	0.12081
0.18421	0.12905	0.08129
0.20561	0.1248	0.11805
0.0	0.0	0.0
0.2	0.1903	0.09524
0.28814	0.19081	0.13133
0.17241	0.14738	0.0637
0.10909	0.08798	0.10526
0.05556	0.05556	0.08333
0.0566	0.0566	0.0
0.39024	0.27932	0.36346
0.08	0.05388	0.03571
0.14286	0.14286	0.16667
0.6	0.35807	0.29327
0.03738	0.0128	0.01877
0.11628	0.08514	0.0625
0.01053	0.01053	0.01389
1.5	0.734	2.129
0.12088	0.09253	0.05729
0.15789	0.15789	0.08333
0.05208	0.05208	0.03077
0.03947	0.02887	0.02596
0.15254	0.13669	0.16821
0.0	0.0	0.0
0.46429	0.23618	0.17911
0.11864	0.07575	0.07825
0.16216	0.11032	0.04
0.12941	0.11993	0.06638
0.28571	0.2385	0.38344
0.03448	0.03282	0.03448
0.0	0.0	0.0
0.19048	0.14824	0.14632
0.0	0.0	0.0
0.13725	0.07496	0.06094
0.12195	0.09915	0.09288
0.11765	0.07519	0.07117
0.0	0.0	0.0
0.01754	0.01754	0.02632
0.0	0.0	0.0
0.0	0.0	0.0
0.05263	0.03078	0.0064
0.09375	0.05997	0.04545
0.0	0.0	0.0
0.08333	0.05583	0.04545
0.1123	0.08402	0.08731
0.11905	0.11905	0.11538
0.0	0.0	0.0
0.15957	0.12972	0.05395
0.03797	0.02818	0.0
0.0	0.0	0.0
0.10714	0.10714	0.04762
0.26389	0.24194	0.22392
1.4	1.026	1.0
0.03448	0.03448	0.02778
0.09375	0.06856	0.08696
0.14286	0.11157	0.09016
0.33333	0.2811	0.1484
0.26471	0.15609	0.0658
0.08065	0.05748	0.04574
0.01739	0.01739	0.01351
0.08527	0.07977	0.05644
0.09375	0.0693	0.07187
0.05634	0.04862	0.03774
0.0	0.0	0.0
0.0	0.0	0.0
0.10256	0.05003	0.0387
0.12766	0.10845	0.10769
0.0	0.0	0.0
0.24138	0.06621	0.08383
0.0	0.0	0.0
0.77778	0.77778	0.6
0.08772	0.06585	0.04237
0.44444	0.24017	0.30791
0.0	0.0	0.0
0.0	0.0	0.0
0.11321	0.0706	0.08571
0.17164	0.12351	0.11793
0.3	0.27418	0.28571
0.04545	0.02639	0.00537
0.0	0.0	0.0
0.58333	0.25275	0.0226
0.21519	0.10618	0.08274
0.09091	0.09091	0.07692
0.14286	0.09962	0.04402
0.22105	0.21307	0.22831
0.09917	0.05972	0.0604
0.05	0.05	0.03333
0.06	0.06	0.0
0.09043	0.07885	0.06621
0.09649	0.05208	0.01425
0.0	0.0	0.0
0.51515	0.51515	0.52381
0.01818	0.01818	0.02778
0.10345	0.09205	0.10811
0.05172	0.03338	0.025
0.02959	0.02959	0.01835
0.17073	0.17073	0.13462
0.22222	0.11609	0.09054
0.18182	0.06164	0.0
0.0	0.0	0.0
0.33333	0.059	0.0885
0.1	0.1	0.18182
0.0303	0.01451	0.0313
0.0125	0.0125	0.01923
0.08036	0.06553	0.0419
0.09677	0.03432	0.05263
0.44776	0.41694	0.38638
0.33333	0.214	0.1387
0.1	0.1	0.18182
0.16129	0.16129	0.15
0.09524	0.07143	0.09091
0.07692	0.06121	0.04568
0.10345	0.05702	0.05958
0.24359	0.20801	0.18433
0.21053	0.12058	0.07377
0.0	0.0	0.0
0.0	0.0	0.0
0.05882	0.05882	0.03571
0.125	0.11525	0.12121
0.05988	0.04105	0.03357
0.57143	0.2949	0.30967
0.07353	0.05313	0.03163
0.0	0.0	0.0
0.03846	0.03287	0.01395
0.08989	0.08989	0.08475
0.0	0.0	0.0
0.07576	0.01052	0.00951
0.03822	0.01726	0.02182
0.1	0.04087	0.01329
0.5	0.5	0.5
0.0	0.0	0.0
0.0274	0.02011	0.01961
0.08824	0.05171	0.04545
0.0	0.0	0.0
0.03529	0.01898	0.03226
0.03125	0.03125	0.02703
0.14599	0.08347	0.05197
0.23077	0.05085	0.12189
0.375	0.13512	0.10973
0.52083	0.40088	0.32489
0.12857	0.08561	0.05981
0.04225	0.02954	0.02285
0.27273	0.20333	0.15417
0.0	0.0	0.0
0.17708	0.12838	0.12706
0.21212	0.18379	0.12771
0.28477	0.20252	0.20491
0.11111	0.09348	0.06976
0.13333	0.0452	0.0
0.16774	0.11603	0.10566
0.14286	0.07513	0.10888
0.14925	0.11699	0.11308
0.15909	0.05389	0.02132
0.35	0.35	0.33333
0.0411	0.03381	0.0339
0.09016	0.06214	0.05949
0.10615	0.05577	0.05587
0.22857	0.20277	0.20833
0.15152	0.07479	0.0603
0.11702	0.07996	0.06389
0.0	0.0	0.0
0.21	0.12549	0.08824
0.0	0.0	0.0
0.01852	0.01852	0.02632
0.0	0.0	0.0
0.02439	0.02439	0.0
0.28125	0.25403	0.2
0.04545	0.04545	0.04
0.22222	0.22222	0.3
0.05405	0.05405	0.04167
0.26087	0.13187	0.13947
0.0	0.0	0.0
0.21053	0.14126	0.1063
0.18966	0.13376	0.0645
0.0	0.0	0.0
0.0	0.0	0.0
0.0099	0.0099	0.01471
0.2459	0.16684	0.08378
0.07407	0.07407	0.07143
0.10366	0.06757	0.0735
0.39286	0.23336	0.27714
0.06897	0.03082	0.02192
0.2	0.14808	0.0829
0.15385	0.09191	0.07398
0.14607	0.1158	0.10119
0.07407	0.02333	0.04762
0.26316	0.19695	0.15881
0.23077	0.12592	0.0625
0.05714	0.05714	0.03571
0.09195	0.07509	0.02614
0.64286	0.48846	0.46417
0.03448	0.03448	0.03226
0.64	0.22584	0.18367
0.18	0.13772	0.09876
0.05825	0.04949	0.03947
0.05263	0.03277	0.00724
0.12575	0.06791	0.06784
0.19048	0.18384	0.14634
0.02439	0.01868	0.03922
0.05263	0.02095	0.02703
0.31579	0.11884	0.1245
0.0241	0.0241	0.0
0.0	0.0	0.0
0.11111	0.06272	0.08333
0.0	0.0	0.0
0.28571	0.28571	0.25
0.11111	0.08663	0.11111
0.07759	0.02891	0.03801
0.05556	0.03883	0.00277
0.1	0.1	0.0
0.0303	0.01711	0.02439
0.08621	0.05619	0.05302
0.17117	0.09868	0.08111
0.0	0.0	0.0
0.0625	0.0625	0.06452
0.13402	0.08246	0.06186
0.08571	0.08571	0.04348
0.1875	0.09581	0.22222
0.6	0.30647	0.20974
0.16084	0.12294	0.15885
0.14444	0.09193	0.06182
0.11765	0.09771	0.04167
0.33333	0.33333	0.3
0.15979	0.15081	0.15404
0.17	0.15661	0.14706
0.45	0.16972	0.26115
0.28261	0.22277	0.1678
0.03311	0.03311	0.03261
0.73333	0.73333	0.7
0.0	0.0	0.0
0.125	0.1	0.09375
0.09091	0.06305	0.05754
0.23711	0.1949	0.18893
0.26357	0.19383	0.21204
0.25	0.25	0.28571
0.01316	0.01316	0.01111
1.0	0.56467	0.6388
0.0	0.0	0.0
0.15556	0.15556	0.09978
0.08163	0.05398	0.00519
0.0	0.0	0.0
0.66667	0.55053	0.5161
0.17204	0.11065	0.09047
0.0	0.0	0.0
0.0	0.0	0.0
0.31944	0.28518	0.29914
0.07071	0.05148	0.03079
0.13636	0.13636	0.16667
0.0	0.0	0.0
0.50794	0.47925	0.45602
0.0303	0.00391	0.00561
0.12698	0.0709	0.04224
0.22581	0.19458	0.21739
0.51429	0.4894	0.44516
0.19231	0.08594	0.085
0.20721	0.16072	0.11387
0.04959	0.02306	0.02448
0.0	0.0	0.0
1.0	1.0	1.0
0.0339	0.02597	0.05405
0.11321	0.05692	0.07238
0.51613	0.39413	0.47811
0.19512	0.14137	0.12064
0.07273	0.03109	0.02778
0.13014	0.09059	0.0818
0.0	0.0	0.0
1.0	0.411	0.3806
0.03774	0.00883	0.03528
0.03571	0.02837	0.03311
0.05	0.00445	0.00241
0.23077	0.10464	0.04516
0.09836	0.0468	0.06966
0.13333	0.12366	0.07561
0.04286	0.03041	0.0028
0.13043	0.10577	0.06887
0.2766	0.1606	0.04577
0.24138	0.08403	0.11455
0.21687	0.14208	0.12905
0.18391	0.17161	0.16759
0.2	0.11882	0.13653
0.0	0.0	0.0
0.44444	0.25456	0.01083
0.10127	0.09065	0.05747
0.0	0.0	0.0
0.48485	0.46873	0.3913
0.04444	0.03047	0.06061
0.11628	0.07691	0.04216
0.35714	0.24079	0.1065
0.45238	0.45238	0.43333
0.0274	0.0274	0.04082
0.11111	0.11111	0.14286
0.33333	0.15944	0.1193
0.0	0.0	0.0
0.27778	0.13617	0.01464
0.0	0.0	0.0
0.18182	0.16765	0.14105
0.0	0.0	0.0
0.28571	0.28571	0.25
0.13208	0.0767	0.07918
0.18571	0.11936	0.09773
0.25806	0.08485	0.04417
0.0	0.0	0.0
0.09804	0.02577	0.02182
0.15517	0.13848	0.11981
0.09796	0.08242	0.06101
0.37037	0.37037	0.4
0.45238	0.33295	0.29352
0.16107	0.13077	0.11016
0.15789	0.11205	0.16377
0.09091	0.09091	0.05556
0.10784	0.09298	0.06036
0.11039	0.1061	0.08749
0.0	0.0	0.0
0.14286	0.10138	0.15207
0.04494	0.04494	0.01639
0.0177	0.0177	0.0125
0.08955	0.06307	0.03188
0.16794	0.10108	0.09639
0.13333	0.12236	0.06585
0.44444	0.26344	0.07517
0.32143	0.32143	0.32353
0.03125	0.02369	0.02336
0.29167	0.26075	0.11158
0.0	0.0	0.0
0.17204	0.11047	0.09603
0.0	0.0	0.0
0.10345	0.0445	0.00391
0.41333	0.18571	0.14378
0.08333	0.04707	0.0517
0.21429	0.09214	0.03222
0.0	0.0	0.0
0.52	0.52	0.52381
0.23529	0.13429	0.0761
0.22034	0.21132	0.19444
0.17857	0.17857	0.21053
0.0	0.0	0.0
0.02564	0.02564	0.03571
0.2043	0.15783	0.14644
0.44086	0.42144	0.39655
0.27273	0.18216	0.15472
0.14583	0.07712	0.06222
0.28571	0.28571	0.25
0.02857	0.02857	0.02083
0.45455	0.21109	0.29029
0.05556	0.05556	0.08333
0.0	0.0	0.0
0.07143	0.07143	0.11111
0.33333	0.20025	0.13407
1.0	1.0	1.0
0.30233	0.18079	0.09213
0.03571	0.00346	0.00462
0.06731	0.03473	0.03604
0.30189	0.20543	0.22627
0.14085	0.10757	0.05582
0.0	0.0	0.0
0.45455	0.31595	0.33929
0.19828	0.18702	0.13525
0.125	0.07287	0.03594
0.08333	0.06956	0.09677
0.12651	0.10941	0.11232
0.26154	0.17645	0.11695
0.05618	0.03661	0.01779
0.2381	0.2381	0.26667
0.04878	0.04878	0.06452
0.45455	0.45455	0.45455
0.02703	0.02703	0.0
0.19444	0.14875	0.13465
0.05618	0.04404	0.03877
0.0	0.0	0.0
0.0	0.0	0.0
0.17857	0.17857	0.17949
0.0	0.0	0.0
0.0	0.0	0.0
0.21918	0.16041	0.148
0.11667	0.07098	0.0755
0.15789	0.09126	0.05437
0.03846	0.03846	0.02703
0.0	0.0	0.0
0.0	0.0	0.0
0.2	0.07322	0.08679
0.26667	0.19069	0.10719
0.11504	0.05709	0.04898
0.0	0.0	0.0
0.0	0.0	0.0
0.0	0.0	0.0
0.14943	0.09009	0.05998
0.04575	0.04069	0.02204
0.13072	0.06895	0.03569
0.16667	0.14672	0.07445
0.27778	0.14511	0.107
0.0	0.0	0.0
0.0	0.0	0.0
0.13333	0.07172	0.05697
0.66667	0.66667	0.77778
0.0	0.0	0.0
0.09524	0.09524	0.07143
0.48276	0.35931	0.283
0.57895	0.55434	0.54437
0.10959	0.1023	0.06383
0.2	0.15	0.14286
0.09091	0.05573	0.06588
0.0	0.0	0.0
0.52381	0.26195	0.24569
0.05263	0.05263	0.08333
0.05	0.05	0.06667
0.08197	0.03649	0.02764
0.0	0.0	0.0
0.1028	0.07552	0.04815
0.09735	0.0675	0.05335
0.24265	0.1269	0.07943
0.27007	0.2416	0.23228
0.22059	0.1601	0.14343
0.25926	0.09381	0.15965
0.09524	0.03229	0.03897
0.12418	0.07591	0.06114
0.08621	0.08621	0.05263
0.09877	0.05636	0.04281
0.08247	0.07309	0.03109
0.15068	0.07755	0.07273
0.41429	0.26406	0.30393
0.0	0.0	0.0
0.34328	0.21185	0.13369
0.17391	0.10309	0.01135
0.01613	0.01613	0.02857
0.34091	0.21923	0.28776
0.19403	0.16321	0.15753
0.0	0.0	0.0
0.14035	0.09847	0.08918
0.0	0.0	0.0
0.0	0.0	0.0
0.0	0.0	0.0
0.15625	0.07209	0.05864
0.0	0.0	0.0
0.22314	0.10598	0.08873
0.07692	0.04095	0.03438
0.10769	0.10769	0.11111
0.42105	0.29711	0.29264
0.07843	0.02878	0.03559
0.1	0.1	0.0
0.22785	0.22785	0.23529
0.46341	0.33556	0.35534
0.33333	0.33333	0.33333
0.25	0.1485	0.10821
0.19512	0.13295	0.11538
0.38776	0.3318	0.29992
0.07937	0.03379	0.051
0.11538	0.0766	0.08783
0.75	0.5605	0.242
0.12903	0.07855	0.05117
0.21053	0.21053	0.14706
0.0	0.0	0.0
0.88889	0.68456	0.59443
0.19565	0.13954	0.10684
0.15625	0.09878	0.00767
0.13333	0.11613	0.07964
0.05263	0.05263	0.08333
0.02857	0.02857	0.04167
0.375	0.16332	0.12459
0.13889	0.07842	0.02688
0.07487	0.06538	0.05723
0.30882	0.24812	0.2577
0.19079	0.16384	0.17479
0.0	0.0	0.0
0.0	0.0	0.0
0.07143	0.07143	0.0
0.0	0.0	0.0
0.0	0.0	0.0
0.50704	0.36485	0.28588
0.48485	0.21115	0.14964
0.0	0.0	0.0
0.04444	0.02293	0.00097
0.01923	0.01923	0.0
0.15789	0.15789	0.08333
0.0	0.0	0.0
0.0	0.0	0.0
0.01852	0.01135	0.0
0.22727	0.15248	0.06735
0.16327	0.13562	0.0977
0.07692	0.00992	0.0129
0.09091	0.09091	0.08
0.12088	0.06167	0.03841
0.19027	0.18227	0.1769
0.06849	0.06849	0.07273
0.04545	0.02328	0.0255
0.01724	0.01724	0.025
0.1875	0.15967	0.12771
0.06557	0.05182	0.02764
0.03922	0.03922	0.02703
0.15966	0.09108	0.08374
0.11111	0.05068	0.03112
0.0	0.0	0.0
0.096	0.07755	0.07248
0.04444	0.02426	0.034
0.35	0.30325	0.31293
0.17391	0.17391	0.14286
0.33333	0.14333	0.14286
0.0	0.0	0.0
0.31579	0.27843	0.28125
0.14136	0.10648	0.05194
0.01852	0.01852	0.02703
0.0	0.0	0.0
0.22857	0.13826	0.09386
0.75	0.67742	0.8
0.09	0.09	0.08108
0.07692	0.07692	0.04762
0.2	0.09633	0.09827
0.0	0.0	0.0
0.17778	0.09247	0.08719
0.13636	0.10575	0.07605
0.03659	0.01437	0.02002
0.70588	0.43076	0.45878
0.18018	0.11132	0.11247
0.03289	0.02716	0.01869
0.0678	0.0678	0.05405
0.45161	0.30074	0.30513
0.175	0.12138	0.0425
0.15385	0.12053	0.08767
0.28571	0.22965	0.21945
0.42282	0.4028	0.35327
0.0	0.0	0.0
0.5	0.28995	0.4253
0.36232	0.29525	0.21877
0.23457	0.16486	0.13409
0.07386	0.05636	0.0175
0.1875	0.1215	0.14286
0.23529	0.06547	0.07313
0.18182	0.18182	0.14286
0.07937	0.04967	0.06307
0.0	0.0	0.0
0.20588	0.11006	0.091
0.06803	0.03808	0.03011
0.2037	0.13231	0.07583
0.15942	0.14612	0.14445
0.175	0.0734	0.09022
0.10769	0.07766	0.06791
0.06	0.03548	0.06745
0.0	0.0	0.0
0.0	0.0	0.0
0.0	0.0	0.0
0.3578	0.25824	0.19121
0.05455	0.04311	0.02357
0.26506	0.16889	0.13018
0.0	0.0	0.0
0.25	0.16757	0.08842
0.04545	0.04545	0.0
0.63636	0.63636	0.57143
0.11765	0.06133	0.04525
0.08065	0.08065	0.025
0.18644	0.1271	0.10565
0.22222	0.15411	0.07658
0.21739	0.0712	0.07957
0.09859	0.05018	0.03294
0.08511	0.08511	0.03226
0.34615	0.14581	0.14897
0.02667	0.02667	0.03846
0.09434	0.07791	0.05754
0.25714	0.20291	0.18651
0.4	0.1033	0.113
0.17105	0.08617	0.02563
0.04762	0.0031	0.00433
0.0	0.0	0.0
0.0	0.0	0.0
0.01786	0.00902	0.01802
0.29508	0.23903	0.18011
0.1068	0.08894	0.057
0.05455	0.02171	0.00485
0.13636	0.08982	0.05967
0.0	0.0	0.0
0.16667	0.16667	0.14583
0.1831	0.1831	0.12195
0.09195	0.09195	0.09091
0.19512	0.08773	0.11936
0.15385	0.15385	0.11111
0.10667	0.05634	0.06574
0.07547	0.03075	0.02878
0.32	0.26582	0.25806
0.0	0.0	0.0
0.12	0.08644	0.12349
0.0	0.0	0.0
0.23529	0.12476	0.09872
0.0	0.0	0.0
0.14815	0.12007	0.19071
0.03571	0.03571	0.0
0.12121	0.07429	0.09222
0.05369	0.03681	0.04338
0.0	0.0	0.0
0.0	0.0	0.0
0.23077	0.08315	0.18443
0.2381	0.14875	0.13998
0.04167	0.04167	0.0
0.01695	0.01695	0.01316
0.83333	0.31717	0.271
0.25333	0.13507	0.11074
0.0	0.0	0.0
0.68421	0.58574	0.586
0.1405	0.10783	0.09851
0.5	0.39521	0.14971
0.0	0.0	0.0
0.27907	0.23237	0.2707
0.08333	0.08333	0.1
0.21739	0.08135	0.07494
0.075	0.052	0.03704
0.08824	0.06547	0.09091
0.04	0.04	0.03125
0.30769	0.16623	0.1161
0.09615	0.03133	0.03043
0.25	0.09675	0.125
0.0	0.0	0.0
0.0	0.0	0.0
0.12821	0.12821	0.10714
0.21875	0.17391	0.1387
0.0	0.0	0.0
0.08974	0.06958	0.05526
0.16216	0.08892	0.09271
0.09524	0.06376	0.07692
0.19355	0.09574	0.0599
0.14388	0.0969	0.06224
0.06349	0.06349	0.05405
0.12245	0.09318	0.06956
0.07547	0.04179	0.03441
0.0	0.0	0.0
0.2	0.15936	0.05282
0.09524	0.07143	0.09091
0.08333	0.08333	0.06349
0.1411	0.1131	0.07473
0.28571	0.25232	0.16667
0.18605	0.12098	0.13153
0.5	0.46035	0.44309
0.13415	0.0835	0.08125
0.0	0.0	0.0
0.0	0.0	0.0
0.0	0.0	0.0
0.5	0.3495	0.3495
0.07692	0.07692	0.09091
0.0	0.0	0.0
0.05	0.05	0.07407
0.06977	0.04614	0.00487
0.45833	0.3535	0.24069
0.0	0.0	0.0
0.0678	0.06286	0.02632
0.7	0.4082	0.2776
0.13333	0.13333	0.09091
0.14286	0.09676	0.07117
0.0	0.0	0.0
0.05917	0.04886	0.05481
0.72	0.31612	0.28494
0.0531	0.04525	0.01299
1.0	0.35075	0.177
0.33333	0.21738	0.11158
0.07407	0.05676	0.02778
0.10145	0.08929	0.10706
0.14815	0.05259	0.00433
0.40625	0.17537	0.09214
0.21311	0.13908	0.10874
0.07317	0.05468	0.04777
0.09756	0.056	0.03309
0.11111	0.08264	0.09275
0.21176	0.14804	0.10155
0.11765	0.07856	0.05724
0.19048	0.01462	0.00746
0.11111	0.11111	0.06122
0.0	0.0	0.0
0.0125	0.00161	0.00258
0.0	0.0	0.0
0.08081	0.06647	0.04762
0.07477	0.0392	0.02697
0.07143	0.07143	0.04762
0.09091	0.07482	0.07692
0.05882	0.05882	0.01786
0.19048	0.15707	0.10946
0.08163	0.07851	0.03333
0.03226	0.03226	0.0
0.19231	0.09304	0.05556
0.0	0.0	0.0
0.21739	0.19915	0.10537
0.58333	0.49956	0.447
0.17368	0.11002	0.07413
0.06667	0.03677	0.04839
0.11765	0.06641	0.03363
0.04167	0.02352	0.02857
0.02128	0.02128	0.0
0.08163	0.05531	0.04452
0.07692	0.07692	0.10526
0.0	0.0	0.0
0.125	0.04916	0.03786
0.13725	0.12161	0.12121
0.01408	0.01408	0.02083
0.08	0.01936	0.02689
0.13812	0.10657	0.07125
0.0	0.0	0.0
0.02564	0.02564	0.04
0.38596	0.30619	0.3484
0.0	0.0	0.0
0.02941	0.00571	0.00776
0.0	0.0	0.0
0.14286	0.11905	0.09091
0.26446	0.16102	0.16699
0.15625	0.10131	0.0113
0.14925	0.12518	0.0994
0.45238	0.39438	0.36887
0.09434	0.05555	0.07097
1.5	0.734	2.129
0.0	0.0	0.0
0.0	0.0	0.0
0.0	0.0	0.0
0.28571	0.22404	0.25047
0.07692	0.04199	0.01843
0.1215	0.06964	0.04503
0.28571	0.22604	0.21482
0.03529	0.03529	0.01786
0.33333	0.059	0.0885
0.04545	0.04545	0.06667
0.15254	0.08751	0.07092
0.17647	0.09015	0.01075
0.19626	0.19053	0.16486
0.14286	0.106	0.07039
1.0	0.454	0.39525
0.08511	0.06384	0.05209
0.0122	0.00649	0.01923
0.25352	0.17492	0.11678
0.24051	0.20213	0.15637
0.0	0.0	0.0
0.21429	0.15207	0.0129
0.28125	0.23238	0.22584
0.16667	0.09537	0.05607
0.26316	0.21391	0.13627
0.11818	0.11818	0.12162
0.0	0.0	0.0
0.0	0.0	0.0
0.05455	0.04487	0.05405
0.25191	0.23356	0.18391
0.11538	0.08373	0.06195
0.18182	0.06164	0.0
0.04348	0.04348	0.04255
0.18182	0.18182	0.0
0.35593	0.25425	0.33717
0.14035	0.07156	0.05556
0.0	0.0	0.0
0.29508	0.25356	0.31866
0.0	0.0	0.0
0.05455	0.0352	0.05
0.21951	0.09051	0.02047
0.14286	0.13071	0.1087
0.21649	0.1796	0.16337
0.19444	0.14082	0.07796
0.13913	0.09383	0.1129
0.17857	0.08986	0.07811
0.19512	0.15991	0.16064
0.01818	0.00665	0.01035
0.22222	0.14338	0.15142
0.3	0.15	0.17975
0.05556	0.03136	0.00496
0.07752	0.04213	0.03169
0.08571	0.06083	0.04704
0.0	0.0	0.0
0.44444	0.44444	0.40741
0.0	0.0	0.0
0.33333	0.15233	0.07517
0.0	0.0	0.0
0.10127	0.08004	0.06325
0.15306	0.10895	0.08862
0.08696	0.06943	0.07313
0.0625	0.0625	0.04
0.13699	0.10208	0.04598
0.15	0.09376	0.09351
0.02959	0.01871	0.02166
0.0	0.0	0.0
0.0	0.0	0.0
0.13158	0.05861	0.06883
0.04762	0.01946	0.02438
0.15487	0.12631	0.1168
1.5	0.74975	4.032
0.02857	0.01521	0.01961
0.09231	0.07891	0.06522
0.0	0.0	0.0
1.5	1.113	1.129
0.23256	0.15491	0.05032
0.19048	0.19048	0.1875
0.0	0.0	0.0
0.09836	0.06267	0.05195
0.26316	0.15621	0.11788
0.10526	0.07047	0.15385
0.25	0.14664	0.14286
0.29412	0.24288	0.18182
0.09848	0.05364	0.03372
0.125	0.08897	0.04802
0.25	0.17546	0.15025
0.0	0.0	0.0
0.0	0.0	0.0
0.05357	0.03975	0.02632
0.0	0.0	0.0
0.10938	0.10938	0.09302
0.27273	0.16677	0.08429
0.02857	0.02857	0.0
0.04545	0.04545	0.03571
0.24031	0.19043	0.13758
0.16667	0.08893	0.04937
0.18868	0.13664	0.14791
0.05172	0.05172	0.02632
0.25397	0.2409	0.14707
0.03509	0.03509	0.02857
0.0	0.0	0.0
0.05102	0.01696	0.01917
0.14286	0.11965	0.1323
0.30769	0.18796	0.19353
0.10638	0.03913	0.05897
0.07216	0.05288	0.04688
0.07246	0.06404	0.06122
0.07692	0.03931	0.03672
0.63636	0.63636	0.66667
0.05714	0.03226	0.04167
0.58333	0.44492	0.26612
0.07143	0.06313	0.06667
0.06767	0.05251	0.05854
0.03896	0.01299	0.02654
0.07547	0.07547	0.05714
0.0	0.0	0.0
0.14634	0.12432	0.08065
0.13208	0.08217	0.04817
0.26087	0.18583	0.08931
0.07143	0.07143	0.06329
0.0	0.0	0.0
0.42105	0.23437	0.13717
0.02778	0.02778	0.0
0.12717	0.08998	0.10273
0.07547	0.05174	0.05779
0.0	0.0	0.0
0.01408	0.01408	0.01887
0.16309	0.12543	0.11254
0.12903	0.12903	0.05556
0.04348	0.04348	0.0
0.08889	0.08889	0.09677
0.0	0.0	0.0
0.13725	0.10912	0.16129
0.0	0.0	0.0
0.07576	0.07576	0.06522
0.06098	0.06098	0.04918
0.0	0.0	0.0
0.02778	0.02778	0.04545
0.0367	0.029	0.02963
0.04762	0.02536	0.0
0.04444	0.03107	0.02383
0.25547	0.14319	0.1201
0.08511	0.05628	0.01897
0.04706	0.03018	0.03745
0.21429	0.19031	0.18493
0.1375	0.09859	0.07157
0.0	0.0	0.0
0.17391	0.0836	0.08415
0.14286	0.07546	0.10779
0.46296	0.3868	0.31379
0.13433	0.11267	0.06679
0.0	0.0	0.0
0.52	0.40648	0.33511
0.13415	0.08202	0.05849
0.3913	0.20896	0.1175
0.125	0.125	0.2
0.0	0.0	0.0
0.1037	0.08327	0.07058
0.34483	0.19462	0.18032
0.10606	0.08064	0.09756
0.51282	0.50041	0.47004
0.16071	0.12902	0.08269
0.17857	0.12386	0.10138
0.33333	0.25408	0.21968
0.03704	0.01911	0.0
0.04	0.02709	0.0215
0.20192	0.11026	0.12332
0.07895	0.04542	0.04638
0.0	0.0	0.0
0.54545	0.29627	0.33682
0.0	0.0	0.0
0.11765	0.09582	0.09091
0.0	0.0	0.0
0.04	0.01	0.02857
0.22222	0.1205	0.13171
0.08718	0.07336	0.04745
0.06897	0.01476	0.03355
0.13636	0.06341	0.05064
0.1875	0.1875	0.16667
0.07937	0.06503	0.04545
0.15789	0.12681	0.09998
0.07463	0.04382	0.05128
0.06098	0.06098	0.0
0.0443	0.03859	0.01942
0.01316	0.01316	0.0
0.1	0.1	0.07143
0.0	0.0	0.0
0.23529	0.21062	0.18914
0.0	0.0	0.0
0.07097	0.04517	0.03158
0.09091	0.09091	0.0
0.12048	0.10922	0.08442
0.16901	0.07679	0.06453
0.01587	0.01587	0.02083
0.02128	0.02128	0.0
0.0303	0.01318	0.04348
0.44444	0.44444	0.4
0.41538	0.37371	0.33065
0.0	0.0	0.0
0.14815	0.07826	0.08368
0.05263	0.02954	0.0327
0.61905	0.30114	0.36247
0.39726	0.24105	0.2442
0.41379	0.24193	0.26455
0.0	0.0	0.0
0.32432	0.29992	0.20388
0.02857	0.02857	0.0
0.09231	0.06974	0.04417
0.08397	0.03903	0.02771
0.0	0.0	0.0
0.0	0.0	0.0
0.0	0.0	0.0
0.06977	0.05458	0.05002
0.77778	0.17033	0.22583
0.15556	0.08171	0.05048
0.08475	0.07573	0.02778
0.24742	0.21201	0.20108
0.81356	0.7578	0.74192
0.11377	0.07765	0.05048
0.26087	0.223	0.23529
0.07692	0.05367	0.03225
0.12658	0.12658	0.12766
0.34211	0.21305	0.22289
0.12977	0.08409	0.04634
0.02	0.00064	0.001
0.01333	0.00129	0.0018
0.16981	0.12447	0.08457
0.25806	0.1717	0.13227
0.17568	0.09024	0.09884
0.20513	0.07095	0.10562
0.30303	0.17939	0.24128
0.51613	0.27313	0.22657
0.16514	0.13437	0.09361
0.02128	0.00447	0.006
0.0	0.0	0.0
0.08108	0.07546	0.03704
0.04545	0.04545	0.05172
0.0	0.0	0.0
0.0	0.0	0.0
0.2907	0.157	0.15273
0.63636	0.63636	0.66667
0.0	0.0	0.0
0.0	0.0	0.0
0.4466	0.31525	0.27965
0.19835	0.1825	0.11291
0.2	0.14446	0.10967
0.14103	0.0913	0.06497
0.04167	0.01769	0.00623
0.09722	0.06788	0.00891
0.16667	0.12367	0.16623
0.5	0.09675	0.1354
0.21429	0.18721	0.15258
0.46667	0.2414	0.25348
0.28049	0.12648	0.12933
0.0	0.0	0.0
0.44118	0.44118	0.44444
0.46667	0.31187	0.2387
0.07143	0.05876	0.04674
0.17241	0.14128	0.14077
0.12054	0.08208	0.04996
0.03704	0.00657	0.0
0.25714	0.12303	0.11436
0.30769	0.19257	0.20162
0.11905	0.08833	0.07566
0.0	0.0	0.0
0.21053	0.08916	0.06656
0.05479	0.05479	0.05357
0.20705	0.16854	0.1495
0.2069	0.14793	0.10782
0.3	0.1177	0.0135
0.06897	0.03728	0.04348
0.15942	0.0769	0.08469
0.12329	0.06474	0.07024
0.2381	0.15106	0.10728
0.0	0.0	0.0
0.09091	0.09091	0.14286
0.36364	0.15691	0.2226
0.0	0.0	0.0
0.31373	0.15084	0.1279
0.06548	0.04158	0.04149
0.0	0.0	0.0
0.04706	0.04706	0.03509
0.10465	0.04351	0.04208
0.0	0.0	0.0
0.55319	0.50332	0.419
0.08772	0.032	0.07129
0.0678	0.04129	0.0334
0.14754	0.10789	0.08234
0.26316	0.22284	0.21889
0.01852	0.01852	0.0
0.03371	0.03371	0.03279
0.15	0.15	0.11111
0.10938	0.07447	0.05371
0.0	0.0	0.0
0.15294	0.13169	0.10512
0.12903	0.10613	0.10905
0.0	0.0	0.0
0.15625	0.12903	0.125
0.125	0.125	0.2
0.0303	0.0303	0.04167
0.125	0.07632	0.07979
0.0	0.0	0.0
0.56944	0.55735	0.54
0.17647	0.13245	0.11612
0.14545	0.12611	0.13889
0.1165	0.10711	0.04738
0.08621	0.05645	0.03353
0.19231	0.19231	0.21429
0.39506	0.30925	0.30919
0.04444	0.04444	0.03448
0.3	0.1903	0.03229
0.0	0.0	0.0
0.31579	0.29995	0.29345
0.03361	0.02603	0.02326
0.12821	0.10587	0.08516
0.25	0.10875	0.0
0.18519	0.08485	0.06265
0.0	0.0	0.0
0.30882	0.26543	0.21811
0.0	0.0	0.0
0.0	0.0	0.0
0.12766	0.12766	0.06061
0.17647	0.148	0.12128
0.10714	0.09304	0.065
0.11268	0.05292	0.02538
0.41176	0.24527	0.21055
0.07692	0.07692	0.05882
0.24	0.20322	0.20682
0.0	0.0	0.0
0.31579	0.14476	0.13952
0.17021	0.10294	0.07345
0.0	0.0	0.0
0.4717	0.34692	0.3848
0.0	0.0	0.0
0.175	0.15402	0.14861
0.0	0.0	0.0
0.08824	0.06712	0.04839
0.06667	0.02831	0.03571
0.13115	0.10392	0.07829
0.07692	0.05418	0.04281
0.18667	0.15957	0.10763
0.22308	0.19902	0.21219
0.2	0.18087	0.19884
0.0	0.0	0.0
0.06122	0.04969	0.06667
0.09756	0.08615	0.08
0.37273	0.30529	0.27833
0.2069	0.17522	0.15836
0.21359	0.17648	0.13263
0.12	0.06548	0.06071
0.0	0.0	0.0
0.0	0.0	0.0
0.2381	0.12676	0.08438
0.13194	0.10585	0.10874
0.25749	0.20784	0.21731
0.03125	0.01662	0.04348
0.0	0.0	0.0
0.15789	0.13711	0.12346
0.0	0.0	0.0
0.08475	0.04647	0.05477
0.21053	0.17912	0.14432
0.0	0.0	0.0
0.35385	0.26429	0.32653
0.07547	0.06513	0.05424
0.20339	0.10907	0.15765
0.2029	0.19028	0.15939
0.28571	0.21992	0.21121
0.15385	0.15385	0.14062
0.16667	0.10254	0.08179
0.01149	0.01149	0.0
0.10577	0.09646	0.07286
0.23913	0.15007	0.1389
0.13	0.12097	0.05162
0.20833	0.09612	0.06756
0.2	0.15	0.14286
0.07692	0.06538	0.06742
0.11765	0.07782	0.11111
0.08955	0.07607	0.08361
0.13793	0.08066	0.07047
0.20879	0.14287	0.11317
0.41667	0.26875	0.14407
0.11397	0.07697	0.07565
0.4	0.4	0.28571
0.16129	0.0999	0.04914
0.3913	0.21774	0.12748
0.25714	0.16034	0.07327
0.45614	0.40804	0.39261
0.0	0.0	0.0
0.1625	0.07802	0.0884
0.17857	0.17857	0.15789
0.0	0.0	0.0
0.5	0.30214	0.27512
0.14286	0.03229	0.0
0.28571	0.24855	0.2565
0.0	0.0	0.0
0.25	0.14446	0.0942
0.0	0.0	0.0
0.0	0.0	0.0
0.0	0.0	0.0
0.07812	0.0478	0.05582
0.03571	0.01575	0.0042
0.16744	0.12423	0.1296
0.13699	0.10407	0.11739
0.13889	0.10258	0.08685
0.19403	0.15215	0.13955
0.04545	0.03494	0.02279
0.09589	0.07026	0.04175
0.05882	0.03622	0.06256
0.26667	0.09467	0.13622
0.07273	0.05865	0.02778
0.06061	0.06061	0.08333
0.25	0.16196	0.16357
0.0	0.0	0.0
0.26316	0.26316	0.25
0.29412	0.29412	0.32
0.0	0.0	0.0
0.11864	0.06453	0.0438
0.07692	0.02608	0.11111
0.15152	0.09752	0.10766
0.01408	0.01408	0.0
0.24324	0.2197	0.125
0.50794	0.3853	0.36289
0.11696	0.07292	0.06607
0.10638	0.08785	0.06897
0.07407	0.07407	0.08571
0.11111	0.05733	0.00591
2.0	1.161	0.161
0.12698	0.10292	0.04348
0.03448	0.03448	0.025
0.12389	0.08979	0.09514
0.28723	0.24674	0.2591
0.18072	0.14963	0.09989
0.20253	0.20253	0.23404
0.21053	0.12989	0.23473
0.1165	0.09396	0.10337
0.0	0.0	0.0
0.36364	0.14664	0.1855
0.0	0.0	0.0
0.02128	0.00789	0.03125
0.11111	0.09556	0.06453
0.03636	0.03636	0.0
0.06818	0.05609	0.05556
0.05263	0.03551	0.01474
0.0	0.0	0.0
0.13636	0.09239	0.07643
0.0	0.0	0.0
0.15385	0.15385	0.11111
0.1	0.1	0.0
0.08333	0.08333	0.05882
0.04545	0.03739	0.0246
0.05882	0.04237	0.0303
0.19231	0.07138	0.07976
0.11111	0.09901	0.0625
0.22857	0.11431	0.08874
0.13333	0.10107	0.04914
0.26923	0.26923	0.33333
0.32143	0.32143	0.22222
0.14286	0.12869	0.03704
0.0	0.0	0.0
0.20339	0.1699	0.12274
0.0	0.0	0.0
0.26761	0.16292	0.1068
0.08511	0.06126	0.02903
0.0	0.0	0.0
0.03846	0.02005	0.02464
0.36	0.2574	0.30064
0.12308	0.06651	0.04552
0.06557	0.05526	0.04402
0.176	0.08246	0.04745
0.12941	0.07271	0.05493
0.26562	0.21875	0.22117
0.08861	0.05432	0.05195
0.08333	0.08333	0.1
0.38462	0.32508	0.20433
0.02239	0.02239	0.02151
0.07634	0.07634	0.09112
0.29167	0.25314	0.2013
0.04118	0.02608	0.01912
0.1039	0.06662	0.07387
0.14545	0.1176	0.08108
0.3038	0.17376	0.18383
0.19565	0.13115	0.09421
0.57143	0.15914	0.5605
0.1625	0.12551	0.11176
0.06349	0.05017	0.04618
0.22642	0.1896	0.21409
0.10577	0.08592	0.08801
0.21818	0.17069	0.0777
0.0	0.0	0.0
0.16418	0.0939	0.08844
0.05455	0.03576	0.02857
0.10526	0.01358	0.08333
0.18182	0.09682	0.15214
0.0	0.0	0.0
0.42105	0.42105	0.35714
0.0	0.0	0.0
0.57895	0.27842	0.5
0.125	0.125	0.07087
0.0	0.0	0.0
0.14894	0.09026	0.06773
0.11842	0.09986	0.08452
0.01471	0.01471	0.02128
0.35	0.19957	0.09808
0.15385	0.09865	0.10526
0.28571	0.16875	0.149
0.25161	0.18295	0.15878
0.25	0.10421	0.06265
0.08081	0.06175	0.05944
0.09639	0.07519	0.04195
0.04762	0.02071	0.0
0.0	0.0	0.0
0.06977	0.06977	0.09677
0.14493	0.11851	0.04956
0.14286	0.14286	0.0
0.02273	0.02273	0.0
0.03896	0.03288	0.02041
0.20408	0.20408	0.15625
0.0	0.0	0.0
0.0	0.0	0.0
0.02564	0.02564	0.04167
0.89706	0.89706	0.93617
0.22222	0.22222	0.2
0.15385	0.05338	0.15325
0.27536	0.25012	0.27881
0.06897	0.06897	0.03226
0.13889	0.08692	0.08065
0.27059	0.17533	0.21618
0.0	0.0	0.0
0.09677	0.0224	0.03067
0.28205	0.16422	0.13213
0.21875	0.20919	0.12
0.03529	0.02467	0.00187
0.07018	0.07018	0.0625
0.48276	0.45383	0.53888
0.17188	0.11249	0.10467
0.192	0.11497	0.05579
0.04348	0.02454	0.03763
0.0	0.0	0.0
0.0	0.0	0.0
0.12766	0.07483	0.04134
0.0	0.0	0.0
0.53846	0.33251	0.21296
0.0	0.0	0.0
0.0	0.0	0.0
0.03371	0.01378	0.01968
0.0	0.0	0.0
0.03704	0.03704	0.04545
0.0	0.0	0.0
0.2	0.1742	0.19048
0.72727	0.35045	0.23957
0.41667	0.27592	0.20448
0.27551	0.21761	0.2276
0.0	0.0	0.0
0.5	0.19471	0.19962
0.20833	0.19219	0.14815
0.26875	0.16111	0.14846
0.0	0.0	0.0
0.0578	0.0426	0.02773
0.01361	0.01361	0.01031
0.14286	0.09446	0.0535
0.0	0.0	0.0
0.01587	0.00333	0.005
0.09091	0.03009	0.06667
0.54545	0.54545	0.54167
0.05769	0.05769	0.02941
0.16418	0.12254	0.13385
0.05833	0.04798	0.03245
0.09804	0.04112	0.03528
0.12903	0.04629	0.01752
0.73333	0.22353	0.2063
0.09091	0.06535	0.04303
0.4717	0.39198	0.29991
0.04	0.04	0.0
0.0303	0.0303	0.0
0.21053	0.14645	0.11291
0.0	0.0	0.0
0.0	0.0	0.0
0.28571	0.22352	0.15671
0.17857	0.10486	0.05917
0.16883	0.1261	0.11166
0.05714	0.03134	0.00396
0.12745	0.07669	0.08468
0.07895	0.05603	0.04181
0.53846	0.17862	0.21775
0.08333	0.0414	0.00887
0.1761	0.12488	0.10415
0.06818	0.059	0.05556
0.02941	0.02941	0.0
0.07895	0.07895	0.03846
0.10127	0.078	0.07397
0.13462	0.10267	0.07473
0.2844	0.23601	0.15424
0.13483	0.12034	0.10938
0.0	0.0	0.0
0.21429	0.12093	0.05573
0.04167	0.04167	0.07692
0.12903	0.10173	0.09898
0.30769	0.30769	0.33333
0.0	0.0	0.0
0.0	0.0	0.0
0.37234	0.33769	0.30792
0.0	0.0	0.0
0.4	0.4	0.5
0.0	0.0	0.0
0.35294	0.24294	0.17475
0.27	0.18001	0.17323
0.0	0.0	0.0
0.07843	0.05218	0.02941
0.0	0.0	0.0
0.0	0.0	0.0
0.0	0.0	0.0
0.11475	0.08515	0.07692
0.31579	0.11884	0.1245
0.0122	0.0122	0.0
0.0	0.0	0.0
0.05556	0.05556	0.08333
0.05263	0.05263	0.09091
0.28571	0.28571	0.25
0.15385	0.12842	0.17647
0.06957	0.02188	0.0272
0.08929	0.07316	0.03047
0.1	0.1	0.0
0.01538	0.01538	0.0
0.07018	0.04953	0.02834
0.18182	0.10676	0.08111
0.0	0.0	0.0
0.04255	0.04255	0.06452
0.11579	0.06315	0.04883
0.11429	0.09217	0.04348
0.1875	0.09581	0.22222
0.72222	0.40242	0.26716
0.17687	0.14044	0.13256
0.14444	0.10484	0.09087
0.21053	0.19268	0.11538
0.33333	0.33333	0.3
0.15544	0.14641	0.14787
0.17822	0.16496	0.15942
0.47222	0.25044	0.26844
0.27778	0.21556	0.14979
0.04	0.04	0.03261
0.73333	0.73333	0.7
0.0	0.0	0.0
0.15	0.10565	0.09375
0.09434	0.06543	0.05754
0.21111	0.14966	0.15206
0.24627	0.19885	0.21204
0.40909	0.32991	0.375
0.05229	0.04723	0.02198
1.0	0.56467	0.6388
0.0	0.0	0.0
0.30909	0.30735	0.26947
0.1	0.0729	0.00519
0.0	0.0	0.0
0.70588	0.60341	0.59675
0.13483	0.07193	0.05498
0.0	0.0	0.0
0.0	0.0	0.0
0.30986	0.27511	0.29914
0.05051	0.05051	0.0303
0.19048	0.19048	0.16667
0.0	0.0	0.0
0.54688	0.4942	0.45823
0.0303	0.00391	0.00561
0.16393	0.10602	0.06766
0.3	0.2065	0.14438
0.51429	0.4894	0.44516
0.16364	0.08856	0.08414
0.21429	0.17339	0.13543
0.09449	0.06857	0.06062
0.0	0.0	0.0
1.0	1.0	1.0
0.10909	0.09064	0.07374
0.11321	0.05692	0.07238
0.53226	0.39621	0.47811
0.20161	0.14829	0.1297
0.07273	0.03109	0.02778
0.12752	0.08845	0.09077
0.0	0.0	0.0
1.0	0.411	0.3806
0.05357	0.05357	0.05714
0.06579	0.06183	0.05806
0.05	0.00445	0.00241
0.2	0.09312	0.04516
0.09677	0.05463	0.06966
0.11364	0.11125	0.06667
0.10959	0.07512	0.04435
0.12121	0.09028	0.03694
0.27083	0.14952	0.07559
0.23077	0.10612	0.11472
0.21687	0.14208	0.12905
0.20233	0.16958	0.14922
0.22034	0.14544	0.11922
0.0	0.0	0.0
0.44444	0.25456	0.01083
0.10127	0.09065	0.05747
0.09434	0.09434	0.10526
0.48485	0.46873	0.3913
0.04545	0.04545	0.06061
0.11628	0.07691	0.04216
0.27778	0.10128	0.02645
0.46512	0.46512	0.43333
0.0274	0.0274	0.04082
0.11111	0.11111	0.14286
0.3913	0.20117	0.14328
0.0	0.0	0.0
0.33333	0.13978	0.02055
0.0	0.0	0.0
0.22388	0.18948	0.14105
0.0	0.0	0.0
0.28571	0.28571	0.25
0.16364	0.11027	0.10626
0.18571	0.11936	0.09773
0.30357	0.14459	0.0863
0.0	0.0	0.0
0.12245	0.06155	0.03641
0.09091	0.09091	0.05128
0.08974	0.04563	0.03686
0.37037	0.37037	0.4
0.25806	0.10355	0.08232
0.20139	0.12108	0.11941
0.15	0.10645	0.15207
0.0	0.0	0.0
0.13684	0.10561	0.05985
0.12179	0.11197	0.08749
0.0	0.0	0.0
0.14286	0.10138	0.15207
0.03333	0.03333	0.01639
0.00893	0.00893	0.0125
0.12308	0.06874	0.03826
0.15873	0.11226	0.10968
0.12329	0.10052	0.06585
0.44444	0.26344	0.07517
0.26923	0.26923	0.28125
0.03125	0.02445	0.02447
0.29167	0.26075	0.11158
0.0	0.0	0.0
0.18681	0.10421	0.06154
0.0	0.0	0.0
0.07143	0.03802	0.00097
0.5122	0.23708	0.26207
0.11864	0.07656	0.08179
0.21429	0.09214	0.03222
0.18978	0.1182	0.10044
0.53846	0.53846	0.54545
0.21875	0.11344	0.0315
0.15385	0.11912	0.12121
0.14815	0.14815	0.16667
0.0	0.0	0.0
0.02564	0.02564	0.03571
0.1573	0.11889	0.11846
0.36585	0.3458	0.33962
0.42857	0.28879	0.22891
0.17021	0.10844	0.07704
0.28571	0.28571	0.25
0.0	0.0	0.0
0.0	0.0	0.0
0.05556	0.05556	0.08333
0.15217	0.12061	0.13053
0.23529	0.23529	0.27273
0.23913	0.23913	0.20588
1.0	1.0	1.0
0.33333	0.20238	0.11027
0.07143	0.00807	0.00462
0.08	0.04677	0.0526
0.20755	0.11411	0.15785
0.13139	0.08712	0.04193
0.14286	0.14286	0.125
0.47826	0.3373	0.35425
0.16071	0.1538	0.10282
0.10909	0.05602	0.03594
0.04348	0.02911	0.06667
0.13174	0.11474	0.13588
0.29032	0.14597	0.12605
0.08989	0.05616	0.0541
0.2381	0.2381	0.26667
0.11628	0.09528	0.09375
0.4375	0.4375	0.45455
0.02703	0.02703	0.0
0.15873	0.09602	0.08143
0.04545	0.02273	0.02161
0.06349	0.06349	0.05682
0.5	0.5	0.4
0.27119	0.23512	0.25733
0.0	0.0	0.0
0.0	0.0	0.0
0.27632	0.20142	0.18198
0.14516	0.10095	0.09921
0.18421	0.09297	0.0205
0.0	0.0	0.0
0.04651	0.04651	0.03846
0.0	0.0	0.0
0.21569	0.08602	0.08679
0.26667	0.19069	0.10719
0.13158	0.04924	0.03986
0.0	0.0	0.0
0.0	0.0	0.0
0.04082	0.04082	0.02857
0.14943	0.09009	0.05998
0.04667	0.03011	0.01323
0.12329	0.08077	0.04982
0.11429	0.09377	0.06454
0.41176	0.17259	0.2177
0.0	0.0	0.0
0.0	0.0	0.0
0.11034	0.05217	0.04873
0.6	0.6	0.75
0.28571	0.28571	0.33333
0.09524	0.09524	0.07143
0.5	0.35886	0.26267
0.09524	0.09524	0.07692
0.30476	0.249	0.17742
0.02703	0.02703	0.0
0.34545	0.34545	0.34286
0.07143	0.04838	0.00128
0.05208	0.02118	0.03539
0.0625	0.0625	0.0
0.0	0.0	0.0
0.35897	0.28021	0.2842
0.09677	0.09677	0.04167
0.16327	0.08557	0.01776
0.03659	0.02577	0.04082
0.20792	0.18142	0.2029
0.0339	0.02597	0.01176
0.0	0.0	0.0
0.06452	0.06452	0.04762
0.21429	0.125	0.16129
0.0	0.0	0.0
0.2	0.2	0.13158
0.02985	0.02985	0.02439
0.08772	0.0614	0.075
0.45652	0.25635	0.19981
0.05882	0.04902	0.0625
0.1068	0.06813	0.03079
0.21569	0.11608	0.07115
0.28169	0.15765	0.10464
0.19512	0.13451	0.13092
0.25	0.25	0.15
0.44776	0.31512	0.2716
0.26582	0.26582	0.23636
0.27027	0.13473	0.12777
0.04545	0.04545	0.04082
0.0	0.0	0.0
0.275	0.23145	0.20516
0.49057	0.21428	0.16758
0.11864	0.11864	0.12
0.19048	0.12856	0.07873
0.54545	0.20498	0.16575
0.21212	0.16815	0.15325
0.0641	0.04784	0.04295
0.0597	0.0597	0.07317
0.15625	0.11191	0.13636
0.01064	0.01064	0.01493
0.0625	0.0625	0.09091
0.08197	0.03595	0.0361
0.08257	0.04943	0.02948
0.22368	0.20882	0.19149
0.125	0.07409	0.10138
0.21429	0.09046	0.10485
2.5	1.5805	3.129
0.0	0.0	0.0
0.15686	0.11006	0.10752
0.14865	0.11355	0.07217
0.05882	0.03512	0.00808
0.10811	0.06146	0.09142
0.26087	0.19074	0.12712
0.01754	0.01754	0.02273
0.00794	0.00794	0.0
0.07143	0.03783	0.03509
0.06061	0.06061	0.09091
0.07921	0.03754	0.04215
0.1	0.05788	0.03224
0.05556	0.03585	0.02341
0.0	0.0	0.0
0.04511	0.0342	0.02456
0.09375	0.04334	0.00139
0.03774	0.0213	0.00369
0.75	0.66738	0.38983
0.10345	0.10345	0.08333
0.14773	0.07497	0.05289
0.09722	0.05764	0.05202
0.0	0.0	0.0
0.08791	0.08791	0.04839
0.05155	0.03359	0.00385
0.09677	0.07765	0.07955
0.0	0.0	0.0
0.05128	0.05128	0.03846
0.04478	0.03033	0.04417
0.11765	0.11765	0.0
0.28378	0.16742	0.13654
0.38889	0.30644	0.20967
0.07407	0.05437	0.06667
0.12169	0.07946	0.07297
0.17797	0.08831	0.07864
0.03774	0.01947	0.00078
0.175	0.13851	0.13613
0.07692	0.05246	0.04521
0.23009	0.11235	0.06852
0.04	0.04	0.05556
0.32653	0.21661	0.1288
0.0	0.0	0.0
0.15385	0.134	0.12
0.06897	0.06897	0.07692
0.22222	0.13571	0.11927
0.67647	0.49106	0.53296
0.04762	0.04762	0.06897
0.2619	0.14171	0.15082
0.17333	0.08893	0.07815
0.625	0.25212	0.172
0.36667	0.19143	0.1146
0.27273	0.19209	0.22121
0.16129	0.16129	0.08696
0.14286	0.11357	0.13809
0.1	0.06406	0.04348
0.13158	0.05433	0.03825
1.0	0.4904	0.742
0.05882	0.05882	0.05714
0.08696	0.08696	0.09677
0.30303	0.15492	0.06092
0.25439	0.17389	0.19774
0.0	0.0	0.0
0.0	0.0	0.0
0.10798	0.0764	0.07333
0.39474	0.39474	0.38462
0.13333	0.09641	0.11117
0.05063	0.02654	0.03971
0.02857	0.02857	0.04167
0.0	0.0	0.0
0.075	0.05344	0.05085
0.02469	0.01315	0.01902
0.17007	0.12848	0.11326
0.00952	0.00215	0.0
0.15	0.1097	0.09185
0.02222	0.02222	0.03448
0.34483	0.32203	0.3
0.11364	0.07009	0.05721
0.18487	0.09487	0.08202
0.25641	0.22128	0.24917
0.2	0.072	0.0779
0.14706	0.10841	0.0666
0.0	0.0	0.0
0.21053	0.07597	0.13526
0.13889	0.11111	0.09417
0.12195	0.08773	0.07885
0.0	0.0	0.0
0.02419	0.01639	0.01173
0.0	0.0	0.0
0.07407	0.03883	0.03132
0.02941	0.02941	0.02041
0.15254	0.0861	0.08548
0.15179	0.14314	0.12205
0.34091	0.26505	0.21086
0.18333	0.12635	0.0597
0.13656	0.10688	0.11633
0.0	0.0	0.0
0.14943	0.11179	0.04534
0.0	0.0	0.0
0.12941	0.06242	0.05131
0.09278	0.07016	0.05749
0.16162	0.08829	0.06768
0.18182	0.10267	0.09142
0.08571	0.0636	0.04348
0.375	0.26412	0.2226
0.12963	0.09857	0.09475
0.13514	0.11159	0.06584
0.15625	0.12147	0.0939
0.0625	0.03496	0.08571
0.05714	0.02029	0.0
0.075	0.0476	0.04033
0.0	0.0	0.0
0.0	0.0	0.0
0.06667	0.05837	0.0411
0.55	0.46693	0.43346
0.11864	0.03922	0.06089
0.0	0.0	0.0
0.09756	0.09756	0.09091
0.0339	0.0339	0.02273
0.04854	0.02584	0.02993
0.4	0.28388	0.24637
0.18182	0.12464	0.125
0.09756	0.05666	0.03783
0.04762	0.03188	0.01176
0.0	0.0	0.0
0.07273	0.03931	0.06061
0.16355	0.11035	0.1214
0.0	0.0	0.0
0.0	0.0	0.0
0.53333	0.37093	0.329
0.0	0.0	0.0
0.0	0.0	0.0
0.16883	0.10474	0.09582
0.13208	0.09223	0.08514
0.09231	0.09231	0.1
0.32075	0.28621	0.24723
0.10909	0.05807	0.11121
0.44444	0.22683	0.19943
0.05556	0.03136	0.04017
0.08989	0.08046	0.11111
0.12903	0.08065	0.1
0.07273	0.07273	0.05405
0.26471	0.19366	0.15634
0.06186	0.06186	0.04839
0.03704	0.03704	0.0
0.22222	0.21057	0.18696
0.58824	0.58824	0.7
0.27273	0.13927	0.08821
0.15152	0.12829	0.09124
0.46341	0.41937	0.38703
0.25641	0.22126	0.20869
0.18321	0.11402	0.0891
0.0	0.0	0.0
0.01818	0.01232	0.00983
0.1875	0.15425	0.08333
0.13514	0.07368	0.04571
0.07692	0.07692	0.09677
0.10294	0.08919	0.06667
0.23256	0.13842	0.10324
0.1129	0.05176	0.05645
0.0274	0.0274	0.01818
0.03125	0.03125	0.04348
0.4	0.1758	0.18086
0.15625	0.119	0.0947
0.15909	0.13012	0.12257
0.24419	0.1159	0.05384
0.05435	0.04559	0.05085
0.22581	0.1769	0.22727
0.0	0.0	0.0
0.26744	0.18343	0.087
0.08065	0.08065	0.08108
0.07097	0.04818	0.03345
0.02878	0.01473	0.0303
0.09848	0.08834	0.06346
0.21053	0.21053	0.13333
0.12121	0.05864	0.1029
0.26744	0.14273	0.10202
0.12245	0.12245	0.09375
0.0	0.0	0.0
0.075	0.0399	0.07257
0.16216	0.1302	0.08044
0.3125	0.11694	0.04836
0.12766	0.12766	0.06061
0.0	0.0	0.0
0.0	0.0	0.0
0.2381	0.21119	0.08757
0.03571	0.03571	0.0
0.11111	0.11111	0.08978
0.47917	0.45094	0.39551
0.38	0.18322	0.25394
0.0	0.0	0.0
0.0	0.0	0.0
0.0	0.0	0.0
0.75	0.75	0.66667
0.20312	0.1313	0.02726
0.05556	0.05556	0.08333
0.0	0.0	0.0
1.0	0.3484	0.50533
0.0719	0.05239	0.05213
0.23684	0.10612	0.12906
0.15	0.15	0.18519
0.15385	0.06577	0.1605
0.03509	0.02962	0.03504
0.17949	0.103	0.09032
0.0	0.0	0.0
0.6087	0.27143	0.20433
0.08	0.04384	0.0
0.02985	0.02263	0.01147
0.0	0.0	0.0
0.05063	0.01634	0.02009
0.05634	0.02566	0.02566
0.0	0.0	0.0
0.28846	0.21373	0.20749
0.0	0.0	0.0
0.0	0.0	0.0
0.33333	0.28494	0.17742
0.0	0.0	0.0
0.14286	0.14286	0.0
0.0	0.0	0.0
0.01087	0.00175	0.00248
0.23448	0.19678	0.19123
0.1215	0.04929	0.0277
0.0241	0.01322	0.01754
0.05825	0.03491	0.04167
0.30303	0.12903	0.18362
0.09836	0.08408	0.04545
0.04918	0.04098	0.01651
0.40741	0.35067	0.23432
0.0	0.0	0.0
0.0	0.0	0.0
0.02128	0.02128	0.03226
0.05882	0.00759	0.00586
0.0	0.0	0.0
0.11607	0.05516	0.05055
0.15789	0.15789	0.09091
0.14286	0.07974	0.01154
0.0	0.0	0.0
0.09677	0.05138	0.07502
0.20833	0.12233	0.08366
0.0	0.0	0.0
0.0	0.0	0.0
0.14754	0.10261	0.05071
0.0	0.0	0.0
0.11111	0.0723	0.06073
0.1087	0.07574	0.04234
0.20635	0.20635	0.2
0.0	0.0	0.0
0.0	0.0	0.0
0.17241	0.17241	0.15789
0.13158	0.05221	0.0625
0.125	0.05527	0.03636
0.17391	0.1087	0.125
0.1194	0.08546	0.06788
0.17949	0.098	0.08138
0.0	0.0	0.0
0.32941	0.29601	0.28444
0.0	0.0	0.0
0.0	0.0	0.0
0.16667	0.04928	0.0673
0.0	0.0	0.0
0.0	0.0	0.0
0.18605	0.06112	0.02733
0.0	0.0	0.0
0.15385	0.15385	0.0
0.03571	0.03571	0.05556
0.4	0.1484	0.03686
0.225	0.12156	0.10205
0.0	0.0	0.0
0.0	0.0	0.0
0.18421	0.13582	0.13183
0.0	0.0	0.0
0.0	0.0	0.0
0.0	0.0	0.0
0.13158	0.06642	0.0445
0.07143	0.04607	0.0145
0.09459	0.07716	0.06024
0.80556	0.80556	0.80952
0.0	0.0	0.0
0.05556	0.02956	0.1
0.05	0.05	0.03571
0.20732	0.1197	0.13187
0.18889	0.1337	0.14632
0.09494	0.07504	0.05706
0.0	0.0	0.0
0.0	0.0	0.0
0.04819	0.03711	0.03925
0.02941	0.02941	0.04167
0.12162	0.05973	0.06882
0.12381	0.08757	0.06329
0.0	0.0	0.0
0.33333	0.17423	0.16695
0.05	0.05	0.03846
0.08333	0.07525	0.0
0.0	0.0	0.0
0.10409	0.09899	0.0914
0.15909	0.15909	0.12903
0.17021	0.10126	0.08065
0.02381	0.01856	0.02326
0.4375	0.38306	0.34767
0.0	0.0	0.0
0.04167	0.01812	0.07143
0.09259	0.06033	0.07284
0.0	0.0	0.0
0.03636	0.03636	0.0
0.04255	0.04255	0.0303
0.77778	0.681	0.83333
0.12658	0.07615	0.06452
0.2375	0.1395	0.0929
0.28205	0.14474	0.13978
0.16	0.08648	0.009
0.07407	0.03822	0.0016
0.05556	0.03009	0.03985
0.03571	0.01554	0.05263
0.04082	0.02106	0.03127
0.02521	0.00894	0.02532
0.0625	0.0625	0.04348
0.05882	0.05882	0.02703
0.28125	0.28125	0.28205
0.09524	0.06681	0.1
0.81818	0.74336	0.59671
0.09	0.05436	0.02407
0.0	0.0	0.0
0.08197	0.03648	0.00643
0.64286	0.45736	0.46411
0.26667	0.2086	0.18182
0.0	0.0	0.0
0.36	0.26392	0.1895
0.04255	0.0254	0.00669
0.0495	0.0222	0.03428
0.06299	0.04331	0.06099
0.04808	0.03877	0.02784
0.10063	0.06806	0.05704
0.025	0.00322	0.0
0.03704	0.02867	0.01136
0.11538	0.06117	0.07521
0.09375	0.09375	0.09524
0.22222	0.15589	0.0452
0.0	0.0	0.0
0.19444	0.10082	0.05598
0.0	0.0	0.0
0.05063	0.05063	0.03279
0.46154	0.27538	0.34233
0.32787	0.14487	0.11122
0.08621	0.07703	0.02222
0.03571	0.03571	0.01786
0.0	0.0	0.0
0.07216	0.04923	0.01859
0.22581	0.17639	0.11752
0.29032	0.12539	0.175
0.11842	0.08999	0.07692
0.07143	0.02998	0.00808
0.16667	0.10389	0.08333
0.06604	0.03287	0.04172
0.04412	0.02419	0.02573
0.0	0.0	0.0
0.15341	0.12041	0.12404
0.18421	0.06239	0.07227
0.05405	0.05405	0.04
0.24561	0.09976	0.09365
0.1039	0.05992	0.05125
0.11679	0.05828	0.05141
0.2	0.2	0.0
0.32258	0.27177	0.18882
0.13333	0.13333	0.1
0.28571	0.16504	0.10419
0.02532	0.01429	0.01667
0.1	0.04677	0.06681
0.0	0.0	0.0
0.04878	0.04878	0.0
0.02899	0.02899	0.03846
0.20588	0.13474	0.07382
0.07368	0.05331	0.06018
0.31579	0.17316	0.18473
0.25352	0.19933	0.15962
0.0	0.0	0.0
0.28421	0.21697	0.17966
0.09091	0.06673	0.08331
0.15217	0.1143	0.13003
0.30682	0.1477	0.12847
0.0	0.0	0.0
0.15217	0.08413	0.08619
0.08219	0.05964	0.04442
0.06897	0.05062	0.05882
0.08571	0.0332	0.00441
0.1	0.1	0.08333
0.33333	0.18044	0.11519
0.0	0.0	0.0
0.0	0.0	0.0
0.07273	0.04282	0.02895
0.06452	0.06452	0.04348
0.09278	0.07915	0.0597
0.05085	0.035	0.02878
0.0	0.0	0.0
0.0	0.0	0.0
0.45714	0.28569	0.21186
0.42857	0.23271	0.23656
0.25862	0.22331	0.20242
0.44	0.22516	0.21541
0.22727	0.18477	0.18029
0.06667	0.04033	0.05762
0.05797	0.0318	0.04668
0.0	0.0	0.0
0.12121	0.04203	0.0463
0.13636	0.13636	0.0
0.05556	0.04552	0.03177
0.2	0.2	0.125
0.03846	0.00123	0.0
0.0274	0.0274	0.02041
0.15385	0.06515	0.06094
0.01639	0.00107	0.00167
0.02151	0.00243	0.00348
0.27273	0.11727	0.03222
0.0	0.0	0.0
0.0	0.0	0.0
0.55224	0.49613	0.50614
0.19512	0.19512	0.16
0.13793	0.1101	0.05423
0.28571	0.26612	0.23923
0.07921	0.07058	0.05714
0.16667	0.09004	0.00947
0.10959	0.08705	0.0633
0.16418	0.09799	0.05016
0.12583	0.08748	0.08064
0.08065	0.03044	0.05376
0.21818	0.14604	0.14564
0.59091	0.28373	0.1625
0.0	0.0	0.0
0.11111	0.07672	0.08546
0.33333	0.20778	0.0
0.43478	0.43478	0.5
0.04938	0.04938	0.0
0.17647	0.14231	0.14654
0.03571	0.00461	0.0
0.04286	0.04286	0.02083
0.0	0.0	0.0
0.39394	0.23555	0.21855
0.12209	0.08045	0.06003
0.4898	0.3858	0.36003
1.5	0.6615	1.129
0.18333	0.13578	0.09293
0.05114	0.02713	0.02272
0.17778	0.1466	0.16129
0.55882	0.20306	0.1791
0.2	0.2	0.11765
0.02174	0.01695	0.02222
0.0	0.0	0.0
0.25806	0.11968	0.106
0.13287	0.05189	0.05373
0.0	0.0	0.0
0.0	0.0	0.0
0.4	0.19653	0.11689
0.66667	0.47602	0.53893
0.1	0.1	0.125
0.25	0.1427	0.08931
0.01639	0.00159	0.0
0.05769	0.03908	0.01689
0.0	0.0	0.0
0.11628	0.06302	0.07006
0.0	0.0	0.0
0.32143	0.27479	0.38032
0.22222	0.19296	0.13
0.29487	0.2835	0.2549
0.1405	0.08012	0.06661
0.09677	0.04632	0.04762
0.11538	0.11538	0.10526
0.40506	0.3032	0.23823
0.08392	0.04546	0.04354
0.12088	0.09111	0.08942
0.08824	0.08824	0.10526
0.14706	0.11456	0.08511
0.02098	0.02098	0.02222
0.21429	0.21429	0.25
0.15909	0.14077	0.09375
0.0	0.0	0.0
0.19318	0.1074	0.10376
0.33333	0.15143	0.09858
0.28571	0.19588	0.20285
0.20833	0.12623	0.08842
0.08333	0.08333	0.0
0.13636	0.0655	0.07632
0.875	0.1955	0.258
0.66667	0.28358	0.21827
0.05882	0.03512	0.04348
0.01493	0.01493	0.02326
0.13725	0.04365	0.03955
0.0	0.0	0.0
0.0	0.0	0.0
0.27642	0.16627	0.09519
0.0	0.0	0.0
0.0	0.0	0.0
0.10256	0.10256	0.09524
0.08511	0.05217	0.03931
0.09302	0.09302	0.0
0.02703	0.02703	0.04
0.13253	0.08571	0.08197
0.04082	0.01088	0.03333
0.0	0.0	0.0
0.09934	0.07691	0.05654
0.08451	0.07746	0.04555
0.09302	0.07034	0.05263
0.0	0.0	0.0
1.0	0.38325	0.17767
0.0	0.0	0.0
0.42308	0.38712	0.31921
0.21387	0.1695	0.11335
0.0	0.0	0.0
0.09677	0.08273	0.07022
0.35714	0.35714	0.375
0.14286	0.14286	0.16667
0.0	0.0	0.0
0.0396	0.03018	0.01389
0.33333	0.33333	0.5
0.09023	0.05906	0.06008
0.16092	0.11922	0.07913
0.0	0.0	0.0
0.04167	0.02773	0.00821
0.0	0.0	0.0
0.06061	0.04642	0.04348
0.02439	0.02439	0.0303
0.01695	0.01695	0.0
0.2619	0.19276	0.15052
0.10638	0.05423	0.0625
0.16667	0.15532	0.08
0.03571	0.01786	0.04545
0.20588	0.12809	0.09827
0.03333	0.03333	0.03333
0.21818	0.1868	0.13441
0.19565	0.16295	0.15911
0.0641	0.02026	0.02765
0.0597	0.03924	0.02369
0.14706	0.10912	0.08467
0.14035	0.08772	0.05362
0.29146	0.28375	0.26515
0.1129	0.07908	0.04405
0.05455	0.03871	0.03321
0.14706	0.09664	0.04976
0.0	0.0	0.0
0.12583	0.08053	0.07056
0.10417	0.084	0.09781
0.09804	0.06704	0.0625
0.07432	0.05318	0.01893
0.25641	0.13108	0.08467
0.27273	0.08648	0.08426
0.12069	0.09152	0.08066
1.5	0.734	2.129
0.125	0.07766	0.00462
0.09231	0.06775	0.01826
0.17949	0.09844	0.02731
0.0	0.0	0.0
0.41379	0.183	0.16438
0.23301	0.17366	0.13806
0.05405	0.03618	0.03922
0.21778	0.15148	0.13603
0.15254	0.0782	0.05562
0.10417	0.0873	0.07415
0.09434	0.04717	0.01518
0.0	0.0	0.0
0.0	0.0	0.0
0.03846	0.03846	0.02857
0.22034	0.14134	0.07926
0.38298	0.37371	0.30508
0.20548	0.16308	0.14838
0.06522	0.06522	0.03448
0.25926	0.19356	0.125
0.15789	0.02295	0.0645
0.22	0.20354	0.15688
0.07059	0.06338	0.07564
0.0	0.0	0.0
0.02381	0.02381	0.0
0.0	0.0	0.0
0.02778	0.0065	0.02222
0.13333	0.09787	0.11111
0.05882	0.04839	0.0303
0.07692	0.07692	0.03571
0.2129	0.14163	0.13441
0.31897	0.27503	0.27703
0.16892	0.12446	0.08854
0.0	0.0	0.0
0.1134	0.08015	0.07236
0.03571	0.03571	0.0
0.02857	0.02454	0.02151
0.06061	0.04642	0.05
0.23077	0.12531	0.125
0.0625	0.0625	0.04762
0.4	0.26768	0.14424
0.07042	0.04997	0.06694
0.46667	0.24897	0.22683
0.08333	0.03808	0.03969
0.25806	0.25806	0.2381
0.23684	0.23684	0.25
0.07921	0.06308	0.03831
0.0	0.0	0.0
0.03226	0.03226	0.04348
0.13934	0.1215	0.08672
0.08	0.07419	0.05376
0.0367	0.01584	0.02868
0.1875	0.1875	0.09091
0.0	0.0	0.0
0.04615	0.01985	0.03071
0.0	0.0	0.0
0.28571	0.28571	0.25
0.45455	0.45455	0.45946
0.02899	0.02899	0.02083
0.08824	0.05456	0.04167
0.08333	0.08333	0.0
0.02703	0.02703	0.0
0.23529	0.17835	0.14514
0.12593	0.11947	0.12129
0.07317	0.07317	0.06452
0.20833	0.14783	0.2118
0.08	0.08	0.0
0.07143	0.03804	0.05605
0.23333	0.23333	0.2
0.13095	0.1079	0.06897
0.05941	0.05941	0.02899
0.42424	0.42424	0.38889
0.0	0.0	0.0
0.52941	0.47441	0.4
0.19048	0.149	0.08064
0.03333	0.03333	0.0
0.07018	0.07018	0.05333
0.11009	0.07353	0.04996
0.08511	0.08511	0.07407
0.00746	0.00253	0.01111
0.22222	0.20144	0.20217
0.03846	0.03846	0.05263
0.75758	0.75758	0.70833
0.15854	0.1311	0.09721
0.1	0.1	0.02381
0.09211	0.04647	0.05092
0.07143	0.07143	0.09091
0.08333	0.05801	0.08782
0.0	0.0	0.0
0.08333	0.04947	0.03267
0.2069	0.11431	0.12627
0.31915	0.21004	0.18664
0.09615	0.09615	0.08571
0.2449	0.18126	0.1415
0.03529	0.02904	0.01818
0.09489	0.08218	0.06144
0.24752	0.17216	0.15806
0.0	0.0	0.0
0.28571	0.18243	0.13332
0.0	0.0	0.0
0.15116	0.11159	0.14113
0.16071	0.11839	0.06366
0.21053	0.16979	0.01329
0.22785	0.09984	0.07302
0.17949	0.10874	0.08
0.75	0.58475	0.5
0.9	0.7291	0.69367
0.16667	0.01083	0.01083
0.14737	0.11425	0.07775
0.09524	0.06376	0.07143
0.26446	0.2038	0.20549
0.27891	0.26356	0.21799
0.07273	0.06706	0.0469
0.11111	0.11111	0.14286
0.61538	0.17123	0.125
0.0	0.0	0.0
0.08	0.02452	0.0625
0.2963	0.24678	0.23661
0.09524	0.04914	0.0
0.2	0.13141	0.11853
0.02326	0.02326	0.0
0.07407	0.07407	0.05882
0.05556	0.05556	0.0
0.15686	0.11386	0.08869
0.2439	0.20357	0.12508
0.15	0.10334	0.09993
0.16822	0.12467	0.04743
0.01351	0.01351	0.0
0.21053	0.07389	0.0337
0.36364	0.239	0.26212
0.23684	0.08872	0.05729
0.125	0.05979	0.07371
0.17647	0.17647	0.08511
0.13725	0.13725	0.11429
0.31707	0.16051	0.09936
0.0	0.0	0.0
0.17582	0.15216	0.14625
0.15686	0.09578	0.07642
0.5	0.34218	0.28016
0.42857	0.42857	0.5
0.03846	0.03846	0.0
0.05376	0.03955	0.02125
0.375	0.32256	0.2161
0.15217	0.09363	0.01812
0.07692	0.06079	0.07143
0.36364	0.21409	0.21233
0.02273	0.02273	0.03448
0.03846	0.01427	0.01923
0.05556	0.05556	0.03509
0.2	0.2	0.10526
1.0	0.3951	0.51633
0.25	0.17138	0.14286
0.06897	0.06897	0.10521
0.0	0.0	0.0
0.2619	0.2619	0.26471
0.12821	0.10505	0.09253
0.02778	0.02778	0.0
0.08772	0.06466	0.07212
0.05769	0.05769	0.05263
0.0	0.0	0.0
0.17808	0.06451	0.05224
0.05747	0.03059	0.03663
0.22951	0.22951	0.20588
0.14286	0.11201	0.10053
0.09286	0.05161	0.03086
0.19298	0.12537	0.05809
0.23188	0.14725	0.12552
0.31034	0.15629	0.10395
0.0	0.0	0.0
0.05128	0.03597	0.0426
0.16071	0.16071	0.11429
0.10256	0.07279	0.05191
0.15686	0.15686	0.12903
0.06452	0.06452	0.04762
0.0	0.0	0.0
0.24194	0.23282	0.19512
0.02703	0.02703	0.03846
0.13333	0.12222	0.12703
0.03488	0.0301	0.00154
0.0	0.0	0.0
0.09434	0.06632	0.06006
0.05556	0.05556	0.0
0.04651	0.03414	0.0303
0.0	0.0	0.0
0.15385	0.12838	0.04839
0.07895	0.07216	0.07692
0.0	0.0	0.0
0.75	0.28758	0.65333
0.07576	0.03764	0.0326
0.0	0.0	0.0
0.23077	0.19418	0.17324
0.25	0.11387	0.11742
0.12281	0.08944	0.07123
0.1875	0.16658	0.14574
0.16667	0.10807	0.11632
0.34545	0.29298	0.21063
0.0	0.0	0.0
0.0	0.0	0.0
0.38636	0.16936	0.1181
0.06579	0.03333	0.07083
0.09677	0.07803	0.03005
0.13115	0.08725	0.10526
0.01961	0.01961	0.0303
0.07576	0.07576	0.04444
0.09434	0.06147	0.03528
0.08861	0.03266	0.03636
0.23611	0.14415	0.0815
0.08738	0.07892	0.06411
0.27273	0.17448	0.14516
0.1831	0.15858	0.18868
0.0365	0.0365	0.03297
0.0	0.0	0.0
0.22892	0.22892	0.21154
0.0	0.0	0.0
0.11667	0.08692	0.09074
0.76471	0.76471	0.66667
0.6	0.3483	0.2968
0.03571	0.03571	0.04348
0.08696	0.05681	0.0745
0.0	0.0	0.0
0.05556	0.01167	0.01615
0.2093	0.19418	0.17668
0.6875	0.63306	0.56989
0.28283	0.22809	0.1496
0.02778	0.02778	0.0
0.1619	0.10508	0.0686
0.1	0.08562	0.07581
0.06667	0.06667	0.0
0.04651	0.04651	0.03846
0.07692	0.06204	0.09589
0.2549	0.1961	0.18316
0.28846	0.2351	0.17741
0.06548	0.04292	0.03476
0.06316	0.05196	0.04615
0.23404	0.16919	0.09385
0.05882	0.04743	0.06452
0.24324	0.21993	0.20163
0.0303	0.0303	0.02222
0.14286	0.07782	0.07688
0.2265	0.20526	0.17169
0.0479	0.02946	0.02003
0.10345	0.07341	0.05263
0.0	0.0	0.0
0.0	0.0	0.0
0.02941	0.02941	0.02174
0.08	0.0426	0.00464
0.14141	0.0901	0.09254
0.06316	0.06316	0.04918
0.0	0.0	0.0
0.21667	0.12607	0.11558
0.875	0.57862	0.59914
0.02941	0.02941	0.02128
0.06977	0.05364	0.05229
0.12903	0.102	0.08385
0.12676	0.08108	0.05147
0.0625	0.04658	0.04219
0.16981	0.16981	0.17143
0.08824	0.07638	0.0254
0.05	0.0375	0.05769
0.44444	0.36022	0.0484
0.3	0.19517	0.15671
0.16364	0.08476	0.04072
0.07853	0.05413	0.03317
0.0	0.0	0.0
0.4557	0.43181	0.39175
0.2	0.2	0.1
0.0	0.0	0.0
0.04444	0.04444	0.03448
0.05882	0.03415	0.05277
0.08696	0.07504	0.06109
0.0	0.0	0.0
0.13131	0.06044	0.04088
0.14371	0.08645	0.07538
0.10526	0.10526	0.09236
0.11268	0.06451	0.04276
0.33333	0.31643	0.26278
0.1	0.1	0.10714
0.42857	0.42857	0.46667
0.0	0.0	0.0
0.15957	0.11804	0.09286
0.13636	0.05277	0.0688
0.05263	0.05263	0.03529
0.52	0.49356	0.6
0.1	0.08258	0.06868
0.06897	0.06897	0.1
0.125	0.125	0.08333
0.29032	0.2591	0.27418
0.05263	0.05263	0.05263
0.0289	0.0289	0.02586
0.15789	0.15789	0.07692
0.02878	0.01694	0.01446
0.125	0.07628	0.05124
0.0	0.0	0.0
0.15596	0.12962	0.10041
0.26667	0.10867	0.15233
0.02381	0.01306	0.00164
2.0	2.0	2.0
0.06154	0.06154	0.05128
0.66667	0.66667	1.0
0.1	0.1	0.09524
0.8	0.4226	0.66667
0.125	0.09542	0.01933
0.375	0.24447	0.16495
0.17647	0.11953	0.086
0.39623	0.2176	0.15269
0.0	0.0	0.0
0.07692	0.07692	0.09677
0.375	0.375	0.375
0.04762	0.04762	0.02439
0.48837	0.44712	0.46238
0.14545	0.08767	0.02397
0.03226	0.03226	0.0
0.0	0.0	0.0
0.11842	0.11842	0.08333
0.69767	0.58442	0.52207
0.5	0.46126	0.39343
0.0	0.0	0.0
0.35294	0.18641	0.19652
