0.0	0.0	0.0
0.3	0.29732	0.25583
0.0	0.0	0.0
0.17582	0.14782	0.12451
0.05405	0.04381	0.04545
0.06944	0.04907	0.04651
0.03659	0.03659	0.02
0.0	0.0	0.0
0.0	0.0	0.0
0.0396	0.02603	0.01695
0.0	0.0	0.0
0.10938	0.06806	0.0761
0.08642	0.06412	0.0632
0.12281	0.10867	0.09091
0.0625	0.0625	0.04348
0.15254	0.09502	0.11201
0.0	0.0	0.0
0.0	0.0	0.0
0.0087	0.0021	0.0
0.0	0.0	0.0
0.0	0.0	0.0
0.04444	0.03137	0.02698
0.0	0.0	0.0
0.0	0.0	0.0
0.15556	0.12311	0.09216
0.00585	0.00142	0.0
0.03175	0.02048	0.03308
0.09259	0.06393	0.0619
0.04545	0.03518	0.05338
0.08791	0.03015	0.03287
0.24638	0.1531	0.17418
0.0	0.0	0.0
0.0	0.0	0.0
0.28302	0.19388	0.18535
0.02222	0.01075	0.00605
0.25424	0.14329	0.10628
0.01351	0.00262	0.0
0.07071	0.04774	0.01925
0.04348	0.03055	0.03653
0.0	0.0	0.0
0.0	0.0	0.0
0.02353	0.01366	0.00949
0.0	0.0	0.0
0.03226	0.02081	0.0069
0.09554	0.0862	0.08535
0.15152	0.12877	0.13708
0.14634	0.08654	0.07826
0.07273	0.05895	0.04334
0.02222	0.02222	0.01852
0.26042	0.17794	0.15641
0.30986	0.25648	0.27958
0.025	0.025	0.02041
0.0	0.0	0.0
0.25	0.25	0.22222
0.0	0.0	0.0
0.20492	0.20492	0.18667
0.10526	0.06707	0.07591
0.19643	0.15338	0.12646
0.56667	0.378	0.31168
0.07246	0.05751	0.0371
0.10345	0.07694	0.09464
0.17568	0.16543	0.19565
0.0	0.0	0.0
0.0	0.0	0.0
0.03846	0.02647	0.01512
0.08434	0.07365	0.06353
0.08219	0.05503	0.06376
0.06154	0.05137	0.05128
0.11702	0.11702	0.10169
0.07778	0.06989	0.05263
0.01869	0.01869	0.01493
0.13333	0.11396	0.11933
0.08696	0.08696	0.07273
0.0	0.0	0.0
0.08046	0.08046	0.06481
0.02174	0.02174	0.01754
0.0	0.0	0.0
0.37143	0.29126	0.27385
0.0	0.0	0.0
0.02985	0.01829	0.01878
0.0	0.0	0.0
0.05814	0.03394	0.02946
0.08772	0.08772	0.05882
0.0	0.0	0.0
0.0	0.0	0.0
0.08197	0.07669	0.09182
0.11765	0.10208	0.09615
0.0	0.0	0.0
0.20755	0.20755	0.17647
0.0	0.0	0.0
0.16477	0.15964	0.14151
0.0	0.0	0.0
0.07843	0.05028	0.04532
0.07955	0.05059	0.04323
0.01538	0.00372	0.0
0.0	0.0	0.0
0.0	0.0	0.0
0.06818	0.06818	0.07018
0.12069	0.0926	0.09451
0.38983	0.36988	0.33939
0.0	0.0	0.0
0.0087	0.0087	0.0
0.14815	0.13411	0.11339
0.0	0.0	0.0
0.11628	0.10671	0.09319
0.13846	0.09702	0.07939
0.0	0.0	0.0
0.0241	0.007	0.0019
0.06993	0.05809	0.0571
0.06329	0.04839	0.06122
0.0	0.0	0.0
0.22772	0.22772	0.20339
0.16832	0.1514	0.14673
0.23529	0.23269	0.22844
0.0	0.0	0.0
0.19178	0.19178	0.20455
0.10227	0.10227	0.09434
0.13636	0.13636	0.14035
0.23288	0.22249	0.19565
0.03419	0.01806	0.00135
0.11864	0.11864	0.10811
0.0	0.0	0.0
0.2093	0.17931	0.19819
0.14583	0.09293	0.07703
0.07059	0.04099	0.04571
0.09859	0.05339	0.04455
0.46789	0.42587	0.38071
0.0	0.0	0.0
0.20354	0.19097	0.16362
0.09375	0.09375	0.07692
0.3481	0.34065	0.30934
0.0	0.0	0.0
0.0	0.0	0.0
0.0	0.0	0.0
0.14286	0.14286	0.13699
0.0	0.0	0.0
0.0411	0.0411	0.04444
0.0	0.0	0.0
0.05882	0.03957	0.02895
0.19417	0.14141	0.08858
0.34211	0.201	0.18396
0.10714	0.10714	0.08696
0.09091	0.06078	0.07034
0.0	0.0	0.0
0.21649	0.15997	0.15378
0.1875	0.18257	0.15909
0.0	0.0	0.0
0.06299	0.03988	0.02185
0.10526	0.09466	0.09117
0.22086	0.13163	0.12582
0.0	0.0	0.0
0.01802	0.01802	0.01538
0.0	0.0	0.0
0.24658	0.16129	0.12798
0.11404	0.07994	0.06548
0.0	0.0	0.0
0.0	0.0	0.0
0.16304	0.14762	0.14815
0.07647	0.05769	0.05475
0.15929	0.15929	0.12857
0.18293	0.18293	0.16
0.0	0.0	0.0
0.29032	0.29032	0.26316
0.0	0.0	0.0
0.11966	0.11966	0.11594
0.01429	0.01429	0.0
0.0	0.0	0.0
0.22222	0.22222	0.17949
0.0875	0.0875	0.07143
0.12739	0.11311	0.10696
0.02632	0.01571	0.0
0.02941	0.02056	0.01667
0.0	0.0	0.0
0.0	0.0	0.0
0.0	0.0	0.0
0.24299	0.16326	0.17091
0.0	0.0	0.0
0.1134	0.08945	0.0758
0.25424	0.14329	0.10628
0.0	0.0	0.0
0.0	0.0	0.0
0.0	0.0	0.0
0.13636	0.12585	0.13963
0.46296	0.42533	0.389
0.0	0.0	0.0
0.0	0.0	0.0
0.29851	0.22293	0.24079
0.0	0.0	0.0
0.0	0.0	0.0
0.0	0.0	0.0
0.0	0.0	0.0
0.09589	0.05636	0.05207
0.0	0.0	0.0
0.0	0.0	0.0
0.0	0.0	0.0
0.0	0.0	0.0
0.10526	0.06707	0.07591
0.28947	0.21733	0.18337
0.16438	0.154	0.17778
0.08247	0.05189	0.01695
0.07237	0.07237	0.07609
0.0	0.0	0.0
0.0	0.0	0.0
0.0	0.0	0.0
0.0	0.0	0.0
0.22549	0.17823	0.17948
0.22093	0.22093	0.20755
0.03333	0.0181	0.01786
0.0	0.0	0.0
0.0	0.0	0.0
0.03846	0.02647	0.01512
0.0	0.0	0.0
0.01942	0.01206	0.01639
0.05495	0.04714	0.03509
0.0	0.0	0.0
0.0	0.0	0.0
0.2	0.2	0.19737
0.07558	0.07558	0.06542
0.0	0.0	0.0
0.0	0.0	0.0
0.0	0.0	0.0
0.0	0.0	0.0
0.27143	0.24101	0.22791
0.0	0.0	0.0
0.19178	0.19178	0.20455
0.0	0.0	0.0
0.0	0.0	0.0
0.0	0.0	0.0
0.1145	0.10908	0.09877
0.20968	0.20968	0.17949
0.0625	0.0625	0.05882
0.0	0.0	0.0
0.22667	0.22667	0.19149
0.11864	0.11864	0.10811
0.0	0.0	0.0
0.0	0.0	0.0
0.0	0.0	0.0
0.0	0.0	0.0
0.0	0.0	0.0
0.0	0.0	0.0
0.0	0.0	0.0
0.01974	0.01008	0.01087
0.0	0.0	0.0
0.0	0.0	0.0
0.04348	0.03055	0.03653
0.12121	0.06714	0.08305
0.28814	0.28814	0.25714
0.0	0.0	0.0
0.0241	0.00817	0.0038
0.20325	0.20325	0.18421
0.46296	0.32917	0.31026
0.04	0.01915	0.02551
0.22772	0.22772	0.20339
0.0	0.0	0.0
0.28333	0.28333	0.25
0.23529	0.23269	0.22844
0.0	0.0	0.0
0.00962	0.00372	0.0
0.0	0.0	0.0
0.0	0.0	0.0
0.0	0.0	0.0
0.15029	0.15029	0.13462
0.0	0.0	0.0
0.0	0.0	0.0
0.0	0.0	0.0
0.08929	0.06957	0.08776
0.0	0.0	0.0
0.06299	0.03988	0.02185
0.0	0.0	0.0
0.0	0.0	0.0
0.0	0.0	0.0
0.0	0.0	0.0
0.0	0.0	0.0
0.03333	0.0276	0.02698
0.17708	0.15054	0.12849
0.0	0.0	0.0
0.0	0.0	0.0
0.0	0.0	0.0
0.01099	0.00266	0.0
0.0	0.0	0.0
0.0	0.0	0.0
0.0989	0.02856	0.0257
0.15385	0.10943	0.12471
0.09091	0.0654	0.05997
0.02222	0.01075	0.00605
0.0	0.0	0.0
0.0	0.0	0.0
0.0	0.0	0.0
0.0	0.0	0.0
0.0	0.0	0.0
0.1625	0.13026	0.15221
0.0	0.0	0.0
0.22302	0.15794	0.13109
0.0	0.0	0.0
0.06723	0.04445	0.0369
0.0	0.0	0.0
0.24419	0.18229	0.17655
0.28788	0.19553	0.15479
0.00901	0.00901	0.01493
0.0	0.0	0.0
0.0	0.0	0.0
0.0	0.0	0.0
0.01176	0.00399	0.0
0.0	0.0	0.0
0.02062	0.0133	0.0
0.0	0.0	0.0
0.0	0.0	0.0
0.0	0.0	0.0
0.03704	0.01553	0.02202
0.0	0.0	0.0
0.0	0.0	0.0
0.0	0.0	0.0
0.0	0.0	0.0
0.0	0.0	0.0
0.0	0.0	0.0
0.0	0.0	0.0
0.0	0.0	0.0
0.0	0.0	0.0
0.0	0.0	0.0
0.0	0.0	0.0
0.0	0.0	0.0
0.07362	0.07362	0.05941
0.0	0.0	0.0
0.26923	0.19049	0.11996
0.0	0.0	0.0
0.0	0.0	0.0
0.0	0.0	0.0
0.0	0.0	0.0
0.0	0.0	0.0
0.0	0.0	0.0
0.07143	0.07143	0.06
0.0	0.0	0.0
0.0	0.0	0.0
0.1	0.1	0.08929
0.0	0.0	0.0
0.0	0.0	0.0
0.0	0.0	0.0
0.0	0.0	0.0
0.14286	0.14286	0.13699
0.21978	0.18451	0.17903
0.05217	0.04643	0.04362
0.0	0.0	0.0
0.15854	0.13318	0.12083
0.0	0.0	0.0
0.05941	0.03609	0.03719
0.10606	0.06723	0.08308
0.31111	0.18392	0.19481
0.03883	0.00752	0.01111
0.0087	0.0021	0.0
0.12821	0.11787	0.11051
0.13559	0.12439	0.11429
0.06742	0.04821	0.04323
0.04444	0.03137	0.02698
0.27473	0.18133	0.16852
0.12	0.06163	0.0741
0.0	0.0	0.0
0.03604	0.02413	0.01538
0.1	0.03999	0.04506
0.125	0.09736	0.09122
0.0	0.0	0.0
0.0	0.0	0.0
0.0	0.0	0.0
0.0	0.0	0.0
0.0	0.0	0.0
0.04938	0.03247	0.02531
0.4812	0.26976	0.22225
0.0	0.0	0.0
0.0	0.0	0.0
0.4026	0.25035	0.24433
0.06471	0.03957	0.04666
0.07143	0.0489	0.04872
0.0	0.0	0.0
0.0274	0.01636	0.0
0.21875	0.13967	0.13635
0.07921	0.04871	0.01859
0.0495	0.04296	0.03226
0.02532	0.0049	0.00216
0.13559	0.10593	0.11223
0.39496	0.36839	0.33803
0.10112	0.10112	0.07407
0.0	0.0	0.0
0.17978	0.13683	0.09971
0.0	0.0	0.0
0.03333	0.02652	0.02477
0.0	0.0	0.0
0.48148	0.43907	0.40131
0.0087	0.0087	0.0
0.13333	0.1114	0.10138
0.24731	0.15594	0.14369
0.15152	0.12877	0.13708
0.13971	0.10033	0.07621
0.0	0.0	0.0
0.06944	0.04907	0.04651
0.10526	0.06707	0.07591
0.31429	0.28203	0.28387
0.07143	0.06941	0.04334
0.16304	0.14762	0.14815
0.2623	0.2623	0.22222
0.20492	0.20492	0.18667
0.0	0.0	0.0
0.04412	0.04412	0.02564
0.12048	0.10299	0.09096
0.08955	0.07969	0.09756
0.20253	0.20253	0.17391
0.24	0.23484	0.21524
0.0	0.0	0.0
0.2234	0.1493	0.1163
0.21552	0.18466	0.16151
0.55932	0.37129	0.31908
0.18812	0.15954	0.14673
0.0	0.0	0.0
0.33333	0.30323	0.28047
0.0	0.0	0.0
0.24138	0.20663	0.17175
0.0	0.0	0.0
0.07692	0.02513	0.03721
0.23529	0.23269	0.22844
0.05128	0.02896	0.01917
0.06742	0.06742	0.0566
0.0	0.0	0.0
0.12069	0.12069	0.08824
0.0	0.0	0.0
0.0274	0.02297	0.02309
0.15152	0.10853	0.06539
0.0566	0.0321	0.02688
0.0	0.0	0.0
0.03604	0.02413	0.01538
0.01111	0.01111	0.01786
0.33684	0.16511	0.13024
0.51429	0.34427	0.32189
0.01205	0.01205	0.0
0.0	0.0	0.0
0.14286	0.14286	0.13699
0.19178	0.19178	0.20455
0.0	0.0	0.0
0.21875	0.17878	0.13915
0.11864	0.11864	0.10811
0.0	0.0	0.0
0.0	0.0	0.0
0.11905	0.09198	0.08033
0.04587	0.04587	0.02985
0.13559	0.08367	0.09793
0.11475	0.09255	0.07399
0.24299	0.16236	0.17091
0.02222	0.00824	0.00605
0.20833	0.13795	0.08593
0.36667	0.34302	0.32483
0.01802	0.00611	0.0
0.19481	0.18496	0.20833
0.11921	0.08952	0.08766
0.14414	0.14414	0.11594
0.34459	0.31878	0.29558
0.13043	0.13043	0.10909
0.01538	0.00372	0.0
0.01429	0.00277	0.0
0.01775	0.01327	0.0
0.0	0.0	0.0
0.07563	0.06249	0.06849
0.0	0.0	0.0
0.0	0.0	0.0
0.18605	0.13093	0.11061
0.1	0.0828	0.07617
0.0241	0.007	0.0019
0.08642	0.0701	0.08
0.06504	0.05101	0.04796
0.12821	0.12173	0.11594
0.06452	0.05481	0.05085
0.01429	0.01429	0.0
0.07353	0.02302	0.0109
0.11111	0.04856	0.06656
0.27473	0.17904	0.18491
0.1958	0.17889	0.16019
0.40984	0.31733	0.27333
0.12346	0.10654	0.10375
0.34211	0.29904	0.27113
0.10169	0.04635	0.04133
0.16667	0.16231	0.14423
0.11765	0.09446	0.08503
0.06579	0.03608	0.02687
0.04	0.02581	0.01724
0.07018	0.07018	0.06452
0.02778	0.02329	0.02363
0.01111	0.01111	0.01786
0.35789	0.16969	0.132
0.05479	0.04441	0.04444
0.24138	0.21174	0.21332
0.15625	0.08294	0.09182
0.11475	0.07564	0.08669
0.38983	0.23161	0.17919
0.0	0.0	0.0
0.07143	0.05069	0.05061
0.12871	0.08752	0.08534
0.06667	0.05656	0.06667
0.09589	0.05656	0.04911
0.1131	0.10417	0.08856
0.0	0.0	0.0
0.08219	0.05503	0.06376
0.3	0.25102	0.19069
0.30769	0.20652	0.16862
0.0	0.0	0.0
0.44286	0.24197	0.28496
0.08	0.07065	0.0283
0.0	0.0	0.0
0.01124	0.01124	0.01852
0.0	0.0	0.0
0.0	0.0	0.0
0.01639	0.00318	0.0
0.10563	0.07451	0.06285
0.10791	0.09085	0.0923
0.11828	0.11828	0.10345
0.10303	0.10137	0.07501
0.0	0.0	0.0
0.0	0.0	0.0
0.0	0.0	0.0
0.09231	0.06825	0.07742
0.18095	0.14501	0.12365
0.17442	0.17442	0.16981
0.14545	0.11702	0.06552
0.24088	0.1812	0.16821
0.0	0.0	0.0
0.25424	0.19547	0.21819
0.62264	0.43853	0.40165
0.0	0.0	0.0
0.27632	0.20186	0.20236
0.0	0.0	0.0
0.17742	0.17742	0.16216
0.16667	0.10304	0.1051
0.0	0.0	0.0
0.0	0.0	0.0
0.1129	0.1129	0.11111
0.14118	0.14194	0.11663
0.06757	0.03249	0.03152
0.0219	0.0219	0.01235
0.0	0.0	0.0
0.06716	0.06223	0.0625
0.21839	0.19133	0.16339
0.08333	0.07232	0.05263
0.0	0.0	0.0
0.26027	0.26027	0.23256
0.39216	0.3852	0.37097
0.03361	0.02006	0.01482
0.11628	0.10928	0.09217
0.0	0.0	0.0
0.19588	0.15581	0.13724
0.04762	0.03203	0.04856
0.08333	0.08333	0.06897
0.75926	0.6444	0.56645
0.0	0.0	0.0
0.14773	0.09458	0.08631
0.0	0.0	0.0
0.0	0.0	0.0
0.33628	0.32558	0.3176
0.16393	0.15111	0.13463
0.01887	0.00183	0.0
0.0	0.0	0.0
0.33594	0.3294	0.30904
0.00613	0.00178	0.00302
0.225	0.225	0.26923
0.41379	0.3148	0.24702
0.03704	0.02569	0.0303
0.45192	0.34835	0.28877
0.15152	0.08358	0.0863
0.42857	0.28178	0.23173
0.14754	0.07034	0.05495
0.16279	0.16279	0.15686
0.0566	0.0312	0.04343
0.09836	0.08831	0.12186
0.09524	0.09524	0.08
0.1358	0.10893	0.08968
0.0404	0.0404	0.04839
0.0	0.0	0.0
0.15385	0.08377	0.07077
0.13291	0.13291	0.12371
0.09565	0.09565	0.08451
0.14815	0.14815	0.14286
0.09195	0.0649	0.05228
0.0	0.0	0.0
0.29412	0.22913	0.21085
0.0	0.0	0.0
0.04478	0.04478	0.025
0.08537	0.08537	0.08
0.07071	0.06257	0.05085
0.15476	0.15495	0.15415
0.41071	0.31796	0.30516
0.10092	0.08967	0.08618
0.17213	0.16552	0.15068
0.23529	0.17143	0.15917
0.1573	0.12993	0.14783
0.18605	0.1343	0.125
0.07692	0.05956	0.0625
0.12658	0.12658	0.10638
0.125	0.10204	0.09328
0.0	0.0	0.0
0.08219	0.05701	0.04051
0.04762	0.04762	0.02632
0.03226	0.02693	0.02778
0.03279	0.03279	0.02632
0.11111	0.09289	0.05218
0.13793	0.10512	0.10874
0.07071	0.05214	0.0462
0.30769	0.20475	0.20544
0.16	0.10045	0.07998
0.23864	0.16022	0.14335
0.0	0.0	0.0
0.04167	0.04167	0.03448
0.0	0.0	0.0
0.0	0.0	0.0
0.175	0.13132	0.09879
0.025	0.01277	0.0
0.0	0.0	0.0
0.0	0.0	0.0
0.27143	0.27143	0.25581
0.04167	0.04167	0.03571
0.0	0.0	0.0
0.08759	0.06275	0.05595
0.07143	0.03549	0.04444
0.0	0.0	0.0
0.06024	0.02799	0.03851
0.14943	0.14016	0.15385
0.02857	0.01406	0.00349
0.16216	0.09395	0.09031
0.35938	0.35938	0.35
0.03077	0.02158	0.03792
0.36957	0.33158	0.29651
0.0	0.0	0.0
0.0	0.0	0.0
0.03509	0.03509	0.02857
0.0	0.0	0.0
0.42373	0.28188	0.26911
0.0	0.0	0.0
0.04348	0.04348	0.04444
0.0991	0.0991	0.08955
0.16842	0.10322	0.10913
0.29091	0.29091	0.24242
0.0	0.0	0.0
0.14423	0.12872	0.09238
0.04211	0.02819	0.02844
0.15753	0.13523	0.1312
0.09459	0.06061	0.03942
0.14925	0.12687	0.13517
0.08571	0.0742	0.0779
0.0	0.0	0.0
0.02941	0.02941	0.02439
0.1049	0.09926	0.09302
0.02299	0.02299	0.01923
0.42	0.35841	0.32656
0.38462	0.34889	0.34383
0.11321	0.0554	0.04084
0.1875	0.11645	0.1097
0.15753	0.10871	0.09127
0.21538	0.16378	0.13768
0.0	0.0	0.0
0.11504	0.10219	0.08999
0.03226	0.03226	0.02703
0.24528	0.24528	0.22581
0.20833	0.16622	0.16953
0.1371	0.10537	0.09851
0.0	0.0	0.0
0.31343	0.18009	0.171
0.04706	0.04706	0.04082
0.13725	0.08257	0.0527
0.0	0.0	0.0
0.0	0.0	0.0
0.0	0.0	0.0
0.31746	0.11294	0.09846
0.0	0.0	0.0
0.0354	0.01956	0.0243
0.06849	0.06849	0.07143
0.0431	0.02267	0.01524
0.16842	0.12311	0.13122
0.0	0.0	0.0
0.0	0.0	0.0
0.14516	0.12148	0.10725
0.0	0.0	0.0
0.0	0.0	0.0
0.07258	0.02642	0.01757
0.11905	0.11905	0.13208
0.06579	0.04097	0.0132
0.06452	0.04995	0.05263
0.0	0.0	0.0
0.09302	0.0829	0.06769
0.0	0.0	0.0
0.0	0.0	0.0
0.44444	0.39368	0.33476
0.07042	0.05907	0.04762
0.03297	0.02516	0.01786
0.35897	0.35897	0.34783
0.12308	0.03922	0.018
0.06383	0.03004	0.02391
0.07595	0.07186	0.06383
0.4125	0.25164	0.24674
0.0	0.0	0.0
0.25926	0.25926	0.22059
0.13043	0.09852	0.08094
0.0	0.0	0.0
0.0	0.0	0.0
0.0625	0.05829	0.06425
0.0	0.0	0.0
0.29762	0.26075	0.2489
0.33333	0.22315	0.21319
0.19444	0.19444	0.17391
0.008	0.00155	0.00262
0.14062	0.10536	0.10174
0.0	0.0	0.0
0.18182	0.1406	0.13725
0.02857	0.01843	0.0
0.22642	0.16436	0.15403
0.08621	0.06688	0.03835
0.0	0.0	0.0
0.06918	0.06503	0.05882
0.03614	0.03614	0.04
0.04545	0.03935	0.03068
0.12222	0.08692	0.07913
0.03448	0.0241	0.01786
0.11009	0.08686	0.10149
0.10476	0.10476	0.10145
0.02564	0.00249	0.0
0.07463	0.07463	0.07895
0.01961	0.01961	0.01639
0.13235	0.07946	0.10968
0.0	0.0	0.0
0.0	0.0	0.0
0.11111	0.08304	0.08194
0.0	0.0	0.0
0.14706	0.13804	0.09756
0.02128	0.02128	0.0
0.18367	0.18367	0.16667
0.2931	0.26447	0.23529
0.32143	0.20593	0.15941
0.03659	0.03659	0.03846
0.08163	0.08163	0.1
0.05882	0.02966	0.01914
0.0	0.0	0.0
0.0	0.0	0.0
0.29487	0.16835	0.1883
0.01739	0.00463	0.0
0.15909	0.09898	0.09231
0.08333	0.08333	0.06897
0.0	0.0	0.0
0.0	0.0	0.0
0.0	0.0	0.0
0.10976	0.06845	0.0671
0.32653	0.23077	0.22665
0.01961	0.01961	0.0
0.0	0.0	0.0
0.05594	0.04275	0.03226
0.0	0.0	0.0
0.0	0.0	0.0
0.03571	0.03571	0.02778
0.01818	0.01818	0.0
0.0	0.0	0.0
0.0	0.0	0.0
0.12121	0.066	0.06532
0.0	0.0	0.0
0.33	0.28549	0.24007
0.18692	0.14562	0.13356
0.13514	0.12685	0.11628
0.0	0.0	0.0
0.0625	0.03806	0.0
0.04839	0.03382	0.02703
0.0	0.0	0.0
0.1831	0.09134	0.06924
0.0	0.0	0.0
0.15663	0.12302	0.10184
0.16418	0.13421	0.11855
0.34091	0.23645	0.26843
0.22857	0.15899	0.15214
0.05109	0.04521	0.04651
0.25	0.25	0.22581
0.03333	0.02617	0.02854
0.07955	0.0537	0.04687
0.01389	0.00269	0.00451
0.04938	0.01773	0.00404
0.0	0.0	0.0
0.0	0.0	0.0
0.07246	0.04184	0.02564
0.1913	0.14951	0.15577
0.34118	0.34118	0.32
0.0	0.0	0.0
0.15556	0.15556	0.1375
0.0	0.0	0.0
0.0	0.0	0.0
0.05769	0.04498	0.03226
0.2906	0.27682	0.26389
0.07937	0.07194	0.06663
0.35514	0.30315	0.255
0.04412	0.04412	0.02381
0.11475	0.08831	0.08553
0.0	0.0	0.0
0.1165	0.1165	0.10938
0.18966	0.11126	0.10558
0.08108	0.02486	0.04167
0.13462	0.06826	0.04918
0.0	0.0	0.0
0.0	0.0	0.0
0.0	0.0	0.0
0.08462	0.08462	0.06579
0.0	0.0	0.0
0.08571	0.08571	0.08235
0.16154	0.0896	0.09075
0.59701	0.5857	0.55814
0.0	0.0	0.0
0.01111	0.01111	0.01786
0.0	0.0	0.0
0.1236	0.10874	0.10227
0.1134	0.08214	0.05942
0.0	0.0	0.0
0.0	0.0	0.0
0.59259	0.59259	0.52941
0.0	0.0	0.0
0.0	0.0	0.0
0.125	0.10731	0.08615
0.12308	0.09902	0.08849
0.0	0.0	0.0
0.05882	0.05882	0.05634
0.0	0.0	0.0
0.0	0.0	0.0
0.10674	0.09769	0.10176
0.04918	0.03754	0.02632
0.05195	0.03603	0.03942
0.0	0.0	0.0
0.41935	0.24276	0.2097
0.0	0.0	0.0
0.31507	0.19712	0.15758
0.16667	0.12904	0.10576
0.39326	0.26625	0.21507
0.03846	0.0456	0.05362
0.03497	0.02718	0.03448
0.18182	0.18182	0.16667
0.04	0.04	0.03333
0.03922	0.03922	0.03448
0.17105	0.13732	0.11111
0.10526	0.09338	0.09302
0.0	0.0	0.0
0.04717	0.01538	0.00159
0.0	0.0	0.0
0.07692	0.04743	0.02852
0.0	0.0	0.0
0.09677	0.08984	0.0956
0.24419	0.18024	0.175
0.0	0.0	0.0
0.0	0.0	0.0
0.0	0.0	0.0
0.0	0.0	0.0
0.04167	0.03047	0.02777
0.23913	0.21599	0.22156
0.25	0.1911	0.19529
0.19298	0.18139	0.15625
0.0	0.0	0.0
0.17708	0.17708	0.16364
0.17391	0.11059	0.12907
0.03704	0.02868	0.03177
0.00847	0.00847	0.0
0.02667	0.02667	0.02273
0.09574	0.05698	0.06811
0.22727	0.12427	0.14577
0.09459	0.06016	0.07013
0.19118	0.13924	0.13888
0.0	0.0	0.0
0.125	0.09098	0.08405
0.01282	0.00249	0.00366
0.19403	0.09749	0.12654
0.15294	0.11804	0.10816
0.01389	0.01389	0.0
0.26582	0.16986	0.16573
0.27619	0.24515	0.22786
0.19149	0.17228	0.12903
0.0	0.0	0.0
0.18367	0.12576	0.10647
0.0	0.0	0.0
0.225	0.14215	0.14318
0.03077	0.0206	0.02632
0.17647	0.13961	0.13278
0.18667	0.11205	0.11817
0.24286	0.21913	0.19279
0.20155	0.17291	0.18445
0.01709	0.01709	0.01389
0.40351	0.23523	0.17478
0.05102	0.04181	0.03495
0.00909	0.00909	0.01408
0.0	0.0	0.0
0.12281	0.10696	0.08603
0.34314	0.27182	0.22938
0.07246	0.0561	0.06529
0.02804	0.01628	0.01814
0.0	0.0	0.0
0.32558	0.24927	0.20574
0.0	0.0	0.0
0.06452	0.06452	0.07143
0.07826	0.06761	0.05907
0.17391	0.17391	0.13793
0.0	0.0	0.0
0.12195	0.09979	0.1043
0.0	0.0	0.0
0.05921	0.04203	0.03457
0.02381	0.01306	0.01961
0.03077	0.01911	0.02564
0.0	0.0	0.0
0.0	0.0	0.0
0.37288	0.29225	0.28388
0.08571	0.02674	0.03385
0.0	0.0	0.0
0.20408	0.20408	0.19355
0.0	0.0	0.0
0.04505	0.03822	0.02941
0.03896	0.02325	0.01192
0.0	0.0	0.0
0.28571	0.25711	0.25427
0.20455	0.12959	0.13291
0.07914	0.07914	0.08046
0.02941	0.02056	0.01667
0.04	0.02044	0.02273
0.0	0.0	0.0
0.45333	0.29353	0.27382
0.07143	0.06874	0.07862
0.05882	0.02088	0.02029
0.0	0.0	0.0
0.13415	0.12609	0.12
0.0	0.0	0.0
0.31034	0.26336	0.23235
0.15652	0.15652	0.14925
0.1	0.05512	0.05346
0.24528	0.18109	0.20032
0.03883	0.03664	0.02816
0.02703	0.02703	0.02326
0.14444	0.13495	0.12366
0.07778	0.05467	0.069
0.25	0.20188	0.21192
0.04286	0.02996	0.02551
0.13636	0.08249	0.07771
0.08271	0.06294	0.05757
0.13934	0.13934	0.12162
0.0	0.0	0.0
0.01587	0.00154	0.0
0.19444	0.19444	0.16667
0.04878	0.02223	0.0103
0.0	0.0	0.0
0.06364	0.05675	0.04762
0.04386	0.02434	0.01545
0.19079	0.18485	0.16667
0.04819	0.02372	0.01455
0.14815	0.089	0.092
0.0	0.0	0.0
0.02655	0.01071	0.00682
0.1087	0.047	0.03846
0.18919	0.13276	0.1252
0.39759	0.30978	0.28162
0.05195	0.03226	0.03226
0.05172	0.03059	0.02772
0.06122	0.05673	0.04444
0.05495	0.05495	0.05263
0.75625	0.63843	0.56632
0.26087	0.1938	0.13656
0.0411	0.03083	0.03081
0.0	0.0	0.0
0.09722	0.0531	0.02334
0.0	0.0	0.0
0.11111	0.11111	0.10714
0.08642	0.06452	0.06917
0.04878	0.04878	0.03922
0.15789	0.15789	0.14035
0.14035	0.10337	0.08786
0.0	0.0	0.0
0.42222	0.29713	0.27361
0.0	0.0	0.0
0.24828	0.24828	0.23529
0.23077	0.14238	0.11879
0.0	0.0	0.0
0.0	0.0	0.0
0.27419	0.15977	0.15565
0.10092	0.09011	0.09245
0.27273	0.18543	0.16732
0.0411	0.0411	0.02273
0.03448	0.03013	0.02155
0.12903	0.12227	0.12055
0.09278	0.09278	0.08621
0.0	0.0	0.0
0.19767	0.10185	0.07487
0.08889	0.07886	0.07879
0.03419	0.02082	0.01545
0.05319	0.03261	0.04866
0.0125	0.00121	0.00202
0.1203	0.11642	0.11855
0.19048	0.14889	0.14581
0.14894	0.14894	0.125
0.0	0.0	0.0
0.01667	0.00162	0.00277
0.12977	0.12977	0.11392
0.0	0.0	0.0
0.16279	0.13298	0.13143
0.05691	0.0442	0.04054
0.19718	0.18196	0.16222
0.05224	0.05224	0.05952
0.0	0.0	0.0
0.0	0.0	0.0
0.17143	0.13549	0.11644
0.0	0.0	0.0
0.09639	0.07871	0.06194
0.0	0.0	0.0
0.0625	0.05016	0.04698
0.0	0.0	0.0
0.05155	0.04324	0.03125
0.09924	0.09419	0.07692
0.10769	0.0814	0.05377
0.0	0.0	0.0
0.0	0.0	0.0
0.0	0.0	0.0
0.20833	0.15839	0.12131
0.0	0.0	0.0
0.12857	0.09217	0.0948
0.14414	0.11305	0.11481
0.06211	0.06211	0.05882
0.34921	0.31772	0.28136
0.0	0.0	0.0
0.0	0.0	0.0
0.0	0.0	0.0
0.24719	0.23885	0.22672
0.0	0.0	0.0
0.03509	0.01189	0.0
0.16346	0.09711	0.07561
0.0	0.0	0.0
0.01064	0.00257	0.0
0.2924	0.25543	0.24253
0.05926	0.04744	0.04115
0.04412	0.03226	0.02912
0.0	0.0	0.0
0.2439	0.22359	0.20772
0.03077	0.02134	0.00992
0.0	0.0	0.0
0.09375	0.05116	0.05355
0.08889	0.06882	0.0698
0.14167	0.14167	0.1458
0.20388	0.20388	0.2
0.1039	0.08381	0.07435
0.07143	0.07143	0.06818
0.08182	0.05132	0.0635
0.52874	0.48055	0.43336
0.0	0.0	0.0
0.06944	0.05062	0.03118
0.06452	0.04752	0.04476
0.17143	0.13896	0.13857
0.2069	0.17219	0.14159
0.12222	0.10609	0.09109
0.06316	0.06316	0.06667
0.0	0.0	0.0
0.02759	0.00957	0.0011
0.11111	0.09857	0.09722
0.20548	0.20548	0.18182
0.11382	0.1108	0.10038
0.0	0.0	0.0
0.0	0.0	0.0
0.05797	0.03904	0.01802
0.04938	0.01833	0.02437
0.01786	0.01771	0.00712
0.09195	0.08269	0.07843
0.0	0.0	0.0
0.0	0.0	0.0
0.03478	0.01879	0.00912
0.15323	0.15323	0.14865
0.03226	0.03226	0.025
0.07273	0.04009	0.03617
0.05983	0.04702	0.03988
0.07843	0.06104	0.09734
0.09375	0.06401	0.0854
0.15741	0.10365	0.09482
0.0	0.0	0.0
0.09286	0.09286	0.09524
0.14286	0.11097	0.05944
0.03175	0.0265	0.02632
0.02885	0.01334	0.01798
0.04348	0.03039	0.02439
0.0	0.0	0.0
0.0	0.0	0.0
0.0	0.0	0.0
0.0	0.0	0.0
0.06579	0.05709	0.04545
0.072	0.072	0.06667
0.09524	0.07133	0.07824
0.04878	0.03404	0.03025
0.13605	0.1332	0.11957
0.01282	0.01282	0.0
0.0	0.0	0.0
0.12931	0.0983	0.07451
0.04762	0.01326	0.01356
0.10169	0.10169	0.09722
0.06087	0.05063	0.04839
0.10559	0.08606	0.05614
0.25243	0.25243	0.21875
0.03846	0.02388	0.03125
0.01587	0.01587	0.01316
0.29167	0.19157	0.1932
0.10377	0.09266	0.09678
0.0	0.0	0.0
0.34483	0.20609	0.24194
0.01316	0.01316	0.0
0.15873	0.10089	0.1129
0.0	0.0	0.0
0.31169	0.28373	0.26019
0.10577	0.0867	0.10509
0.02128	0.00772	0.00917
0.15909	0.11383	0.11291
0.0	0.0	0.0
0.08861	0.04187	0.03944
0.03012	0.03012	0.02885
0.0	0.0	0.0
0.13592	0.09725	0.09754
0.0	0.0	0.0
0.0	0.0	0.0
0.28049	0.18372	0.14548
0.19266	0.15139	0.13946
0.08148	0.0675	0.05694
0.26724	0.24708	0.21926
0.04808	0.03939	0.03175
0.16216	0.15018	0.11805
0.14493	0.09632	0.04072
0.0	0.0	0.0
0.04464	0.03471	0.03134
0.01031	0.01031	0.01724
0.04348	0.04348	0.04167
0.26	0.18307	0.15483
0.10714	0.05041	0.04058
0.05988	0.05612	0.04219
0.13913	0.12063	0.11291
0.2	0.16588	0.15263
0.0	0.0	0.0
0.0	0.0	0.0
0.32353	0.22462	0.20851
0.07273	0.07273	0.08824
0.09091	0.09091	0.10417
0.0	0.0	0.0
0.16	0.1244	0.11439
0.02817	0.02817	0.0241
0.03636	0.03636	0.02941
0.168	0.15149	0.13993
0.0	0.0	0.0
0.0	0.0	0.0
0.27358	0.22841	0.19663
0.0	0.0	0.0
0.08333	0.06899	0.05502
0.04	0.04	0.02632
0.03636	0.00529	0.0
0.22549	0.11751	0.0981
0.14894	0.11188	0.09819
0.0	0.0	0.0
0.07801	0.0588	0.05012
0.02885	0.02388	0.02248
0.0	0.0	0.0
0.25287	0.22247	0.1642
0.02083	0.00756	0.0
0.0	0.0	0.0
0.0	0.0	0.0
0.02083	0.01535	0.02126
0.09211	0.09211	0.09091
0.0	0.0	0.0
0.16883	0.13344	0.12453
0.01149	0.01149	0.0
0.13103	0.11802	0.11107
0.0	0.0	0.0
0.0	0.0	0.0
0.15306	0.0999	0.11512
0.0	0.0	0.0
0.04082	0.01888	0.01334
0.04098	0.04098	0.0274
0.2028	0.13097	0.11159
0.05	0.01029	0.00404
0.0	0.0	0.0
0.04762	0.04762	0.0396
0.0	0.0	0.0
0.0	0.0	0.0
0.17647	0.11907	0.10062
0.12397	0.10265	0.08443
0.0	0.0	0.0
0.1383	0.10261	0.09795
0.14706	0.08469	0.07403
0.47619	0.30132	0.26387
0.11268	0.09632	0.0771
0.01724	0.01724	0.01408
0.0	0.0	0.0
0.0	0.0	0.0
0.0	0.0	0.0
0.1375	0.13367	0.13387
0.09259	0.02511	0.01424
0.40187	0.36328	0.31919
0.0	0.0	0.0
0.0	0.0	0.0
0.57554	0.5412	0.47183
0.0	0.0	0.0
0.0	0.0	0.0
0.13245	0.13245	0.14894
0.08966	0.08743	0.1086
0.17089	0.15476	0.16618
0.23276	0.23276	0.21622
0.19828	0.19828	0.18056
0.05696	0.05278	0.05263
0.28767	0.28767	0.22222
0.22989	0.22989	0.21154
0.0	0.0	0.0
0.08333	0.06128	0.06451
0.05607	0.02744	0.01537
0.30769	0.17594	0.159
0.21311	0.21311	0.18421
0.0625	0.0625	0.03448
0.0	0.0	0.0
0.18367	0.18367	0.16667
0.06944	0.0439	0.02042
0.0	0.0	0.0
0.0	0.0	0.0
0.0	0.0	0.0
0.13043	0.08509	0.09528
0.16176	0.16176	0.14634
0.17742	0.17742	0.17568
0.22727	0.1232	0.07836
0.20312	0.14039	0.12367
0.03279	0.02036	0.02703
0.0	0.0	0.0
0.025	0.025	0.02041
0.29412	0.284	0.25598
0.21795	0.14931	0.15304
0.0	0.0	0.0
0.0283	0.0248	0.02545
0.0	0.0	0.0
0.0	0.0	0.0
0.02239	0.01324	0.0181
0.0	0.0	0.0
0.08966	0.08488	0.07778
0.02273	0.01589	0.0241
0.21277	0.12921	0.10205
0.17308	0.15447	0.13141
0.10204	0.09382	0.08929
0.15476	0.09775	0.0671
0.01613	0.00547	0.0
0.05882	0.03889	0.03857
0.0	0.0	0.0
0.10959	0.10959	0.11111
0.04545	0.04545	0.05769
0.2027	0.19311	0.19279
0.0	0.0	0.0
0.09722	0.06497	0.04878
0.33333	0.28092	0.25508
0.17895	0.11734	0.11514
0.09375	0.08736	0.07696
0.10345	0.08788	0.08468
0.0	0.0	0.0
0.03306	0.02493	0.02762
0.15179	0.13077	0.1269
0.25352	0.25352	0.24444
0.0	0.0	0.0
0.2069	0.13905	0.14843
0.26471	0.26471	0.23684
0.0	0.0	0.0
0.28261	0.24842	0.22727
0.0	0.0	0.0
0.0	0.0	0.0
0.0	0.0	0.0
0.0	0.0	0.0
0.0	0.0	0.0
0.0	0.0	0.0
0.15	0.10211	0.08927
0.0	0.0	0.0
0.11494	0.11494	0.11321
0.23364	0.14686	0.15349
0.04828	0.04828	0.05682
0.04762	0.03324	0.03786
0.15	0.10688	0.0582
0.16438	0.12086	0.07877
0.0	0.0	0.0
0.0	0.0	0.0
0.02158	0.00592	0.00354
0.2451	0.17807	0.16764
0.07463	0.03804	0.04435
0.04651	0.00864	0.00126
0.04839	0.04839	0.02778
0.1831	0.13837	0.11542
0.07843	0.07843	0.08065
0.08475	0.08475	0.08219
0.16456	0.11292	0.08685
0.0	0.0	0.0
0.30769	0.18756	0.15902
0.37313	0.34425	0.33795
0.69565	0.43278	0.40398
0.41111	0.29214	0.22323
0.09677	0.08862	0.07407
0.125	0.125	0.11628
0.03774	0.03774	0.0303
0.0	0.0	0.0
0.0	0.0	0.0
0.09091	0.06453	0.05646
0.15385	0.13205	0.08929
0.0274	0.0274	0.02222
0.09091	0.06508	0.0275
0.11765	0.11765	0.09677
0.14615	0.1206	0.11247
0.17857	0.13692	0.1139
0.10256	0.02979	0.02948
0.0	0.0	0.0
0.0	0.0	0.0
0.12676	0.10745	0.07833
0.0	0.0	0.0
0.23288	0.21145	0.20216
0.02083	0.02083	0.01754
0.0	0.0	0.0
0.24561	0.23486	0.24668
0.19565	0.16096	0.183
0.0	0.0	0.0
0.09302	0.07502	0.05406
0.16667	0.12156	0.10312
0.0	0.0	0.0
0.04412	0.03084	0.02381
0.0	0.0	0.0
0.02899	0.00912	0.00921
0.0	0.0	0.0
0.08475	0.05686	0.04928
0.0	0.0	0.0
0.0	0.0	0.0
0.38095	0.3484	0.32706
0.0	0.0	0.0
0.01923	0.01923	0.0
0.1	0.0858	0.06667
0.15217	0.1038	0.12014
0.20183	0.20021	0.17387
0.0	0.0	0.0
0.03636	0.02435	0.02941
0.01923	0.01923	0.01538
0.0	0.0	0.0
0.0	0.0	0.0
0.2027	0.15454	0.13227
0.40541	0.36138	0.30477
0.02299	0.01428	0.0
0.07576	0.07576	0.075
0.09402	0.08381	0.08451
0.30435	0.28401	0.27702
0.0	0.0	0.0
0.07812	0.03806	0.03142
0.19298	0.13104	0.11337
0.1	0.1	0.10256
0.0	0.0	0.0
0.01527	0.01527	0.01266
0.09375	0.08417	0.05518
0.0	0.0	0.0
0.0	0.0	0.0
0.18421	0.18421	0.18605
0.17021	0.12494	0.08871
0.0	0.0	0.0
0.06107	0.04408	0.03144
0.11594	0.11126	0.1063
0.0	0.0	0.0
0.42623	0.2687	0.25768
0.13636	0.13636	0.12963
0.72222	0.56382	0.50506
0.16667	0.16667	0.15789
0.10526	0.03961	0.04079
0.13187	0.10812	0.11202
0.3587	0.29191	0.25016
0.2963	0.28753	0.26
0.125	0.07292	0.02903
0.21429	0.13134	0.07465
0.0	0.0	0.0
0.04225	0.0209	0.0
0.09589	0.05899	0.04237
0.0	0.0	0.0
0.0	0.0	0.0
0.09353	0.08193	0.07287
0.2963	0.12759	0.08606
0.09859	0.05748	0.04724
0.06593	0.06593	0.0678
0.30357	0.23245	0.22139
0.02273	0.02273	0.01818
0.0	0.0	0.0
0.1	0.07994	0.10021
0.0	0.0	0.0
0.0	0.0	0.0
0.04545	0.02072	0.02151
0.25	0.1807	0.181
0.01282	0.01282	0.0
0.0625	0.0625	0.06
0.0	0.0	0.0
0.09836	0.07814	0.07918
0.0	0.0	0.0
0.13158	0.08916	0.10383
0.0	0.0	0.0
0.05195	0.031	0.02222
0.12346	0.07068	0.0922
0.0	0.0	0.0
0.1453	0.0954	0.10296
0.01724	0.00334	0.00571
0.08	0.05936	0.0656
0.06667	0.02886	0.03196
0.0	0.0	0.0
0.16438	0.12992	0.09528
0.0	0.0	0.0
0.33613	0.27935	0.2638
0.0	0.0	0.0
0.24615	0.23598	0.21053
0.37778	0.26202	0.20748
0.02532	0.01653	0.02174
0.0	0.0	0.0
0.0	0.0	0.0
0.125	0.08725	0.07754
0.03191	0.01477	0.02095
0.0	0.0	0.0
0.0	0.0	0.0
0.3	0.21185	0.20103
0.26471	0.19332	0.14832
0.01471	0.00426	0.0
0.0	0.0	0.0
0.0	0.0	0.0
0.0	0.0	0.0
0.0	0.0	0.0
0.0	0.0	0.0
0.0	0.0	0.0
0.52239	0.34478	0.281
0.21875	0.1588	0.1113
0.0	0.0	0.0
0.13462	0.13462	0.1
0.10959	0.07116	0.08214
0.08791	0.03812	0.02353
0.29091	0.18243	0.19478
0.0	0.0	0.0
0.0	0.0	0.0
0.06154	0.06154	0.05263
0.11429	0.07257	0.083
0.0	0.0	0.0
0.0	0.0	0.0
0.10256	0.0852	0.08229
0.12139	0.09427	0.08613
0.03704	0.03704	0.04167
0.16176	0.10247	0.0699
0.16	0.16	0.15217
0.29231	0.21443	0.18748
0.0	0.0	0.0
0.0	0.0	0.0
0.0	0.0	0.0
0.04348	0.01982	0.00864
0.06667	0.06667	0.02235
0.0	0.0	0.0
0.26316	0.19272	0.17983
0.12727	0.12727	0.08571
0.24038	0.21945	0.20917
0.31148	0.27605	0.22146
0.0	0.0	0.0
0.0	0.0	0.0
0.08929	0.08929	0.08571
0.11111	0.09658	0.09342
0.09756	0.08039	0.06245
0.13415	0.10878	0.09151
0.27632	0.16938	0.13557
0.0	0.0	0.0
0.0	0.0	0.0
0.0	0.0	0.0
0.00667	0.00226	0.0
0.0	0.0	0.0
0.0	0.0	0.0
0.35366	0.30666	0.29902
0.24194	0.17016	0.15503
0.09396	0.08346	0.08046
0.04396	0.04396	0.03774
0.36842	0.33386	0.29355
0.30882	0.25997	0.23168
0.0	0.0	0.0
0.12162	0.10004	0.08709
0.04615	0.03623	0.03566
0.06818	0.04555	0.04214
0.0	0.0	0.0
0.0	0.0	0.0
0.33766	0.32719	0.26087
0.11034	0.0722	0.06506
0.01869	0.01869	0.01538
0.12791	0.12791	0.11538
0.12903	0.10718	0.11638
0.33981	0.26417	0.21855
0.07692	0.06659	0.0625
0.17442	0.1161	0.09617
0.11679	0.11679	0.09756
0.0	0.0	0.0
0.12048	0.12048	0.10476
0.08421	0.08421	0.08929
0.15909	0.1078	0.12719
0.0	0.0	0.0
0.08197	0.08197	0.08333
0.0625	0.03308	0.03029
0.0	0.0	0.0
0.0	0.0	0.0
0.0	0.0	0.0
0.1811	0.16142	0.14495
0.0	0.0	0.0
0.12766	0.12766	0.13333
0.0	0.0	0.0
0.41667	0.27488	0.21777
0.00709	0.00709	0.01163
0.04396	0.03403	0.03704
0.02222	0.02222	0.01961
0.05319	0.03827	0.03367
0.29091	0.26247	0.21212
0.01786	0.00173	0.0
0.33673	0.212	0.17771
0.09091	0.09091	0.08696
0.0	0.0	0.0
0.0	0.0	0.0
0.0	0.0	0.0
0.0	0.0	0.0
0.09259	0.09259	0.06061
0.14894	0.07998	0.06563
0.20253	0.20253	0.19149
0.0	0.0	0.0
0.15789	0.10782	0.11145
0.15517	0.15517	0.16216
0.13415	0.08635	0.06544
0.01429	0.00553	0.0
0.05882	0.05882	0.05479
0.69912	0.51147	0.42885
0.09259	0.06451	0.05867
0.0	0.0	0.0
0.15714	0.13273	0.14077
0.0411	0.0411	0.04082
0.0119	0.00115	0.0
0.13043	0.09959	0.09619
0.01562	0.00756	0.0
0.09259	0.09259	0.05882
0.0	0.0	0.0
0.17391	0.12459	0.12938
0.01613	0.00156	0.0
0.04225	0.04225	0.04545
0.54054	0.3113	0.21391
0.04494	0.01994	0.01995
0.01333	0.00129	0.00216
0.0	0.0	0.0
0.0	0.0	0.0
0.13462	0.13462	0.12903
0.12857	0.12857	0.11364
0.05208	0.05208	0.05172
0.18321	0.18321	0.16456
0.27119	0.27119	0.28571
0.1	0.1	0.08824
0.1875	0.17071	0.13793
0.20635	0.18152	0.15242
0.06422	0.0441	0.04301
0.0	0.0	0.0
0.0	0.0	0.0
0.06931	0.06931	0.06667
0.25862	0.23985	0.22894
0.04938	0.04938	0.04167
0.3	0.19638	0.21657
0.0	0.0	0.0
0.01449	0.00491	0.0
0.17742	0.08874	0.08366
0.03797	0.03797	0.02128
0.05556	0.05556	0.04839
0.07143	0.07143	0.06122
0.325	0.26271	0.23611
0.20879	0.12196	0.09818
0.0	0.0	0.0
0.21212	0.15789	0.16572
0.05797	0.04161	0.03575
0.23404	0.20293	0.19177
0.17647	0.15022	0.1742
0.25	0.23932	0.24644
0.03077	0.01911	0.0
0.0	0.0	0.0
0.19	0.14196	0.14273
0.23485	0.16985	0.15441
0.0	0.0	0.0
0.13187	0.10564	0.11472
0.02941	0.01826	0.0
0.1875	0.1875	0.17949
0.03509	0.02942	0.0
0.0	0.0	0.0
0.08571	0.08041	0.1052
0.15517	0.15517	0.15714
0.12752	0.12697	0.11123
0.03226	0.0216	0.02778
0.02857	0.02857	0.02326
0.06593	0.06593	0.07273
0.05714	0.0269	0.02116
0.05128	0.03371	0.02041
0.02985	0.01541	0.01952
0.0	0.0	0.0
0.26984	0.18103	0.15097
0.0	0.0	0.0
0.0	0.0	0.0
0.06931	0.0642	0.05711
0.07778	0.06272	0.05471
0.0	0.0	0.0
0.0	0.0	0.0
0.27273	0.27273	0.2
0.0	0.0	0.0
0.0	0.0	0.0
0.0	0.0	0.0
0.10909	0.1044	0.11436
0.60976	0.4595	0.39876
0.0	0.0	0.0
0.0	0.0	0.0
0.54167	0.31592	0.30158
0.3617	0.25845	0.23188
0.08451	0.08451	0.075
0.43662	0.36746	0.33798
0.0	0.0	0.0
0.0	0.0	0.0
0.01775	0.0043	0.00383
0.0	0.0	0.0
0.17308	0.17308	0.20588
0.03846	0.03846	0.03226
0.0	0.0	0.0
0.06593	0.04201	0.03774
0.0	0.0	0.0
0.04878	0.04878	0.05195
0.0	0.0	0.0
0.61111	0.46981	0.41895
0.18571	0.1583	0.15228
0.37255	0.25776	0.23741
0.02419	0.01509	0.01103
0.08974	0.05626	0.05712
0.0	0.0	0.0
0.0	0.0	0.0
0.11864	0.07888	0.07779
0.07759	0.06021	0.04634
0.00775	0.003	0.00466
0.12245	0.0629	0.0355
0.1828	0.1476	0.10526
0.02899	0.02349	0.02299
0.0	0.0	0.0
0.0	0.0	0.0
0.07097	0.05546	0.05131
0.11304	0.08556	0.08485
0.0	0.0	0.0
0.0	0.0	0.0
0.0	0.0	0.0
0.0	0.0	0.0
0.0	0.0	0.0
0.03497	0.02606	0.02776
0.0	0.0	0.0
0.09091	0.08015	0.07692
0.41414	0.32488	0.27125
0.19048	0.11805	0.11946
0.37313	0.25091	0.2224
0.17647	0.13971	0.16759
0.02083	0.02083	0.01724
0.0625	0.05923	0.04142
0.15909	0.10613	0.09409
0.05376	0.05376	0.05085
0.0	0.0	0.0
0.01449	0.00701	0.01152
0.0404	0.01613	0.01528
0.12222	0.12222	0.10909
0.0177	0.01756	0.00701
0.0	0.0	0.0
0.07143	0.03503	0.02478
0.0	0.0	0.0
0.0122	0.00237	0.00388
0.22857	0.18925	0.15617
0.16901	0.13494	0.11853
0.03261	0.02034	0.01076
0.07792	0.07792	0.06818
0.275	0.23006	0.17931
0.2	0.11938	0.11022
0.0119	0.0119	0.0
0.06122	0.053	0.05107
0.0	0.0	0.0
0.08772	0.05844	0.05899
0.30714	0.22386	0.22355
0.18667	0.17033	0.15782
0.03731	0.03419	0.04314
0.25301	0.25301	0.23529
0.02685	0.02685	0.02198
0.1375	0.1375	0.125
0.11392	0.10372	0.09778
0.14966	0.12718	0.1227
0.03333	0.01542	0.00353
0.19149	0.15821	0.1183
0.01852	0.01031	0.01228
0.0	0.0	0.0
0.0	0.0	0.0
0.0	0.0	0.0
0.07792	0.03499	0.03811
0.35878	0.25563	0.24461
0.0	0.0	0.0
0.06579	0.04159	0.03541
0.0	0.0	0.0
0.3	0.18606	0.17804
0.0	0.0	0.0
0.02239	0.01781	0.01651
0.12403	0.09103	0.08514
0.00602	0.00292	0.00465
0.10256	0.05399	0.0466
0.08824	0.07116	0.06531
0.0	0.0	0.0
0.0	0.0	0.0
0.07527	0.05082	0.04205
0.0	0.0	0.0
0.01136	0.00385	0.0
0.04054	0.0303	0.02222
0.05833	0.05202	0.04545
0.23333	0.23333	0.2
0.15789	0.07506	0.05604
0.03175	0.0297	0.02354
0.12389	0.07994	0.08509
0.0202	0.01303	0.01667
0.00885	0.00885	0.01449
0.03472	0.02364	0.02514
0.21831	0.19299	0.17366
0.04301	0.04301	0.03509
0.10476	0.06237	0.05167
0.12308	0.101	0.06692
0.0	0.0	0.0
0.09195	0.04617	0.04492
0.0	0.0	0.0
0.03448	0.03448	0.02857
0.22857	0.2295	0.21583
0.0	0.0	0.0
0.19643	0.19643	0.16418
0.0	0.0	0.0
0.15152	0.07136	0.0742
0.0	0.0	0.0
0.10843	0.10396	0.11037
0.09756	0.0662	0.06129
0.0	0.0	0.0
0.02985	0.02721	0.02782
0.16514	0.16514	0.13636
0.02	0.02	0.01087
0.02308	0.01688	0.01282
0.0	0.0	0.0
0.0	0.0	0.0
0.07812	0.07006	0.05626
0.13415	0.13415	0.12
0.0	0.0	0.0
0.06723	0.04338	0.04977
0.01869	0.01567	0.01538
0.0	0.0	0.0
0.0	0.0	0.0
0.0	0.0	0.0
0.18333	0.10807	0.05046
0.10909	0.09501	0.08918
0.47458	0.27532	0.26157
0.08333	0.04276	0.01069
0.10185	0.09618	0.10769
0.18182	0.18182	0.17073
0.09783	0.0668	0.05744
0.0411	0.02873	0.02222
0.27778	0.2088	0.14608
0.15556	0.09859	0.10975
0.0	0.0	0.0
0.06481	0.06481	0.07812
0.12598	0.11176	0.11688
0.0	0.0	0.0
0.03738	0.02503	0.01613
0.0	0.0	0.0
0.04724	0.04179	0.03757
0.0	0.0	0.0
0.29204	0.18745	0.18166
0.01695	0.01695	0.01408
0.05	0.02279	0.0
0.35616	0.32325	0.30833
0.02326	0.01838	0.01961
0.19774	0.19428	0.18927
0.0	0.0	0.0
0.09146	0.08104	0.08333
0.09091	0.0736	0.07697
0.06349	0.06349	0.05405
0.0473	0.03269	0.02207
0.0	0.0	0.0
0.11765	0.07573	0.08917
0.07071	0.07071	0.06667
0.14783	0.08374	0.06722
0.06494	0.02743	0.02633
0.08451	0.04727	0.04465
0.22131	0.16407	0.1486
0.0	0.0	0.0
0.13605	0.13605	0.125
0.06557	0.03544	0.05434
0.32653	0.32653	0.32203
0.0	0.0	0.0
0.27848	0.2399	0.23062
0.06034	0.03797	0.036
0.04615	0.03822	0.02381
0.01105	0.01105	0.00885
0.05405	0.02399	0.02381
0.0	0.0	0.0
0.25926	0.14786	0.14192
0.08571	0.04825	0.04638
0.06796	0.05607	0.04839
0.03731	0.02925	0.02131
0.08861	0.08861	0.08333
0.02174	0.0121	0.01814
0.12879	0.09165	0.05573
0.49123	0.45954	0.39428
0.05738	0.04931	0.05928
0.0	0.0	0.0
0.12037	0.12037	0.10294
0.0	0.0	0.0
0.05208	0.05208	0.05172
0.0	0.0	0.0
0.0	0.0	0.0
0.0	0.0	0.0
0.0	0.0	0.0
0.0678	0.02844	0.04517
0.00935	0.00317	0.0
0.10135	0.10135	0.08696
0.16346	0.15757	0.14286
0.06522	0.04559	0.03539
0.09302	0.06578	0.06659
0.28994	0.28994	0.26214
0.03472	0.02722	0.01916
0.06832	0.05901	0.05266
0.01869	0.01869	0.01515
0.14286	0.14286	0.13514
0.0339	0.02953	0.02033
0.14599	0.11773	0.10588
0.0177	0.00771	0.00682
0.0	0.0	0.0
0.0	0.0	0.0
0.05172	0.04394	0.03077
0.0	0.0	0.0
0.16867	0.1269	0.11787
0.0	0.0	0.0
0.0	0.0	0.0
0.01786	0.01507	0.01563
0.00613	0.00178	0.00302
0.0	0.0	0.0
0.02564	0.02171	0.01512
0.29231	0.25955	0.29446
0.04054	0.03095	0.03
0.18812	0.18812	0.15625
0.37037	0.36042	0.33333
0.40411	0.37528	0.34218
0.0	0.0	0.0
0.0	0.0	0.0
0.25714	0.21735	0.20526
0.04464	0.03024	0.02954
0.01754	0.00339	0.0
0.0625	0.03528	0.06059
0.0	0.0	0.0
0.1954	0.1498	0.14052
0.0	0.0	0.0
0.04706	0.04706	0.03704
0.08075	0.08075	0.08163
0.19608	0.15386	0.1741
0.04098	0.04098	0.0411
0.09524	0.07117	0.06451
0.07843	0.04681	0.05395
0.07345	0.06598	0.06682
0.09756	0.09756	0.11111
0.01389	0.00471	0.0
0.0	0.0	0.0
0.0	0.0	0.0
0.0	0.0	0.0
0.0	0.0	0.0
0.08571	0.07489	0.04878
0.09459	0.04339	0.03677
0.0	0.0	0.0
0.0	0.0	0.0
0.0	0.0	0.0
0.0241	0.0241	0.02128
0.05442	0.03193	0.03909
0.0	0.0	0.0
0.0	0.0	0.0
0.0	0.0	0.0
0.01961	0.00665	0.0
0.0	0.0	0.0
0.0	0.0	0.0
0.03947	0.0208	0.03294
0.0	0.0	0.0
0.0	0.0	0.0
0.0	0.0	0.0
0.0	0.0	0.0
0.0	0.0	0.0
0.0	0.0	0.0
0.09434	0.0417	0.051
0.0	0.0	0.0
0.26667	0.26667	0.24138
0.13889	0.13889	0.11538
0.07576	0.03912	0.03062
0.0	0.0	0.0
0.10145	0.07668	0.0466
0.0	0.0	0.0
0.11765	0.14232	0.15277
0.0	0.0	0.0
0.0	0.0	0.0
0.09259	0.09259	0.05882
0.0	0.0	0.0
0.0	0.0	0.0
0.0	0.0	0.0
0.14035	0.14035	0.11111
0.0	0.0	0.0
0.02	0.02	0.03125
0.0	0.0	0.0
0.0	0.0	0.0
0.0	0.0	0.0
0.0	0.0	0.0
0.0	0.0	0.0
0.0	0.0	0.0
0.0	0.0	0.0
0.05495	0.0514	0.04643
0.0	0.0	0.0
0.0	0.0	0.0
0.04211	0.02717	0.02522
0.02353	0.01291	0.01887
0.0119	0.00404	0.0
0.18868	0.12723	0.14619
0.0	0.0	0.0
0.0	0.0	0.0
0.0	0.0	0.0
0.05618	0.02955	0.02698
0.0	0.0	0.0
0.0	0.0	0.0
0.0	0.0	0.0
0.07059	0.07059	0.06
0.1405	0.1405	0.13514
0.01149	0.01149	0.01852
0.08824	0.0808	0.0678
0.0	0.0	0.0
0.0	0.0	0.0
0.0	0.0	0.0
0.01389	0.00269	0.00422
0.0	0.0	0.0
0.0	0.0	0.0
0.0	0.0	0.0
0.0	0.0	0.0
0.0	0.0	0.0
0.0	0.0	0.0
0.0	0.0	0.0
0.13761	0.13761	0.11765
0.0	0.0	0.0
0.0	0.0	0.0
0.0	0.0	0.0
0.11667	0.1043	0.06285
0.17105	0.17105	0.17021
0.21212	0.15835	0.13381
0.0	0.0	0.0
0.0	0.0	0.0
0.0	0.0	0.0
0.0	0.0	0.0
0.0	0.0	0.0
0.0	0.0	0.0
0.23171	0.13732	0.12346
0.12676	0.09973	0.10407
0.0	0.0	0.0
0.0	0.0	0.0
0.02439	0.01967	0.01259
0.0	0.0	0.0
0.0	0.0	0.0
0.0	0.0	0.0
0.0	0.0	0.0
0.0	0.0	0.0
0.0	0.0	0.0
0.31579	0.29881	0.28203
0.0	0.0	0.0
0.0	0.0	0.0
0.0	0.0	0.0
0.07042	0.06544	0.07202
0.15464	0.15464	0.12903
0.0	0.0	0.0
0.0	0.0	0.0
0.0	0.0	0.0
0.0	0.0	0.0
0.0	0.0	0.0
0.0	0.0	0.0
0.2375	0.14396	0.15273
0.04444	0.0276	0.02698
0.0	0.0	0.0
0.0	0.0	0.0
0.0	0.0	0.0
0.0	0.0	0.0
0.0	0.0	0.0
0.0	0.0	0.0
0.0	0.0	0.0
0.19643	0.13682	0.16532
0.13953	0.09493	0.09804
0.0	0.0	0.0
0.0	0.0	0.0
0.0	0.0	0.0
0.04598	0.01502	0.0176
0.0	0.0	0.0
0.0	0.0	0.0
0.0	0.0	0.0
0.0	0.0	0.0
0.0	0.0	0.0
0.14815	0.14815	0.125
0.0	0.0	0.0
0.11321	0.05996	0.04106
0.02899	0.00983	0.0
0.0	0.0	0.0
0.07792	0.06745	0.04668
0.02899	0.02454	0.04232
0.0	0.0	0.0
0.0	0.0	0.0
0.0	0.0	0.0
0.05455	0.04765	0.03962
0.06452	0.06452	0.06757
0.13953	0.13953	0.12727
0.09091	0.05091	0.05611
0.0	0.0	0.0
0.0	0.0	0.0
0.13462	0.13462	0.125
0.11024	0.09233	0.0687
0.04167	0.03047	0.04545
0.0	0.0	0.0
0.0	0.0	0.0
0.02857	0.0159	0.0187
0.0	0.0	0.0
0.0	0.0	0.0
0.0	0.0	0.0
0.0	0.0	0.0
0.01408	0.00477	0.0
0.0	0.0	0.0
0.03306	0.01387	0.00654
0.48333	0.34305	0.26854
0.0	0.0	0.0
0.0	0.0	0.0
0.0	0.0	0.0
0.0	0.0	0.0
0.0	0.0	0.0
0.0	0.0	0.0
0.72727	0.47467	0.3904
0.0	0.0	0.0
0.0	0.0	0.0
0.0	0.0	0.0
0.0	0.0	0.0
0.0	0.0	0.0
0.0297	0.02459	0.02394
0.0	0.0	0.0
0.0	0.0	0.0
0.0	0.0	0.0
0.00962	0.00093	0.0
0.11392	0.0831	0.09873
0.0	0.0	0.0
0.05833	0.03038	0.00942
0.08511	0.05817	0.05559
0.0	0.0	0.0
0.13158	0.08428	0.06838
0.07143	0.07143	0.07547
0.11111	0.09266	0.07587
0.13978	0.13978	0.12727
0.0	0.0	0.0
0.20455	0.20455	0.21154
0.04717	0.035	0.03997
0.0	0.0	0.0
0.0	0.0	0.0
0.03125	0.02584	0.02491
0.0	0.0	0.0
0.0	0.0	0.0
0.0	0.0	0.0
0.01266	0.01266	0.02
0.0	0.0	0.0
0.0	0.0	0.0
0.0625	0.02992	0.03448
0.0	0.0	0.0
0.0	0.0	0.0
0.0	0.0	0.0
0.0	0.0	0.0
0.0	0.0	0.0
0.0	0.0	0.0
0.0	0.0	0.0
0.0	0.0	0.0
0.28395	0.14599	0.14137
0.11881	0.10923	0.07774
0.21101	0.21101	0.2
0.00667	0.00065	0.00111
0.0	0.0	0.0
0.0	0.0	0.0
0.0	0.0	0.0
0.0	0.0	0.0
0.0	0.0	0.0
0.0	0.0	0.0
0.24038	0.20162	0.19508
0.0	0.0	0.0
0.0	0.0	0.0
0.0	0.0	0.0
0.0	0.0	0.0
0.05155	0.03442	0.03571
0.0	0.0	0.0
0.0	0.0	0.0
0.0	0.0	0.0
0.14815	0.09737	0.10409
0.0	0.0	0.0
0.0	0.0	0.0
0.0	0.0	0.0
0.0	0.0	0.0
0.04444	0.02976	0.00346
0.0	0.0	0.0
0.0614	0.04118	0.04091
0.04	0.04	0.03571
0.075	0.06674	0.0625
0.0	0.0	0.0
0.0	0.0	0.0
0.04878	0.04878	0.05882
0.0	0.0	0.0
0.0	0.0	0.0
0.0	0.0	0.0
0.52941	0.38206	0.38194
0.0	0.0	0.0
0.0	0.0	0.0
0.15686	0.08002	0.13197
0.0	0.0	0.0
0.0	0.0	0.0
0.0	0.0	0.0
0.0	0.0	0.0
0.05512	0.03455	0.03184
0.0	0.0	0.0
0.0	0.0	0.0
0.04301	0.04301	0.04918
0.10857	0.10857	0.1028
0.07087	0.07087	0.06329
0.0	0.0	0.0
0.08621	0.05312	0.04525
0.0	0.0	0.0
0.0	0.0	0.0
0.0	0.0	0.0
0.08889	0.05951	0.05786
0.0	0.0	0.0
0.0	0.0	0.0
0.28704	0.23569	0.22487
0.09615	0.09615	0.08824
0.1	0.1	0.08511
0.25397	0.21684	0.19863
0.0	0.0	0.0
0.0	0.0	0.0
0.0	0.0	0.0
0.0	0.0	0.0
0.03093	0.03359	0.03333
0.04225	0.02362	0.0086
0.0	0.0	0.0
0.02941	0.00285	0.00462
0.0	0.0	0.0
0.04286	0.02557	0.03571
0.0	0.0	0.0
0.0	0.0	0.0
0.0	0.0	0.0
0.19149	0.1673	0.16418
0.0	0.0	0.0
0.13636	0.07883	0.10149
0.0	0.0	0.0
0.0	0.0	0.0
0.14667	0.14667	0.12766
0.0	0.0	0.0
0.02105	0.01307	0.01852
0.0	0.0	0.0
0.0	0.0	0.0
0.2381	0.18011	0.17116
0.0	0.0	0.0
0.0	0.0	0.0
0.0	0.0	0.0
0.0	0.0	0.0
0.0	0.0	0.0
0.0	0.0	0.0
0.0	0.0	0.0
0.0	0.0	0.0
0.0	0.0	0.0
0.07792	0.07405	0.07746
0.07576	0.05694	0.08261
0.0	0.0	0.0
0.31579	0.31579	0.25
0.08861	0.07984	0.05779
0.0	0.0	0.0
0.0	0.0	0.0
0.0	0.0	0.0
0.0	0.0	0.0
0.40351	0.40351	0.35294
0.0	0.0	0.0
0.18519	0.10994	0.10373
0.0	0.0	0.0
0.0	0.0	0.0
0.13415	0.11368	0.06354
0.0	0.0	0.0
0.0	0.0	0.0
0.0	0.0	0.0
0.14286	0.12852	0.14517
0.0	0.0	0.0
0.08537	0.05961	0.05098
0.0	0.0	0.0
0.0	0.0	0.0
0.0	0.0	0.0
0.11392	0.08004	0.10753
0.0	0.0	0.0
0.02857	0.00738	0.00159
0.18681	0.16697	0.16418
0.0	0.0	0.0
0.0687	0.06464	0.06701
0.0	0.0	0.0
0.0	0.0	0.0
0.0	0.0	0.0
0.0	0.0	0.0
0.05797	0.02664	0.03022
0.0	0.0	0.0
0.0	0.0	0.0
0.0	0.0	0.0
0.07843	0.05061	0.03333
0.28049	0.23329	0.18755
0.0	0.0	0.0
0.0	0.0	0.0
0.0	0.0	0.0
0.28571	0.18824	0.1973
0.0	0.0	0.0
0.0	0.0	0.0
0.05495	0.04343	0.04136
0.21951	0.14243	0.14757
0.15596	0.12416	0.10856
0.0	0.0	0.0
0.0	0.0	0.0
0.0	0.0	0.0
0.04478	0.03491	0.05128
0.47273	0.36656	0.29009
0.0	0.0	0.0
0.11667	0.10162	0.10782
0.0	0.0	0.0
0.0	0.0	0.0
0.20755	0.1397	0.167
0.04762	0.04339	0.02509
0.22059	0.18384	0.15017
0.0	0.0	0.0
0.0	0.0	0.0
0.0	0.0	0.0
0.0	0.0	0.0
0.0	0.0	0.0
0.07812	0.05217	0.02965
0.0	0.0	0.0
0.06024	0.05325	0.05925
0.0	0.0	0.0
0.0	0.0	0.0
0.06383	0.0477	0.03571
0.0	0.0	0.0
0.0	0.0	0.0
0.0	0.0	0.0
0.0	0.0	0.0
0.03191	0.0199	0.02726
0.0	0.0	0.0
0.0	0.0	0.0
0.0	0.0	0.0
0.0	0.0	0.0
0.0	0.0	0.0
0.05634	0.04225	0.04545
0.0	0.0	0.0
0.0	0.0	0.0
0.0	0.0	0.0
0.0	0.0	0.0
0.0	0.0	0.0
0.0	0.0	0.0
0.0	0.0	0.0
0.18367	0.13661	0.14348
0.0	0.0	0.0
0.0	0.0	0.0
0.04854	0.02162	0.02258
0.19737	0.15789	0.14819
0.0	0.0	0.0
0.04348	0.03974	0.03302
0.0	0.0	0.0
0.02632	0.01925	0.01706
0.39726	0.35773	0.30551
0.0	0.0	0.0
0.04167	0.03181	0.02439
0.04545	0.03299	0.02747
0.1375	0.08085	0.0958
0.01504	0.01504	0.0122
0.0	0.0	0.0
0.03409	0.03483	0.01972
0.0	0.0	0.0
0.0	0.0	0.0
0.05263	0.02433	0.00285
0.0	0.0	0.0
0.11667	0.10484	0.06179
0.05185	0.05185	0.04938
0.0	0.0	0.0
0.2	0.2	0.19149
0.0	0.0	0.0
0.0	0.0	0.0
0.03175	0.03175	0.0
0.10811	0.08181	0.07804
0.18889	0.15842	0.13979
0.02273	0.02273	0.01887
0.0	0.0	0.0
0.0283	0.02343	0.02745
0.0	0.0	0.0
0.0	0.0	0.0
0.26531	0.19829	0.16776
0.0	0.0	0.0
0.17857	0.17857	0.16667
0.0	0.0	0.0
0.1844	0.1844	0.16471
0.0	0.0	0.0
0.21	0.16244	0.12005
0.0	0.0	0.0
0.0	0.0	0.0
0.0	0.0	0.0
0.0	0.0	0.0
0.21875	0.1603	0.13428
0.0	0.0	0.0
0.16384	0.09086	0.08629
0.05195	0.02494	0.03209
0.01439	0.01172	0.00777
0.01389	0.00403	0.0
0.0	0.0	0.0
0.14062	0.11266	0.09592
0.0	0.0	0.0
0.0678	0.05249	0.05714
0.08696	0.08696	0.07143
0.0	0.0	0.0
0.0	0.0	0.0
0.0	0.0	0.0
0.0989	0.0989	0.08929
0.38824	0.31425	0.33603
0.19767	0.14179	0.14091
0.10577	0.10577	0.1
0.08955	0.0727	0.06618
0.23377	0.20069	0.18566
0.04286	0.00967	0.00216
0.0	0.0	0.0
0.0	0.0	0.0
0.0	0.0	0.0
0.00637	0.00154	0.0
0.04938	0.04938	0.04
0.21429	0.21429	0.19149
0.26087	0.26087	0.32143
0.0	0.0	0.0
0.13333	0.09113	0.07411
0.0	0.0	0.0
0.07778	0.03138	0.04033
0.0	0.0	0.0
0.17391	0.14218	0.14055
0.0	0.0	0.0
0.0989	0.07232	0.06187
0.0	0.0	0.0
0.0	0.0	0.0
0.29293	0.29293	0.27119
0.20635	0.14237	0.09267
0.0	0.0	0.0
0.21552	0.12807	0.10304
0.0	0.0	0.0
0.0	0.0	0.0
0.03846	0.03846	0.0463
0.03571	0.03571	0.0566
0.0	0.0	0.0
0.09701	0.09028	0.09091
0.17273	0.12889	0.11315
0.05882	0.04421	0.05228
0.01325	0.00919	0.01576
0.08	0.07957	0.07742
0.14851	0.1359	0.13684
0.0915	0.0915	0.08696
0.0	0.0	0.0
0.0463	0.03883	0.03324
0.02667	0.01291	0.01367
0.08917	0.06966	0.07413
0.09259	0.05228	0.06553
0.03448	0.01586	0.02074
0.0	0.0	0.0
0.0	0.0	0.0
0.0	0.0	0.0
0.00725	0.00141	0.00223
0.0	0.0	0.0
0.0	0.0	0.0
0.0	0.0	0.0
0.0	0.0	0.0
0.10417	0.10417	0.1
0.0	0.0	0.0
0.33333	0.24279	0.20371
0.0	0.0	0.0
0.0	0.0	0.0
0.0	0.0	0.0
0.0	0.0	0.0
0.06897	0.04283	0.0458
0.0	0.0	0.0
0.0	0.0	0.0
0.0	0.0	0.0
0.2037	0.15711	0.14182
0.0	0.0	0.0
0.0	0.0	0.0
0.0	0.0	0.0
0.0	0.0	0.0
0.05096	0.03616	0.03528
0.02899	0.0118	0.01291
0.0	0.0	0.0
0.0	0.0	0.0
0.02062	0.02062	0.01724
0.0	0.0	0.0
0.0	0.0	0.0
0.0	0.0	0.0
0.0	0.0	0.0
0.13043	0.12133	0.13263
0.0	0.0	0.0
0.07534	0.07534	0.06742
0.0	0.0	0.0
0.0	0.0	0.0
0.0	0.0	0.0
0.0	0.0	0.0
0.0	0.0	0.0
0.0	0.0	0.0
0.0	0.0	0.0
0.0	0.0	0.0
0.02222	0.02222	0.01818
0.0	0.0	0.0
0.2	0.18373	0.20062
0.02857	0.01913	0.02326
0.02778	0.0212	0.01538
0.0	0.0	0.0
0.0	0.0	0.0
0.0	0.0	0.0
0.0	0.0	0.0
0.0	0.0	0.0
0.0	0.0	0.0
0.0	0.0	0.0
0.05	0.05	0.05769
0.05833	0.05833	0.06579
0.0	0.0	0.0
0.07059	0.07059	0.07692
0.0	0.0	0.0
0.0	0.0	0.0
0.2233	0.15707	0.13619
0.16495	0.1548	0.14305
0.0	0.0	0.0
0.0	0.0	0.0
0.075	0.07117	0.07538
0.0	0.0	0.0
0.0	0.0	0.0
0.07895	0.06537	0.03683
0.0	0.0	0.0
0.10843	0.07696	0.04592
0.0	0.0	0.0
0.0	0.0	0.0
0.0	0.0	0.0
0.0	0.0	0.0
0.0	0.0	0.0
0.0	0.0	0.0
0.07303	0.07303	0.07477
0.0	0.0	0.0
0.0	0.0	0.0
0.0	0.0	0.0
0.0	0.0	0.0
0.0	0.0	0.0
0.0	0.0	0.0
0.0	0.0	0.0
0.0	0.0	0.0
0.0	0.0	0.0
0.0	0.0	0.0
0.0	0.0	0.0
0.26582	0.20192	0.19692
0.0	0.0	0.0
0.0	0.0	0.0
0.0	0.0	0.0
0.0	0.0	0.0
0.0	0.0	0.0
0.0	0.0	0.0
0.0	0.0	0.0
0.0	0.0	0.0
0.0	0.0	0.0
0.0	0.0	0.0
0.0	0.0	0.0
0.0	0.0	0.0
0.0	0.0	0.0
0.0	0.0	0.0
0.04396	0.02056	0.00537
0.15079	0.15079	0.1375
0.0	0.0	0.0
0.04054	0.02594	0.02574
0.00862	0.00862	0.01408
0.15625	0.15625	0.14754
0.0	0.0	0.0
0.0	0.0	0.0
0.0	0.0	0.0
0.08889	0.05896	0.03082
0.24219	0.21447	0.19236
0.0	0.0	0.0
0.0	0.0	0.0
0.0	0.0	0.0
0.02381	0.02381	0.0137
0.0	0.0	0.0
0.0	0.0	0.0
0.0	0.0	0.0
0.12121	0.08827	0.09348
0.0	0.0	0.0
0.23256	0.21793	0.23309
0.11207	0.08635	0.07886
0.0404	0.02525	0.01667
0.0	0.0	0.0
0.0	0.0	0.0
0.2459	0.2459	0.22222
0.0	0.0	0.0
0.0	0.0	0.0
0.0	0.0	0.0
0.0	0.0	0.0
0.0	0.0	0.0
0.0	0.0	0.0
0.0	0.0	0.0
0.02062	0.01131	0.01828
0.0	0.0	0.0
0.12598	0.12598	0.11688
0.0	0.0	0.0
0.0	0.0	0.0
0.0	0.0	0.0
0.0	0.0	0.0
0.0	0.0	0.0
0.0	0.0	0.0
0.0	0.0	0.0
0.0	0.0	0.0
0.0	0.0	0.0
0.0	0.0	0.0
0.01333	0.00419	0.00421
0.0	0.0	0.0
0.0	0.0	0.0
0.0	0.0	0.0
0.17204	0.0928	0.10586
0.0	0.0	0.0
0.08333	0.08333	0.06452
0.32727	0.24755	0.24953
0.47368	0.21313	0.20238
0.10938	0.07008	0.05377
0.0	0.0	0.0
0.0	0.0	0.0
0.06731	0.0298	0.02537
0.07955	0.04088	0.03257
0.0	0.0	0.0
0.16867	0.12245	0.12335
0.0	0.0	0.0
0.0	0.0	0.0
0.0	0.0	0.0
0.69737	0.49389	0.42151
0.0	0.0	0.0
0.31325	0.23631	0.26056
0.24742	0.21533	0.22963
0.2973	0.25923	0.23488
0.27273	0.12198	0.08872
0.18987	0.18987	0.18
0.11475	0.11475	0.10811
0.08696	0.03963	0.04117
0.0	0.0	0.0
0.0	0.0	0.0
0.48649	0.39362	0.38217
0.13043	0.10846	0.09756
0.0	0.0	0.0
0.06593	0.05867	0.03704
0.0	0.0	0.0
0.11724	0.11724	0.10588
0.0	0.0	0.0
0.07955	0.07955	0.07143
0.01493	0.01493	0.0
0.21429	0.18938	0.16033
0.06061	0.04985	0.04878
0.10256	0.07982	0.08904
0.22807	0.19695	0.18182
0.0	0.0	0.0
0.0	0.0	0.0
0.11194	0.11062	0.1038
0.0	0.0	0.0
0.17742	0.16442	0.16667
0.1	0.05742	0.03333
0.0354	0.03312	0.04497
0.13043	0.06523	0.06745
0.39773	0.22747	0.19852
0.49383	0.38096	0.37719
0.0	0.0	0.0
0.04762	0.03483	0.05774
0.05435	0.04716	0.03509
0.23404	0.20985	0.22321
0.0	0.0	0.0
0.12871	0.07236	0.05777
0.25	0.25	0.20339
0.68	0.51315	0.43449
0.0	0.0	0.0
0.04478	0.04478	0.02564
0.02817	0.02817	0.02381
0.03125	0.03125	0.02632
0.02679	0.01872	0.01449
0.15909	0.13325	0.11912
0.17647	0.13914	0.12633
0.33043	0.2536	0.2614
0.21348	0.21348	0.20755
0.08065	0.05047	0.06003
0.06349	0.06349	0.05263
0.01538	0.01538	0.02439
0.11268	0.05885	0.04917
0.35	0.25873	0.26297
0.25926	0.23717	0.2085
0.0	0.0	0.0
0.3	0.19725	0.19841
0.04396	0.02322	0.028
0.825	0.54888	0.56142
0.01786	0.01066	0.0
0.0	0.0	0.0
0.0	0.0	0.0
0.24561	0.20263	0.18427
0.0	0.0	0.0
0.0	0.0	0.0
0.02439	0.02439	0.04
0.14815	0.10365	0.0523
0.1194	0.08739	0.07822
0.02778	0.01523	0.02431
0.06944	0.05175	0.05304
0.12821	0.10174	0.11405
0.07895	0.05009	0.04589
0.32075	0.26477	0.27176
0.20168	0.20168	0.18571
0.05714	0.05714	0.0
0.19277	0.18364	0.19608
0.04167	0.03092	0.03783
0.05941	0.04966	0.04469
0.06818	0.03592	0.03225
0.14865	0.14865	0.13043
0.12	0.06258	0.09623
0.09589	0.05899	0.04237
0.48077	0.4079	0.36191
0.06	0.05258	0.08481
0.0	0.0	0.0
0.13	0.07275	0.08362
0.20312	0.11381	0.11228
0.06931	0.06324	0.04918
0.00909	0.00909	0.0
0.0	0.0	0.0
0.2439	0.17821	0.17558
0.0	0.0	0.0
0.2	0.13842	0.11683
0.05785	0.04519	0.04221
0.19231	0.19231	0.17073
0.14286	0.07414	0.09185
0.07407	0.07009	0.05463
0.0	0.0	0.0
0.04396	0.03669	0.03636
0.01235	0.01135	0.01838
0.2	0.13658	0.13877
0.22857	0.18271	0.139
0.0	0.0	0.0
0.0	0.0	0.0
0.0	0.0	0.0
0.13095	0.10907	0.08996
0.14035	0.14035	0.12121
0.09174	0.07695	0.06061
0.74	0.5107	0.44812
0.12	0.12	0.09677
0.14925	0.12591	0.1125
0.2	0.12712	0.12743
0.03077	0.0206	0.02632
0.01942	0.00611	0.0
0.27068	0.17369	0.14155
0.22222	0.18011	0.1769
0.13889	0.11985	0.09524
0.22472	0.19409	0.19268
0.13402	0.08746	0.07536
0.1413	0.1413	0.14035
0.55556	0.38437	0.3205
0.24138	0.15352	0.11681
0.30657	0.2198	0.2053
0.10204	0.05909	0.05838
0.01515	0.01515	0.01205
0.11607	0.10671	0.09063
0.11594	0.07996	0.08557
0.1087	0.1087	0.08929
0.12	0.07163	0.04909
0.11047	0.06509	0.05372
0.09615	0.07444	0.08326
0.0	0.0	0.0
0.0	0.0	0.0
0.15789	0.14375	0.16216
0.07812	0.04891	0.04458
0.4881	0.40862	0.40324
0.09259	0.08035	0.06941
0.08475	0.06863	0.05503
0.04545	0.03544	0.02381
0.06429	0.05449	0.04819
0.19444	0.13502	0.12611
0.08696	0.0577	0.06897
0.0	0.0	0.0
0.0	0.0	0.0
0.08989	0.07612	0.05915
0.0	0.0	0.0
0.09821	0.05977	0.05948
0.0119	0.00115	0.0
0.0	0.0	0.0
0.13725	0.12841	0.1
0.16867	0.10378	0.10148
0.03614	0.02304	0.01374
0.32692	0.28832	0.23595
0.25641	0.25641	0.25532
0.07143	0.04551	0.02841
0.0	0.0	0.0
0.11607	0.03272	0.02066
0.06593	0.05176	0.05242
0.12632	0.09763	0.09819
0.18478	0.18478	0.16071
0.08411	0.08411	0.07937
0.06742	0.06742	0.03571
0.09836	0.08725	0.06602
0.41935	0.3044	0.30642
0.15957	0.14396	0.11648
0.22059	0.06506	0.03767
0.0	0.0	0.0
0.0	0.0	0.0
0.0	0.0	0.0
0.01681	0.01044	0.01429
0.05882	0.05882	0.05634
0.1	0.1	0.08824
0.08571	0.0689	0.0551
0.0	0.0	0.0
0.42857	0.39861	0.32428
0.16923	0.15062	0.18173
0.01961	0.00664	0.0
0.06897	0.06216	0.05797
0.09333	0.09333	0.08696
0.16	0.14404	0.09832
0.06931	0.05398	0.05276
0.056	0.03949	0.03971
0.0	0.0	0.0
0.10909	0.04724	0.03966
0.02899	0.02899	0.025
0.38462	0.34079	0.31758
0.06667	0.06667	0.05556
0.19355	0.08846	0.10233
0.0	0.0	0.0
0.1746	0.1513	0.13514
0.05263	0.03202	0.01928
0.0	0.0	0.0
0.27848	0.25296	0.1959
0.08911	0.07219	0.07018
0.0	0.0	0.0
0.09589	0.07844	0.07698
0.16667	0.16667	0.16981
0.07246	0.03578	0.02877
0.50725	0.3128	0.2199
0.21277	0.17774	0.20275
0.10909	0.09444	0.06856
0.07317	0.05252	0.04618
0.04027	0.0197	0.02626
0.52	0.44409	0.38335
0.02985	0.02985	0.025
0.27536	0.13541	0.15367
0.16438	0.11511	0.10336
0.09278	0.09278	0.10909
0.0	0.0	0.0
0.0	0.0	0.0
0.0	0.0	0.0
0.15873	0.14746	0.10526
0.0	0.0	0.0
0.03846	0.03495	0.03522
0.16867	0.15293	0.10894
0.72222	0.48448	0.38337
0.08264	0.05213	0.04706
0.09091	0.05602	0.04377
0.43077	0.31345	0.29247
0.03158	0.0236	0.01754
0.09615	0.06081	0.08216
0.06364	0.03432	0.03084
0.37931	0.22917	0.22103
0.25316	0.25316	0.22917
0.0	0.0	0.0
0.17699	0.11676	0.09769
0.0	0.0	0.0
0.72727	0.46799	0.3913
0.0	0.0	0.0
0.13333	0.1	0.13549
0.0	0.0	0.0
0.10784	0.08413	0.07152
0.10169	0.08803	0.08824
0.2243	0.17394	0.16237
0.03797	0.01634	0.00211
0.0	0.0	0.0
0.125	0.07284	0.05768
0.03226	0.03226	0.03571
0.24359	0.19872	0.18302
0.04167	0.02201	0.01859
0.05941	0.01391	0.0125
0.23288	0.23288	0.22222
0.27885	0.18719	0.17144
0.0	0.0	0.0
0.20513	0.15923	0.16938
0.04286	0.03271	0.02326
0.12821	0.08624	0.08738
0.1	0.04872	0.03657
0.25333	0.21184	0.19287
0.09091	0.03869	0.0487
0.20408	0.12014	0.10373
0.12587	0.11697	0.11328
0.09756	0.07476	0.08356
0.04255	0.01631	0.00334
0.07407	0.02929	0.03961
0.36994	0.35131	0.29994
0.07273	0.05631	0.06061
0.02941	0.02941	0.02326
0.2619	0.10526	0.08844
0.35955	0.31064	0.2792
0.0	0.0	0.0
0.40625	0.27273	0.24941
0.1	0.07944	0.03798
0.20833	0.11832	0.088
0.0625	0.0541	0.03509
0.2069	0.11978	0.11022
0.05357	0.05357	0.0303
0.07317	0.05469	0.05536
0.32258	0.22323	0.24642
0.53488	0.39016	0.28504
0.30909	0.19327	0.17194
0.29412	0.26964	0.24287
0.22222	0.20699	0.19598
0.23913	0.10139	0.08694
0.10811	0.06468	0.05442
0.04511	0.03371	0.01855
0.0	0.0	0.0
0.0	0.0	0.0
0.12174	0.10281	0.08824
0.02941	0.02056	0.01667
0.0	0.0	0.0
0.0814	0.06846	0.05607
0.18519	0.18519	0.14706
0.15	0.1192	0.1414
0.40541	0.28642	0.2658
0.0125	0.00484	0.00759
0.19048	0.17474	0.13043
0.15909	0.08983	0.061
0.0	0.0	0.0
0.2907	0.17933	0.14145
0.11864	0.08256	0.06581
0.41558	0.34229	0.28191
0.50893	0.32768	0.29669
0.15663	0.12633	0.10175
0.35294	0.2831	0.28839
0.15702	0.15702	0.12987
0.0	0.0	0.0
0.30488	0.24766	0.20559
0.16162	0.12301	0.10361
0.13131	0.09955	0.08202
0.05	0.04658	0.03596
0.0	0.0	0.0
0.0	0.0	0.0
0.39394	0.3717	0.36585
0.27778	0.2312	0.24385
0.0	0.0	0.0
0.21154	0.15758	0.11029
0.11043	0.08461	0.08049
0.0	0.0	0.0
0.11628	0.06998	0.06223
0.06962	0.06962	0.07216
0.03093	0.02344	0.03989
0.0	0.0	0.0
0.27206	0.27206	0.24691
0.0	0.0	0.0
0.14118	0.0816	0.09554
0.07059	0.05105	0.0428
0.07812	0.07812	0.0625
0.15315	0.1472	0.13636
0.0	0.0	0.0
0.10714	0.08986	0.10214
0.10185	0.06303	0.05906
0.05479	0.04165	0.04403
0.03571	0.02612	0.02
0.34211	0.25875	0.2348
0.06207	0.04572	0.03519
0.09901	0.08783	0.06716
0.04762	0.03321	0.0458
0.16	0.13743	0.147
0.13684	0.09797	0.08772
0.38411	0.26634	0.25367
0.08088	0.05788	0.03823
0.03497	0.0291	0.02796
0.0	0.0	0.0
0.08025	0.05954	0.04969
0.56566	0.41922	0.36747
0.0597	0.03563	0.03226
0.13542	0.11962	0.11864
0.11765	0.09271	0.06607
0.75926	0.63386	0.57111
0.0	0.0	0.0
0.00926	0.00314	0.0
0.08333	0.06306	0.06164
0.36066	0.31728	0.25069
0.0375	0.0375	0.02
0.1791	0.09799	0.09979
0.04	0.04	0.04651
0.15152	0.12106	0.09705
0.15625	0.15625	0.15
0.0	0.0	0.0
0.01282	0.00465	0.00623
0.08	0.05936	0.07295
0.02649	0.02649	0.02273
0.13699	0.12793	0.12791
0.072	0.04027	0.04967
0.04545	0.03343	0.03563
0.0069	0.0069	0.01136
0.42991	0.27332	0.2271
0.0	0.0	0.0
0.16892	0.16478	0.15909
0.02778	0.02434	0.02431
0.13115	0.12692	0.12317
0.0	0.0	0.0
0.0	0.0	0.0
0.22835	0.18073	0.17254
0.07273	0.04956	0.05407
0.21782	0.15793	0.16255
0.025	0.025	0.02041
0.05682	0.02951	0.03713
0.07368	0.06131	0.0597
0.30526	0.19139	0.17063
0.20833	0.17776	0.17152
0.12621	0.12621	0.11111
0.02222	0.02222	0.01818
0.18367	0.12084	0.15131
0.15476	0.12615	0.12271
0.0	0.0	0.0
0.0375	0.02762	0.01893
0.03704	0.03465	0.02218
0.04	0.03086	0.02489
0.0	0.0	0.0
0.01149	0.01149	0.01887
0.16364	0.12169	0.14286
0.20619	0.19688	0.17544
0.13287	0.11245	0.11031
0.13158	0.12097	0.12766
0.14433	0.06039	0.07313
0.13684	0.11852	0.11752
0.23944	0.18676	0.15925
0.04795	0.02928	0.02886
0.04255	0.02798	0.02305
0.14894	0.0844	0.04448
0.13333	0.11571	0.12464
0.07812	0.07056	0.043
0.18421	0.15112	0.13191
0.20513	0.14871	0.13385
0.34722	0.25606	0.24553
0.2125	0.12724	0.12839
0.14	0.14	0.12903
0.08411	0.03891	0.03961
0.0	0.0	0.0
0.13462	0.12128	0.13467
0.39548	0.27193	0.26097
0.04274	0.03626	0.02817
0.29412	0.23031	0.21244
0.11111	0.09873	0.09955
0.21127	0.1647	0.16515
0.02	0.01677	0.02795
0.0641	0.0487	0.04839
0.39604	0.36411	0.33264
0.008	0.00078	0.0
0.44776	0.3096	0.23148
0.12088	0.07993	0.0747
0.24359	0.13896	0.12026
0.15493	0.08885	0.08298
0.05941	0.03642	0.01859
0.14444	0.14444	0.14035
0.04	0.04	0.03125
0.33333	0.23927	0.24194
0.15385	0.13449	0.10516
0.0	0.0	0.0
0.0	0.0	0.0
0.01786	0.01786	0.01493
0.1619	0.1404	0.12292
0.0	0.0	0.0
0.17172	0.10379	0.09248
0.0303	0.01173	0.05
0.07339	0.04854	0.05011
0.05263	0.01084	0.00211
0.14286	0.14286	0.12766
0.23276	0.23276	0.21739
0.04688	0.04435	0.04775
0.07006	0.06195	0.05855
0.08029	0.0504	0.02872
0.22222	0.15023	0.13314
0.14	0.14	0.11667
0.1	0.06304	0.05548
0.0566	0.01969	0.01338
0.08397	0.07215	0.07641
0.08	0.06623	0.06084
0.07937	0.04021	0.02742
0.02752	0.01924	0.01515
0.0	0.0	0.0
0.02564	0.00621	0.00545
0.0	0.0	0.0
0.10101	0.07088	0.05968
0.17692	0.14307	0.10726
0.02098	0.01737	0.01746
0.07143	0.05396	0.0566
0.46281	0.31621	0.28345
0.01648	0.01152	0.00938
0.16667	0.04635	0.04664
0.28283	0.20416	0.20366
0.13793	0.10764	0.09297
0.09677	0.08221	0.05825
0.0678	0.05126	0.06383
0.10976	0.03857	0.04602
0.06522	0.06522	0.06173
0.43333	0.33786	0.28032
0.02041	0.02041	0.01754
0.0	0.0	0.0
0.0	0.0	0.0
0.13253	0.13098	0.11512
0.28846	0.1626	0.14332
0.1134	0.07486	0.05934
0.60227	0.47819	0.40381
0.08163	0.08163	0.09677
0.04	0.03119	0.02174
0.0	0.0	0.0
0.7439	0.59878	0.54324
0.0	0.0	0.0
0.0102	0.00346	0.0
0.0	0.0	0.0
0.14535	0.05199	0.03561
0.13194	0.1034	0.09985
0.0	0.0	0.0
0.01667	0.01667	0.02778
0.2303	0.18076	0.17603
0.06667	0.05089	0.03774
0.12963	0.07348	0.04203
0.0	0.0	0.0
0.26087	0.16645	0.17958
0.13253	0.07328	0.05708
0.27826	0.20745	0.18935
0.02174	0.01298	0.01852
0.16667	0.16667	0.16071
0.0	0.0	0.0
0.15873	0.1101	0.10313
0.13139	0.12174	0.10714
0.0	0.0	0.0
0.11966	0.09389	0.08659
0.00552	0.00187	0.0
0.13953	0.05928	0.03723
0.18421	0.12947	0.13887
0.22619	0.18224	0.16953
0.02985	0.02985	0.02381
0.0	0.0	0.0
0.0597	0.05055	0.0363
0.05319	0.017	0.02729
0.15493	0.12699	0.10463
0.0	0.0	0.0
0.12264	0.09069	0.0935
0.03077	0.0206	0.0
0.21154	0.19884	0.20771
0.0	0.0	0.0
0.35294	0.34376	0.31773
0.01724	0.01724	0.0
0.21277	0.18498	0.16893
0.24286	0.17744	0.18734
0.04348	0.03039	0.02439
0.0	0.0	0.0
0.0	0.0	0.0
0.13095	0.09256	0.09617
0.56604	0.44555	0.3925
0.0411	0.02166	0.0088
0.04132	0.0272	0.02778
0.0	0.0	0.0
0.0	0.0	0.0
0.13699	0.12726	0.11756
0.06061	0.03911	0.0441
0.08	0.04151	0.02804
0.39423	0.30695	0.23692
0.03731	0.03731	0.0375
0.10345	0.08816	0.08159
0.49167	0.4203	0.40628
0.18349	0.12918	0.10351
0.08333	0.05973	0.06968
0.26056	0.18187	0.17781
0.13986	0.12396	0.13268
0.05	0.04194	0.04918
0.01429	0.00484	0.0
0.05769	0.01118	0.00455
0.13333	0.09598	0.09094
0.17857	0.14824	0.12998
0.01515	0.00147	0.0
0.13534	0.12188	0.10712
0.08621	0.052	0.05647
0.03333	0.00807	0.00277
0.32787	0.20628	0.19484
0.05128	0.016	0.01449
0.17073	0.08972	0.06104
0.16949	0.14298	0.16216
0.02667	0.02667	0.02326
0.26263	0.17483	0.1799
0.09202	0.09202	0.09
0.0	0.0	0.0
0.0	0.0	0.0
0.21277	0.1923	0.16734
0.0	0.0	0.0
0.12727	0.08007	0.07926
0.0885	0.06709	0.05658
0.1	0.1	0.08197
0.03704	0.03704	0.01471
0.0	0.0	0.0
0.0	0.0	0.0
0.0	0.0	0.0
0.12174	0.12174	0.11268
0.22034	0.11703	0.11203
0.0	0.0	0.0
0.07447	0.05851	0.05461
0.13869	0.08736	0.08577
0.0	0.0	0.0
0.24286	0.21336	0.21756
0.0	0.0	0.0
0.01	0.01	0.0
0.09901	0.09901	0.08197
0.10345	0.04395	0.06168
0.23077	0.18901	0.18685
0.14151	0.10424	0.07221
0.17105	0.12628	0.11874
0.69663	0.46854	0.40649
0.0	0.0	0.0
0.05747	0.03893	0.01923
0.3617	0.34373	0.3103
0.0	0.0	0.0
0.0	0.0	0.0
0.14815	0.14058	0.12774
0.08182	0.08182	0.07353
0.12069	0.10929	0.08571
0.0	0.0	0.0
0.28571	0.22374	0.21146
0.27632	0.22475	0.20142
0.03448	0.02711	0.03819
0.02326	0.01013	0.01023
0.18644	0.18644	0.15789
0.08602	0.07631	0.07316
0.16667	0.13306	0.12836
0.19802	0.19004	0.16949
0.0122	0.0122	0.00952
0.048	0.03019	0.04528
0.01493	0.00506	0.0
0.0	0.0	0.0
0.06383	0.05526	0.04839
0.42	0.2807	0.22331
0.0875	0.07621	0.06383
0.12222	0.06363	0.0493
0.16327	0.1585	0.13669
0.04396	0.04396	0.01852
0.0	0.0	0.0
0.05882	0.05882	0.04878
0.48684	0.46033	0.4
0.0	0.0	0.0
0.1134	0.06002	0.07369
0.05882	0.05882	0.03226
0.22892	0.1349	0.10061
0.064	0.03601	0.03441
0.12766	0.08443	0.06897
0.15	0.09747	0.09616
0.10145	0.06849	0.05377
0.18182	0.15251	0.13316
0.34177	0.25114	0.2144
0.32836	0.28334	0.25093
0.26923	0.25165	0.22896
0.28788	0.17598	0.14354
0.04	0.02339	0.01724
0.31944	0.30197	0.2784
0.0	0.0	0.0
0.0	0.0	0.0
0.0	0.0	0.0
0.0	0.0	0.0
0.0	0.0	0.0
0.05517	0.03438	0.03394
0.1	0.1	0.09091
0.08475	0.05523	0.05119
0.54545	0.29659	0.3109
0.19737	0.19737	0.17391
0.45946	0.33305	0.30152
0.07792	0.06934	0.04545
0.04839	0.03616	0.02632
0.13433	0.12663	0.12821
0.1	0.09658	0.0828
0.30275	0.25199	0.21547
0.2875	0.22019	0.17529
0.06452	0.02741	0.02569
0.34884	0.33834	0.25631
0.38298	0.18777	0.17579
0.38462	0.27874	0.18235
0.13333	0.08733	0.03453
0.13761	0.12296	0.10255
0.0	0.0	0.0
0.11039	0.09144	0.087
0.0	0.0	0.0
0.4	0.28512	0.27321
0.0	0.0	0.0
0.12174	0.12174	0.10606
0.02013	0.00617	0.00326
0.0	0.0	0.0
0.02083	0.02083	0.01724
0.0	0.0	0.0
0.0	0.0	0.0
0.22222	0.13652	0.16381
0.14815	0.12574	0.119
0.26	0.18324	0.20971
0.17544	0.17544	0.17647
0.13043	0.13043	0.11111
0.2037	0.2037	0.19355
0.12727	0.11173	0.10727
0.02174	0.02174	0.01754
0.16667	0.14019	0.11312
0.12593	0.10801	0.10354
0.06849	0.04021	0.05124
0.06164	0.0517	0.04403
0.09677	0.09677	0.1129
