0.0	0.0	0.0
0.40741	0.29867	0.20362
0.20588	0.12459	0.09548
0.28261	0.18863	0.14076
0.45455	0.37245	0.10143
0.18966	0.17686	0.13837
0.27273	0.27273	0.23333
0.13636	0.13636	0.09091
0.2236	0.21418	0.19509
0.02941	0.02941	0.03704
0.04167	0.0215	0.0
0.0	0.0	0.0
0.03448	0.03114	0.0
0.15842	0.14117	0.12676
0.13889	0.1362	0.12278
0.17647	0.12101	0.09907
0.12903	0.11135	0.1
0.05455	0.0346	0.0
0.0	0.0	0.0
0.35417	0.23725	0.16648
0.15789	0.15144	0.12744
0.28333	0.2258	0.15024
0.25974	0.24717	0.20247
0.05357	0.02707	0.02688
0.10588	0.10019	0.03994
0.13978	0.11897	0.07429
0.16352	0.16514	0.12769
0.0	0.0	0.0
0.10526	0.05432	0.0
0.33333	0.31006	0.15885
0.34211	0.26061	0.22222
0.14943	0.15499	0.15807
0.0	0.0	0.0
0.06452	0.0489	0.04348
0.22727	0.19941	0.07706
0.5	0.5	1.0
0.12121	0.05767	0.05718
0.0	0.0	0.0
0.04167	0.01612	0.00759
0.24561	0.19637	0.10214
0.10465	0.09696	0.07625
0.22024	0.14842	0.11484
0.15894	0.15274	0.10237
0.07534	0.06871	0.0426
0.36364	0.349	0.22988
0.25	0.18011	0.16993
0.2	0.20323	0.17267
0.19697	0.1163	0.0887
0.35	0.3258	0.25114
0.25714	0.23409	0.17445
0.13793	0.08786	0.03226
0.33333	0.23973	0.22894
0.33333	0.41667	0.48276
0.10204	0.07965	0.05306
0.35714	0.24078	0.20878
0.2043	0.19424	0.16625
0.05556	0.02867	0.03686
0.20588	0.10104	0.05949
0.22619	0.20507	0.12665
0.28723	0.19286	0.16986
0.13386	0.10464	0.06732
0.25	0.1781	0.12394
0.14173	0.10032	0.0723
0.5	0.44267	0.29308
0.05714	0.06083	0.0547
0.25806	0.21019	0.17147
0.14545	0.14925	0.11828
0.14423	0.10359	0.07203
0.26027	0.21829	0.17204
0.07692	0.08685	0.074
0.51724	0.37597	0.28065
0.01408	0.01408	0.0
0.18182	0.15395	0.08064
0.14286	0.15052	0.15436
0.13534	0.11666	0.1251
0.20833	0.21438	0.17188
0.07895	0.06939	0.02857
0.26316	0.23937	0.1
0.1746	0.16692	0.13333
0.2	0.2	0.28571
0.04286	0.04839	0.01887
0.22727	0.19941	0.125
0.41667	0.43008	0.2161
0.0	0.0	0.0
0.5	0.3161	0.46233
0.30769	0.20346	0.0645
0.07407	0.03765	0.0
0.04348	0.02243	0.03035
0.14286	0.14286	0.14035
0.13333	0.08843	0.09103
0.27778	0.16758	0.17337
0.0566	0.0426	0.02857
0.09375	0.07862	0.02345
0.18947	0.21799	0.21666
0.25	0.18144	0.14467
0.10909	0.09149	0.05
0.06806	0.06097	0.07303
0.06504	0.06111	0.05208
0.17822	0.10475	0.07557
0.14019	0.11275	0.06913
0.17241	0.12569	0.06272
0.07353	0.07353	0.05851
0.22917	0.19758	0.12903
0.23684	0.20458	0.24069
0.51852	0.59259	0.6
0.11111	0.08422	0.0
0.42857	0.38943	0.3
0.08571	0.11429	0.08333
0.17857	0.17028	0.12457
0.36842	0.24789	0.2086
0.18072	0.14263	0.13694
0.22785	0.14537	0.14242
0.21739	0.1893	0.19354
0.14286	0.12633	0.06796
0.22449	0.16852	0.14251
0.37209	0.21756	0.13022
0.22222	0.18278	0.1075
0.48	0.46064	0.4265
0.22222	0.17849	0.10655
0.17188	0.16381	0.14517
0.13235	0.1091	0.10445
0.10309	0.0971	0.03077
0.25	0.25	0.25
0.12069	0.1179	0.10811
0.20652	0.17355	0.17939
0.17557	0.17212	0.13868
0.50909	0.36245	0.31003
0.31034	0.28476	0.2973
0.46667	0.44947	0.39428
0.275	0.24031	0.20632
0.27273	0.22287	0.16438
0.18605	0.09153	0.09378
0.33333	0.30643	0.27332
0.33333	0.35489	0.342
0.2549	0.17714	0.11686
0.26667	0.2086	0.149
0.27273	0.3343	0.28707
0.16327	0.13594	0.07056
0.13514	0.10114	0.04058
0.06667	0.06052	0.053
0.23913	0.19671	0.13012
0.0	0.0	0.0
0.41667	0.242	0.2985
0.2	0.14377	0.1
0.1958	0.12383	0.11274
0.09524	0.07833	0.06327
0.18627	0.12365	0.09942
0.26471	0.27038	0.27674
0.27586	0.26362	0.13636
0.06711	0.05737	0.03846
0.19876	0.17792	0.1502
0.20968	0.19406	0.15385
0.21053	0.236	0.0625
0.14085	0.14085	0.09804
0.1	0.0516	0.0
0.09677	0.05931	0.03518
0.06897	0.05645	0.0241
0.1131	0.08698	0.07086
1.0	0.6838	0.828
0.09302	0.07651	0.08669
0.20513	0.20513	0.20833
0.76923	0.41931	0.3742
0.24852	0.18495	0.12845
0.07937	0.05427	0.04444
0.08696	0.09535	0.074
0.0	0.0	0.0
0.09375	0.10988	0.07713
0.13333	0.12129	0.09557
0.14286	0.07371	0.0516
0.23077	0.19788	0.21505
0.09804	0.07906	0.06452
0.14286	0.07371	0.0
0.0	0.0	0.0
0.31944	0.26074	0.27057
0.09091	0.10675	0.05556
0.21429	0.21429	0.11111
0.26471	0.17268	0.06454
0.21875	0.10684	0.10417
0.12069	0.12459	0.07868
0.09434	0.08521	0.09091
0.14286	0.14286	0.0
0.29412	0.27135	0.08986
0.26829	0.26829	0.21429
0.25806	0.21019	0.17965
0.13372	0.1069	0.07349
0.0	0.0	0.0
0.16788	0.12903	0.11024
1.0	1.05638	0.6452
0.22642	0.14789	0.08023
0.06	0.02516	0.00445
0.24038	0.1861	0.16909
0.19277	0.13369	0.09795
0.18421	0.13499	0.06904
0.0	0.0	0.0
0.2	0.23484	0.25
0.25843	0.19679	0.17742
0.25	0.17961	0.154
0.08333	0.11962	0.05882
0.32432	0.33565	0.27169
0.0625	0.03225	0.0
0.10606	0.08503	0.06953
0.26316	0.20826	0.153
0.09434	0.06087	0.04459
0.2381	0.23554	0.19039
0.11364	0.0777	0.06667
0.16162	0.09579	0.0953
0.14151	0.09768	0.057
0.09091	0.08406	0.02381
0.01786	0.00921	0.0
0.08955	0.08618	0.04348
0.13158	0.13158	0.10204
0.27778	0.19714	0.13032
0.33476	0.31676	0.29171
0.01852	0.01852	0.02778
0.20455	0.20234	0.13459
0.16981	0.17589	0.12809
0.1087	0.04417	0.05483
0.08333	0.07136	0.06416
0.20833	0.23787	0.17338
0.1	0.06866	0.04348
0.13924	0.10562	0.09615
0.11881	0.08528	0.08308
0.2807	0.2326	0.11739
0.05263	0.05263	0.06667
0.18966	0.18131	0.15893
0.08571	0.05069	0.01032
0.0	0.0	0.0
0.21053	0.19111	0.13452
0.875	0.59675	0.3225
0.21212	0.12609	0.0129
0.225	0.1371	0.09319
0.0	0.0	0.0
0.09677	0.08116	0.0
0.05479	0.04816	0.01754
0.42105	0.42953	0.34675
0.08219	0.03756	0.02016
0.22222	0.12544	0.09168
0.33333	0.31017	0.22177
0.52174	0.34083	0.30643
0.12632	0.11681	0.09307
0.35714	0.2978	0.26316
0.53125	0.49394	0.29952
0.15625	0.10384	0.07041
0.35714	0.32166	0.31798
0.125	0.03225	0.043
0.28972	0.19747	0.17284
0.23529	0.15182	0.07692
0.21739	0.1227	0.03704
0.14789	0.14539	0.08734
0.31579	0.28353	0.33333
0.13924	0.13924	0.08163
0.31579	0.20939	0.08658
0.22581	0.27574	0.1767
0.88889	0.87186	0.57692
0.29577	0.27032	0.158
0.12195	0.10071	0.12512
0.90244	0.63566	0.42354
0.30769	0.30769	0.125
0.0	0.0	0.0
0.15385	0.15385	0.16667
0.33962	0.2964	0.27239
0.29358	0.18525	0.20296
0.04545	0.04545	0.06667
0.28049	0.21439	0.16247
0.14394	0.14394	0.11254
0.25532	0.1956	0.10988
0.09524	0.04044	0.00841
0.24444	0.21433	0.18387
0.12707	0.10639	0.08201
0.13253	0.10299	0.08756
0.27419	0.21852	0.20318
0.14286	0.12212	0.04342
0.2	0.16532	0.06948
0.13605	0.10818	0.07995
0.37037	0.27122	0.18218
0.0	0.0	0.0
0.14583	0.1176	0.09203
0.11932	0.10264	0.09754
0.0	0.0	0.0
0.10656	0.06213	0.03985
0.26667	0.16153	0.14726
0.03125	0.00806	0.01229
0.11111	0.09767	0.09524
0.12613	0.11857	0.08616
0.22727	0.27273	0.1875
0.07407	0.06511	0.06061
0.0	0.0	0.0
0.04444	0.04444	0.04
0.17073	0.11959	0.10669
0.04348	0.08696	0.05263
0.125	0.07849	0.02212
0.26582	0.18456	0.14454
0.0678	0.06234	0.07238
0.08333	0.06989	0.03333
0.15447	0.09598	0.07031
0.14	0.1058	0.074
0.29885	0.24471	0.20807
0.28125	0.26612	0.2381
0.88235	0.87659	0.76721
0.1875	0.1875	0.16667
0.04938	0.03664	0.01887
0.19318	0.15652	0.13349
0.33333	0.33333	0.2
0.1	0.08387	0.0
0.0	0.0	0.0
0.28205	0.28123	0.21775
0.29032	0.22371	0.18182
0.06897	0.08121	0.10239
0.38571	0.26174	0.21
0.32609	0.20687	0.17489
0.8	0.4838	0.66667
0.85714	0.39629	0.34675
0.25	0.25	0.2
0.36207	0.312	0.17831
0.16364	0.18182	0.15789
0.24242	0.1652	0.11357
0.17073	0.10937	0.10788
0.41667	0.31987	0.24394
0.15493	0.11222	0.07069
0.0	0.0	0.0
0.36	0.29676	0.18406
0.1	0.14774	0.10526
0.08511	0.06932	0.0089
0.16364	0.12669	0.07189
0.8	0.4838	0.66667
0.2093	0.16897	0.1041
0.06667	0.06667	0.0
0.11321	0.11168	0.08216
0.25352	0.17627	0.14687
0.10185	0.08631	0.06317
0.075	0.07095	0.03704
0.16234	0.12714	0.08516
0.02564	0.02564	0.0
0.20904	0.1713	0.14714
0.17391	0.13183	0.09091
0.10204	0.08141	0.04807
0.35714	0.25114	0.13839
0.22549	0.14515	0.10818
0.13514	0.10289	0.05958
0.15	0.15	0.15385
0.35135	0.22497	0.09408
0.33333	0.31541	0.30769
0.11688	0.10264	0.07364
0.09859	0.07996	0.04804
0.38889	0.27061	0.18064
0.15686	0.13852	0.1276
0.16129	0.08219	0.11981
0.09091	0.09091	0.04545
0.15789	0.14884	0.13376
0.59459	0.56495	0.51911
0.10526	0.0713	0.01759
0.14706	0.14612	0.12644
0.17937	0.13207	0.08011
0.19802	0.16002	0.11663
0.0	0.0	0.0
0.60606	0.51809	0.45032
0.0354	0.02797	0.01734
0.375	0.32156	0.3255
0.0875	0.07056	0.04175
0.14286	0.14286	0.0
0.08824	0.06262	0.05263
0.1938	0.14928	0.11577
0.28571	0.21657	0.0
0.11111	0.10215	0.08571
0.11972	0.1079	0.07
0.09302	0.08177	0.03125
0.11111	0.08512	0.08996
0.18367	0.12376	0.14516
0.09836	0.11	0.11214
0.06667	0.05053	0.05
0.29268	0.27066	0.17282
0.29412	0.15659	0.05718
0.29032	0.28929	0.26267
0.14815	0.08244	0.05263
0.13235	0.11622	0.08
0.05263	0.05263	0.09091
0.32	0.3058	0.19959
0.12727	0.12844	0.10256
0.15	0.1229	0.10519
0.29167	0.28225	0.27778
0.28571	0.17857	0.14286
0.02703	0.01395	0.0
0.22857	0.21289	0.13465
0.19697	0.11558	0.10366
0.0	0.0	0.0
0.13966	0.102	0.07171
0.10256	0.09387	0.04321
0.15596	0.11882	0.10208
0.09559	0.09346	0.07909
0.02174	0.02174	0.02778
0.71429	0.65893	0.3645
0.17647	0.16224	0.15023
0.11927	0.07576	0.0348
0.13953	0.10277	0.1043
0.09459	0.09023	0.06198
0.66667	0.53225	0.32257
0.0	0.0	0.0
0.28571	0.1668	0.06823
0.21693	0.17032	0.13117
0.25	0.21946	0.15737
0.22222	0.22222	0.15385
0.0	0.0	0.0
0.5	0.33303	0.08225
0.24444	0.23511	0.21579
0.03125	0.03125	0.04762
0.24096	0.2056	0.16183
0.28571	0.15362	0.10669
0.0	0.0	0.0
0.34211	0.34424	0.35614
0.16	0.13808	0.2
0.14474	0.13624	0.11742
0.46154	0.33992	0.375
0.25862	0.23636	0.17403
0.22917	0.1959	0.21882
0.13793	0.13793	0.11111
0.13514	0.09109	0.07506
0.09449	0.08839	0.07277
0.09677	0.09782	0.03971
0.16667	0.16667	0.2
0.0	0.0	0.0
0.33333	0.172	0.0
0.52778	0.52061	0.49936
0.05882	0.03605	0.0089
0.15789	0.11884	0.09677
0.05085	0.05741	0.02778
0.17568	0.14428	0.13393
0.09554	0.09246	0.08257
0.01515	0.00782	0.0
0.12857	0.10644	0.10164
0.13757	0.11367	0.0856
0.3125	0.26764	0.22497
0.34375	0.28325	0.22141
0.02083	0.02083	0.03226
0.48649	0.3923	0.29867
0.08696	0.07643	0.04738
0.8	0.4838	0.66667
0.28571	0.22579	0.1161
0.01923	0.03846	0.02857
0.14103	0.11042	0.08188
0.26415	0.22458	0.17611
0.25	0.18893	0.074
0.23404	0.17398	0.11365
0.06667	0.1	0.09091
0.11828	0.08844	0.05975
0.04706	0.04592	0.03333
0.03571	0.03571	0.05556
0.07143	0.07143	0.04762
0.18301	0.14126	0.12571
0.25	0.25	0.22222
0.2	0.1879	0.15385
0.04348	0.04348	0.0
0.28571	0.17514	0.2452
0.13889	0.06631	0.06309
0.07576	0.08162	0.04762
0.61111	0.4558	0.39146
0.19231	0.09554	0.06989
0.0	0.0	0.0
0.12752	0.10305	0.095
0.15294	0.09753	0.09121
0.17073	0.12273	0.0749
0.2891	0.27258	0.23122
0.12791	0.12115	0.09054
0.10526	0.10809	0.10584
0.23602	0.20877	0.14591
0.13333	0.06094	0.04266
0.08571	0.08571	0.08
0.08696	0.03365	0.01612
0.2381	0.21505	0.07143
0.29126	0.23333	0.20224
0.20946	0.1772	0.1205
0.06977	0.05588	0.05576
0.06061	0.06061	0.1
0.33333	0.26755	0.24224
0.09783	0.07924	0.05987
0.0	0.0	0.0
0.27273	0.24342	0.21053
0.19118	0.16413	0.13454
0.10526	0.06961	0.04838
0.56452	0.37406	0.30981
0.54839	0.46203	0.29572
0.17647	0.14988	0.18182
0.16304	0.14129	0.10534
0.17518	0.17118	0.10098
0.25	0.17892	0.21605
0.06667	0.06667	0.0
0.25	0.23589	0.16056
0.09756	0.09756	0.07692
0.25532	0.23816	0.13825
0.19753	0.20051	0.16259
0.225	0.225	0.2
0.26667	0.21936	0.13818
0.15584	0.14956	0.12632
0.07692	0.07568	0.05424
0.27273	0.20086	0.13333
0.20779	0.17887	0.13037
0.08621	0.05895	0.0724
0.11828	0.12244	0.11111
0.07143	0.07143	0.04762
0.0	0.0	0.0
0.12121	0.08797	0.0865
0.31925	0.25472	0.20295
0.1374	0.11696	0.04598
0.18033	0.14595	0.10385
0.17647	0.14563	0.1178
0.28358	0.21136	0.18119
0.30435	0.24823	0.17354
0.12821	0.12241	0.10274
0.13245	0.08715	0.07748
0.12963	0.12126	0.12903
0.4	0.31292	0.2371
0.07042	0.05497	0.03082
0.375	0.28628	0.22064
0.06	0.05032	0.02857
0.26549	0.21583	0.16683
0.30508	0.20967	0.12449
0.17978	0.09785	0.08912
1.14286	1.01224	0.88243
0.14815	0.13022	0.1258
0.24742	0.22548	0.17023
0.0	0.0	0.0
0.06593	0.0553	0.04225
0.11765	0.10551	0.09615
0.08475	0.041	0.03068
0.22917	0.19354	0.15442
0.28058	0.19935	0.14617
0.20183	0.16483	0.15257
0.06452	0.0489	0.04545
0.14286	0.10225	0.07697
0.0	0.0	0.0
0.03125	0.03125	0.03846
0.21739	0.17952	0.1875
0.06329	0.06329	0.05556
0.125	0.10145	0.10095
0.1831	0.15855	0.07178
0.0566	0.03347	0.04928
0.05229	0.0428	0.02885
1.0	0.758	0.0
0.1358	0.1346	0.08756
0.35065	0.3364	0.28571
0.2	0.19033	0.11012
0.10204	0.06188	0.04665
0.05263	0.01358	0.0172
0.22156	0.16574	0.12663
0.14286	0.11213	0.05263
0.12821	0.11579	0.0
0.5	0.30238	0.4
0.23077	0.14559	0.16707
0.26087	0.26087	0.2
0.26667	0.14984	0.11094
0.0	0.0	0.0
0.14286	0.09676	0.0
0.15789	0.13242	0.0625
0.21212	0.0997	0.14368
0.11765	0.07779	0.08333
0.12727	0.09207	0.0517
0.13265	0.13693	0.08996
0.29	0.26613	0.19781
0.14433	0.11507	0.05292
0.11538	0.11538	0.05882
0.38235	0.35009	0.27283
0.15663	0.15663	0.11384
0.0	0.0	0.0
0.13043	0.10798	0.12569
0.05556	0.06003	0.04644
0.05357	0.04262	0.02632
0.21739	0.1557	0.05882
0.18421	0.11118	0.09273
0.23243	0.1517	0.12083
0.29787	0.26766	0.25583
0.08475	0.08475	0.08333
0.8	0.4838	0.66667
0.13115	0.11316	0.08064
0.06723	0.05476	0.04626
0.10959	0.10649	0.05747
0.0	0.0	0.0
0.09677	0.06868	0.09677
0.125	0.17744	0.16125
0.10526	0.08357	0.03639
0.66667	0.47924	0.38708
0.04167	0.04167	0.06667
0.28571	0.183	0.15179
0.14634	0.11093	0.12904
0.25	0.20161	0.16181
0.11321	0.11321	0.05882
0.26271	0.21021	0.10806
0.0	0.0	0.0
0.16071	0.09791	0.02778
0.17073	0.17073	0.13462
0.18182	0.18182	0.0
0.08824	0.06198	0.0204
0.12346	0.09875	0.08929
0.19048	0.192	0.09091
0.05263	0.05263	0.0
0.11765	0.12332	0.07407
0.15385	0.10794	0.1517
0.1	0.09395	0.09434
0.06579	0.05942	0.04082
0.18841	0.108	0.09441
0.1411	0.11656	0.11245
0.41935	0.24971	0.26419
0.10101	0.09254	0.0837
0.07042	0.06906	0.05353
1.0	0.77335	0.92287
0.24324	0.20574	0.18975
0.3913	0.25246	0.17794
0.33051	0.29332	0.23999
0.25668	0.17698	0.13318
0.33333	0.30356	0.26923
0.18868	0.13755	0.05179
0.08696	0.08696	0.11111
0.27778	0.18728	0.13519
0.38095	0.31643	0.31118
0.07407	0.07407	0.0
0.0396	0.0214	0.01471
0.2	0.17548	0.21429
0.15132	0.10993	0.07834
0.44186	0.4096	0.33127
0.13793	0.13793	0.09091
0.31034	0.20913	0.13293
0.08333	0.09293	0.08475
0.18627	0.14548	0.13875
0.2	0.14475	0.13585
0.31579	0.20374	0.26729
0.12346	0.10911	0.08602
0.25	0.22905	0.2
0.21739	0.17559	0.15939
0.1	0.1	0.0
0.15385	0.11463	0.04762
0.09836	0.06293	0.03972
0.6875	0.51006	0.37536
0.22549	0.20888	0.18332
0.58974	0.48056	0.57936
0.08	0.06064	0.03261
0.2619	0.26036	0.12997
0.13208	0.12964	0.09767
0.13376	0.0832	0.07695
1.0	0.758	0.7548
0.05882	0.05882	0.04545
0.025	0.03388	0.05646
0.16364	0.13489	0.16667
0.17647	0.08824	0.07392
0.27778	0.17385	0.13074
0.0	0.0	0.0
0.18033	0.14438	0.13158
0.16279	0.09828	0.04181
0.2037	0.15711	0.10167
0.26087	0.17369	0.12574
0.76642	0.72426	0.72285
0.27059	0.23833	0.18644
0.35985	0.28543	0.25901
0.10577	0.08343	0.04791
0.2093	0.15828	0.16431
0.42857	0.42857	0.33333
0.2963	0.25807	0.28571
0.1	0.15	0.125
0.125	0.14112	0.14286
0.33333	0.32258	0.20276
0.10526	0.07979	0.07692
0.24528	0.23796	0.21994
0.21739	0.21739	0.125
0.15686	0.11955	0.04134
0.09091	0.09091	0.05556
0.22222	0.17791	0.14591
0.0	0.0	0.0
0.26316	0.23768	0.27046
0.1087	0.0831	0.02274
0.02679	0.01814	0.0125
0.41538	0.32902	0.29031
0.13821	0.10595	0.07666
0.25424	0.15034	0.14855
0.21429	0.15436	0.129
0.37931	0.307	0.23757
0.0	0.0	0.0
0.175	0.13548	0.1
0.0303	0.0303	0.02174
0.07843	0.04047	0.0
0.53846	0.50123	0.44362
0.38462	0.37882	0.28303
0.18692	0.14921	0.09966
0.22222	0.21936	0.16129
0.11628	0.06827	0.03961
0.13889	0.12186	0.125
0.1828	0.11654	0.08176
0.14754	0.13061	0.10465
0.05263	0.05263	0.07692
0.02381	0.02381	0.0
0.0	0.0	0.0
0.15517	0.13041	0.1129
0.26623	0.14642	0.11838
0.15068	0.15068	0.08511
0.58824	0.49529	0.4259
0.0	0.0	0.0
0.27586	0.17629	0.17147
0.22378	0.17572	0.15276
0.22222	0.32256	0.27186
0.17391	0.15987	0.13506
0.48276	0.40266	0.31377
0.46154	0.36723	0.362
0.5	0.5	0.4
0.05556	0.05556	0.0
0.2807	0.21109	0.09758
0.2234	0.17947	0.13697
0.21101	0.18437	0.11355
0.0	0.0	0.0
0.42857	0.30529	0.32641
0.0	0.0	0.0
0.2	0.1516	0.0
0.11538	0.11124	0.05741
0.0274	0.02077	0.0
0.23333	0.22365	0.15715
1.0	0.8194	0.98933
0.29412	0.19733	0.21019
0.10784	0.10911	0.09524
0.26316	0.15111	0.05779
0.375	0.33388	0.29145
0.28729	0.22776	0.12069
0.22727	0.13341	0.16667
0.19512	0.17388	0.1043
0.07692	0.07754	0.02857
0.05556	0.05556	0.1
0.09259	0.06541	0.03011
0.20455	0.2148	0.19354
0.0	0.0	0.0
0.35	0.3129	0.33333
0.4	0.2581	0.14286
0.31579	0.3107	0.3125
0.13208	0.09617	0.08571
0.25714	0.22763	0.20673
0.1134	0.10708	0.08406
0.08876	0.07559	0.06158
0.11613	0.09427	0.05447
0.14062	0.14062	0.14634
0.36842	0.33616	0.29618
0.24561	0.16637	0.12824
0.0678	0.07654	0.02326
0.15385	0.15485	0.10138
0.08163	0.10929	0.09091
0.02899	0.04161	0.03922
0.18519	0.13443	0.09592
0.0	0.0	0.0
0.12069	0.12736	0.02632
0.1039	0.07708	0.09091
0.11243	0.07539	0.05881
0.14286	0.07604	0.04956
0.16667	0.12633	0.0645
0.10465	0.10465	0.07407
0.17073	0.11488	0.1884
0.5	0.29833	0.3161
0.2	0.16234	0.16499
0.0	0.0	0.0
0.2973	0.21795	0.17865
0.06349	0.04813	0.02439
0.18519	0.1613	0.23341
0.21348	0.1428	0.09313
0.06522	0.0547	0.02857
0.08333	0.06989	0.08333
0.09836	0.08937	0.0641
0.66667	0.74372	0.82991
0.19167	0.15456	0.11961
0.0	0.0	0.0
0.20588	0.16697	0.17971
0.2	0.15191	0.13442
0.0	0.0	0.0
0.12821	0.12821	0.10714
0.05882	0.05882	0.09091
0.29078	0.25234	0.1769
0.31579	0.25805	0.21263
0.10204	0.10204	0.07812
0.25	0.23056	0.20449
0.77778	0.61289	0.41933
0.15385	0.08685	0.09091
1.0	1.0	1.0
0.35	0.2274	0.14968
0.08333	0.08333	0.05128
0.2	0.15053	0.11436
0.31915	0.22855	0.2307
0.2069	0.2069	0.14286
0.2562	0.19382	0.11959
0.09091	0.06804	0.02778
0.25397	0.19865	0.15007
0.14815	0.11707	0.0172
0.34146	0.16051	0.11707
1.86667	1.61717	2.20682
0.08434	0.05169	0.05087
0.1	0.09258	0.05171
0.22727	0.20674	0.17949
0.22727	0.15762	0.07436
0.0625	0.0625	0.0
0.12	0.09548	0.08918
0.23529	0.16761	0.13083
0.29545	0.2148	0.25806
0.36364	0.31573	0.28591
0.02941	0.02276	0.03096
1.5	1.4355	2.516
0.03774	0.03165	0.02287
0.18692	0.15618	0.11336
0.30556	0.27196	0.26717
0.18824	0.16812	0.13293
0.33333	0.23667	0.355
0.24883	0.23398	0.1842
0.02469	0.03704	0.03922
0.07447	0.04357	0.03331
0.03448	0.01779	0.0
0.0	0.0	0.0
0.31667	0.21988	0.21005
0.24	0.2284	0.19526
0.14286	0.13087	0.09883
0.36364	0.32255	0.33333
0.06897	0.08231	0.04762
0.0	0.0	0.0
0.14286	0.08602	0.05064
0.16	0.12257	0.06012
0.33333	0.276	0.301
0.15625	0.09878	0.05032
0.19753	0.1581	0.1387
0.18079	0.14944	0.13343
0.0	0.0	0.0
0.13333	0.09892	0.06011
0.26316	0.21179	0.17453
0.125	0.11341	0.10638
0.0	0.0	0.0
1.5	1.4515	1.516
0.26667	0.26667	0.25
0.04545	0.02345	0.0
0.09836	0.07403	0.06137
0.33803	0.24988	0.15778
0.30435	0.24265	0.17647
0.8	0.4838	0.66667
0.125	0.0772	0.05518
0.02778	0.02778	0.04
0.08571	0.10046	0.04
0.49351	0.37913	0.29032
0.09836	0.09836	0.05128
0.26316	0.19807	0.17206
0.28571	0.22274	0.07527
0.18182	0.15995	0.12454
0.17073	0.14083	0.10669
0.21429	0.19651	0.11592
0.08696	0.05072	0.03015
0.27273	0.20918	0.1629
0.36	0.3316	0.3055
0.10976	0.09873	0.0862
0.0625	0.05242	0.03333
0.09677	0.07328	0.03731
0.21481	0.1534	0.06203
0.32609	0.28681	0.23586
0.11364	0.09788	0.08912
0.0	0.0	0.0
0.25758	0.22532	0.17302
0.52	0.45548	0.3405
0.0	0.0	0.0
0.22388	0.15694	0.14553
0.18421	0.10907	0.10856
0.60606	0.50974	0.42635
0.05556	0.03763	0.02632
0.0	0.0	0.0
0.25352	0.16856	0.18187
0.23457	0.19593	0.17383
0.21192	0.16555	0.16671
0.07792	0.06535	0.06452
0.35484	0.28097	0.30876
0.07692	0.04652	0.05556
0.24848	0.15288	0.06549
0.23611	0.20699	0.16698
0.0625	0.04334	0.04608
1.2	0.8838	0.828
0.10417	0.084	0.06129
0.01923	0.00992	0.0
0.36842	0.32711	0.25018
0.25373	0.16682	0.14333
0.25806	0.13006	0.14165
0.2967	0.201	0.17563
0.2439	0.17957	0.14468
0.45161	0.436	0.38095
0.16867	0.16867	0.16327
0.2	0.0942	0.12526
0.16	0.07313	0.02991
0.19149	0.12353	0.11797
0.07143	0.129	0.14286
0.42	0.4387	0.36842
0.25926	0.2963	0.33803
0.16667	0.086	0.0
0.0	0.0	0.0
0.69231	0.69231	0.66667
0.17	0.11582	0.07511
0.17742	0.1422	0.12117
0.24528	0.13572	0.16035
0.3	0.2323	0.05383
0.10145	0.0762	0.0625
0.29333	0.2258	0.23502
0.19048	0.1521	0.24569
0.19048	0.11367	0.04783
0.05882	0.05882	0.0
0.12644	0.08676	0.05395
0.25	0.18548	0.17707
0.0566	0.04747	0.0
0.17188	0.14667	0.16495
0.16129	0.1821	0.18225
0.0	0.0	0.0
0.25	0.23117	0.11538
0.20755	0.14242	0.07846
0.02778	0.01433	0.0
0.18293	0.16129	0.15236
0.13333	0.11022	0.07941
0.23529	0.23529	0.07692
0.0	0.0	0.0
0.11111	0.11111	0.0
0.0	0.0	0.0
0.25	0.19413	0.19016
0.0	0.0	0.0
0.04878	0.06688	0.03448
0.27778	0.27733	0.33415
0.22222	0.17562	0.16961
0.16129	0.10197	0.02688
0.18519	0.16248	0.01759
0.27119	0.25807	0.24269
0.03571	0.03571	0.0
0.36522	0.34726	0.30008
0.50459	0.37438	0.29987
0.15152	0.12756	0.07778
0.10345	0.099	0.05263
0.04762	0.086	0.06667
0.37179	0.2779	0.21548
0.35714	0.28225	0.22939
0.07692	0.07692	0.0
0.07692	0.03969	0.0
0.0	0.0	0.0
0.22564	0.17782	0.15632
0.40984	0.33475	0.28445
0.05882	0.05661	0.06842
0.26667	0.17847	0.21144
0.01887	0.00974	0.0
0.2963	0.30705	0.29412
0.08571	0.09309	0.04545
0.19149	0.15236	0.16667
0.03846	0.03846	0.05263
0.0	0.0	0.0
0.21739	0.14237	0.10788
0.11364	0.09384	0.05914
0.26606	0.15685	0.12766
0.0	0.0	0.0
0.15385	0.15385	0.11111
0.125	0.10483	0.05882
0.10204	0.0948	0.0625
0.06977	0.07877	0.04594
0.0	0.0	0.0
0.09877	0.08363	0.04047
0.17969	0.13659	0.1308
0.1519	0.14658	0.07341
0.0	0.0	0.0
0.84615	0.59062	0.50686
0.04478	0.04501	0.03261
0.18797	0.15232	0.10322
0.38	0.29484	0.28025
0.10526	0.05432	0.08333
0.075	0.075	0.07143
0.0	0.0	0.0
0.46154	0.29031	0.22411
0.27	0.2	0.13403
0.09524	0.07935	0.07577
0.13333	0.11684	0.13306
0.2125	0.14798	0.09806
0.02564	0.02564	0.04167
0.09677	0.0411	0.04758
0.30263	0.25341	0.21004
0.15116	0.08964	0.0442
0.21429	0.14227	0.16497
0.06667	0.05591	0.05053
0.02778	0.02778	0.05
0.1	0.1	0.06667
0.10256	0.07774	0.07692
0.12941	0.10512	0.11436
0.2	0.10213	0.11981
0.12069	0.07841	0.0758
0.0	0.0	0.0
0.6	0.3548	0.4935
0.18325	0.17125	0.14823
1.19118	1.19118	1.0
0.09804	0.08855	0.06061
0.14286	0.11337	0.09091
0.0	0.0	0.0
0.1746	0.1193	0.08755
0.25	0.1508	0.09796
0.26744	0.20329	0.14648
0.14286	0.11289	0.06272
0.53333	0.2882	0.25227
0.0	0.0	0.0
0.1	0.1	0.05882
0.18293	0.09167	0.0747
0.05769	0.02667	0.03068
0.05	0.05	0.07692
0.13953	0.07877	0.04838
0.22222	0.08422	0.08333
0.28571	0.207	0.13778
0.13333	0.13333	0.08696
0.28	0.20514	0.13526
0.20792	0.18971	0.19497
0.07826	0.07181	0.03614
0.0	0.0	0.0
0.09091	0.09091	0.0
0.78205	0.65881	0.63966
0.15909	0.13416	0.08525
0.28571	0.19047	0.1953
0.25	0.19108	0.16497
0.51163	0.34021	0.33786
0.12712	0.08309	0.03855
0.28571	0.20276	0.17853
0.03191	0.03191	0.0303
0.0625	0.0625	0.09091
0.22124	0.18527	0.16685
0.28125	0.19756	0.17886
0.10317	0.08831	0.04081
0.09091	0.06842	0.0599
0.20611	0.14824	0.10466
0.7	0.4613	0.41933
0.8	0.4838	0.66667
0.13187	0.12903	0.06557
0.06061	0.04594	0.03846
0.27027	0.20924	0.17742
0.28571	0.25114	0.0
0.34211	0.28747	0.21584
0.25	0.22567	0.16602
0.2	0.14324	0.10526
0.10112	0.08916	0.08406
0.13924	0.10004	0.0856
0.04	0.04	0.05714
0.08696	0.08696	0.09677
0.04545	0.02345	0.03969
0.425	0.425	0.38462
0.25	0.19219	0.18894
0.12121	0.10655	0.10939
0.10256	0.07197	0.05532
0.10185	0.07556	0.03871
0.21053	0.13411	0.21657
0.18803	0.15991	0.12619
0.02564	0.01323	0.0
0.08955	0.0544	0.02831
0.42857	0.39077	0.32733
0.17188	0.09072	0.09749
0.22222	0.14067	0.12516
0.2931	0.26864	0.2307
0.15789	0.14516	0.13523
0.47222	0.37811	0.25461
0.54545	0.51027	0.40856
0.0	0.0	0.0
0.08333	0.0715	0.03
0.2	0.2	0.0
0.31707	0.24705	0.26326
0.09524	0.11136	0.05344
0.0	0.0	0.0
0.02941	0.02941	0.0
0.14545	0.09385	0.04762
0.13043	0.10051	0.08855
0.18557	0.16662	0.14896
0.20339	0.20995	0.16708
0.14894	0.11015	0.0629
0.05286	0.04334	0.03247
0.21472	0.18721	0.16555
0.14667	0.09805	0.08432
0.13333	0.1129	0.1085
0.09375	0.0914	0.09677
0.18367	0.16282	0.10875
0.12245	0.12245	0.09375
0.29921	0.22047	0.14953
0.52941	0.36053	0.31992
0.03571	0.03571	0.0
0.17143	0.12257	0.12609
0.08333	0.11692	0.14286
0.02439	0.01259	0.0
0.16667	0.10723	0.08407
0.05556	0.05556	0.08333
1.0	0.7936	1.02167
0.15	0.15	0.18519
0.08824	0.06375	0.02655
0.33333	0.33333	0.2
0.36667	0.29568	0.214
0.05172	0.05172	0.05405
0.41176	0.37188	0.20967
0.14286	0.14286	0.0
0.07609	0.04066	0.00992
0.10714	0.07835	0.09567
0.2037	0.18369	0.16501
0.22222	0.19354	0.1344
0.0	0.0	0.0
0.04348	0.02243	0.0
0.12766	0.09677	0.03226
0.08824	0.04553	0.02345
0.8	0.4838	0.66667
0.31034	0.26141	0.2
0.13889	0.10842	0.13636
0.12987	0.12987	0.125
0.23077	0.17804	0.09932
0.03774	0.03774	0.05263
0.23077	0.29777	0.25
0.25	0.25	0.26087
0.0625	0.0625	0.0
0.2973	0.204	0.22582
0.03448	0.01779	0.0
0.44444	0.26878	0.4
0.26667	0.07747	0.04109
0.21918	0.15732	0.098
0.1	0.0258	0.03686
0.11561	0.09379	0.07859
0.14706	0.111	0.10064
0.45	0.23787	0.21863
0.33058	0.27326	0.22654
0.17241	0.17241	0.16667
0.24364	0.20457	0.15711
0.22727	0.19282	0.13548
0.33333	0.26641	0.1875
0.31034	0.23524	0.25108
0.2766	0.21962	0.12524
0.77778	0.94622	1.16667
0.36	0.27096	0.2129
0.11111	0.06093	0.00645
0.14286	0.15207	0.1
0.17647	0.11322	0.09677
0.04286	0.04286	0.06667
0.35484	0.21176	0.14516
0.91667	1.25	1.1
0.1087	0.07713	0.03559
0.18349	0.153	0.08479
0.12037	0.09796	0.11143
0.625	0.508	0.31717
0.23636	0.2082	0.20737
0.04762	0.01229	0.0172
0.10417	0.07627	0.04408
0.2	0.2129	0.12563
0.225	0.2008	0.16409
0.2381	0.17052	0.14286
0.12821	0.10794	0.07506
0.19118	0.15559	0.15154
0.36667	0.23117	0.261
0.3	0.21935	0.2715
0.21277	0.20315	0.14671
0.1875	0.23788	0.28571
0.32143	0.29954	0.31688
0.26316	0.17147	0.15325
0.12	0.10774	0.10264
0.05634	0.04952	0.02
0.34043	0.32255	0.29434
0.27778	0.36111	0.42857
0.20192	0.18796	0.11268
0.01266	0.02532	0.01818
0.48485	0.40664	0.42204
0.09375	0.0615	0.07996
0.14286	0.11981	0.0
0.20482	0.17683	0.14408
0.0	0.0	0.0
0.3	0.3129	0.30414
0.29167	0.25804	0.24665
0.42857	0.42857	0.25
0.43478	0.43478	0.5
0.14286	0.10829	0.0
0.21053	0.17657	0.14882
0.14	0.11936	0.08244
0.8	0.4838	0.66667
0.51724	0.32369	0.17205
0.08889	0.07813	0.0
0.19355	0.13165	0.07579
0.10577	0.06947	0.06005
0.47059	0.47912	0.51752
0.23762	0.21782	0.19513
0.21429	0.21429	0.25
0.44444	0.26878	0.4
0.25758	0.1735	0.15528
0.18868	0.13268	0.09072
0.25	0.15119	0.2
0.0	0.0	0.0
0.45714	0.25071	0.15982
0.09756	0.09756	0.0
0.15152	0.11827	0.07152
0.13208	0.12294	0.08116
0.0	0.0	0.0
0.8	0.4838	0.66667
0.19577	0.14985	0.10502
0.85714	0.63129	0.621
0.21053	0.12395	0.06454
0.06742	0.03552	0.03548
0.39512	0.36365	0.32807
0.23529	0.19418	0.13662
0.15	0.1543	0.10918
0.11111	0.10343	0.08805
0.41379	0.31148	0.22886
0.14403	0.13182	0.11328
0.0	0.0	0.0
0.17391	0.09607	0.07097
0.38462	0.30769	0.18406
0.2449	0.19618	0.20362
0.21875	0.28025	0.35
0.0	0.0	0.0
0.05674	0.05765	0.06186
0.125	0.14112	0.05
0.12844	0.10328	0.04589
0.0	0.0	0.0
0.27536	0.18184	0.19424
0.28571	0.28571	0.25
0.1	0.07696	0.04804
0.08824	0.07116	0.06667
0.10811	0.06886	0.04167
0.08	0.08	0.0
0.28261	0.32363	0.30281
0.13889	0.12754	0.05997
0.14286	0.14286	0.0
0.05455	0.05455	0.04054
0.29464	0.22752	0.12549
0.06923	0.05707	0.02247
0.03846	0.03846	0.05263
0.19178	0.16129	0.10774
0.07143	0.07143	0.09091
0.07547	0.04808	0.03448
0.14493	0.13604	0.12372
0.53846	0.35231	0.39512
0.17978	0.16092	0.16746
0.26316	0.219	0.06829
0.15758	0.14721	0.10006
0.13793	0.13793	0.15789
0.11765	0.11053	0.0625
0.35135	0.30338	0.21878
0.45455	0.41055	0.28225
0.20833	0.16262	0.14193
0.2029	0.19214	0.12771
0.0	0.0	0.0
0.5	0.41304	0.46386
0.29032	0.21435	0.22446
0.46939	0.29755	0.26343
0.13793	0.14238	0.09515
0.15385	0.15385	0.1
0.17857	0.15091	0.11182
0.11111	0.08959	0.06757
0.34375	0.19353	0.1745
0.10227	0.07826	0.05714
0.14706	0.13282	0.11804
0.22807	0.16468	0.17205
0.0	0.0	0.0
0.0	0.0	0.0
1.0	0.94989	1.3292
0.2973	0.22029	0.23207
0.34483	0.25807	0.22044
0.38636	0.35923	0.23726
0.25974	0.21952	0.18255
0.35714	0.28284	0.23478
0.32075	0.25745	0.17789
0.27273	0.18475	0.15248
0.16514	0.17461	0.1609
0.5	0.3835	0.2927
0.09559	0.07496	0.05931
0.71429	0.71429	0.57143
0.29885	0.19355	0.23894
0.1	0.09395	0.08
0.6875	0.65725	0.61289
0.275	0.25885	0.19635
0.10377	0.12446	0.12
0.15957	0.14721	0.0625
0.14667	0.14667	0.08333
0.34483	0.28184	0.23382
0.10119	0.09005	0.06397
0.42857	0.29843	0.19717
0.0	0.0	0.0
0.16	0.0916	0.01843
0.14286	0.09584	0.08258
0.18571	0.1599	0.10064
0.10256	0.10918	0.07843
0.09091	0.04691	0.0
0.46667	0.25593	0.20527
0.04839	0.02497	0.0
0.04444	0.04444	0.03448
0.25	0.21532	0.2142
0.13333	0.08063	0.09091
0.20548	0.18249	0.12567
0.17647	0.09726	0.02174
0.168	0.14374	0.09602
0.19231	0.165	0.13609
0.03704	0.03704	0.04762
0.16667	0.16756	0.11111
0.0	0.0	0.0
0.12791	0.10165	0.07582
1.5	1.5	1.0
0.1	0.1	0.09524
0.38889	0.27061	0.29264
0.17073	0.13768	0.11342
0.03226	0.03226	0.0
0.0	0.0	0.0
0.08929	0.06105	0.08571
