0.0	0.0	0.0
0.06452	0.06452	0.05556
0.05	0.04387	0.01981
0.17778	0.14767	0.08532
0.58333	0.4785	0.31544
0.09836	0.09677	0.0708
0.0	0.0	0.0
0.02564	0.02564	0.0
0.13605	0.13803	0.12089
0.0	0.0	0.0
0.0	0.0	0.0
0.0	0.0	0.0
0.03448	0.03114	0.0
0.05208	0.05208	0.07463
0.10067	0.09331	0.08116
0.03247	0.03247	0.03125
0.12903	0.11135	0.1
0.0	0.0	0.0
0.0	0.0	0.0
0.1875	0.13777	0.1344
0.08333	0.07695	0.06855
0.10169	0.10661	0.11558
0.07692	0.07146	0.06612
0.01786	0.01786	0.02381
0.04762	0.03879	0.02653
0.1087	0.10098	0.07429
0.0915	0.09319	0.08976
0.0	0.0	0.0
0.02564	0.02564	0.0
0.11111	0.11111	0.03704
0.23684	0.22834	0.19723
0.14634	0.13099	0.13364
0.0	0.0	0.0
0.03226	0.03226	0.04348
0.31818	0.29032	0.17076
0.0	0.0	0.0
0.0	0.0	0.0
0.0	0.0	0.0
0.0	0.0	0.0
0.16667	0.13739	0.04174
0.06433	0.05546	0.03865
0.08383	0.07108	0.04263
0.07333	0.07355	0.07249
0.03546	0.03889	0.02857
0.07692	0.07692	0.125
0.08537	0.08851	0.09615
0.06849	0.06849	0.06122
0.06154	0.03126	0.02716
0.07692	0.07692	0.0
0.24324	0.22668	0.17109
0.03448	0.03448	0.02703
0.09804	0.09804	0.06061
0.02703	0.02703	0.04167
0.10204	0.07965	0.05306
0.1453	0.12489	0.07149
0.16129	0.13597	0.10074
0.0	0.0	0.0
0.02985	0.01925	0.0
0.09091	0.09238	0.04262
0.17021	0.15717	0.10977
0.04688	0.04712	0.04058
0.07692	0.06774	0.04325
0.04615	0.0402	0.0241
0.25	0.27219	0.164
0.0	0.0	0.0
0.03846	0.03846	0.05882
0.03604	0.03836	0.02607
0.0198	0.02843	0.01449
0.0	0.0	0.0
0.07692	0.08685	0.074
0.1	0.1	0.05263
0.0	0.0	0.0
0.02222	0.02222	0.03448
0.14286	0.15052	0.15436
0.03846	0.03672	0.04659
0.06667	0.06667	0.03279
0.02685	0.02685	0.02857
0.11765	0.11953	0.1
0.12308	0.12308	0.06818
0.0	0.0	0.0
0.02817	0.03362	0.01887
0.09524	0.11214	0.06667
0.30769	0.28038	0.14333
0.0	0.0	0.0
0.3	0.1548	0.1075
0.30769	0.20346	0.0645
0.0	0.0	0.0
0.0	0.0	0.0
0.05333	0.04172	0.06017
0.05932	0.04619	0.02243
0.10811	0.10811	0.08696
0.03774	0.03774	0.02857
0.0	0.0	0.0
0.05682	0.05682	0.04839
0.17073	0.17702	0.1577
0.05357	0.05357	0.02439
0.02688	0.02705	0.02527
0.0	0.0	0.0
0.03061	0.03061	0.04348
0.05556	0.06004	0.02135
0.17857	0.14746	0.06272
0.07143	0.07143	0.07991
0.0	0.0	0.0
0.21875	0.18044	0.16743
0.16667	0.16667	0.14286
0.0	0.0	0.0
0.30769	0.30769	0.3
0.0	0.0	0.0
0.06977	0.06952	0.03856
0.15789	0.11205	0.15207
0.0	0.0	0.0
0.10256	0.08891	0.0729
0.0	0.0	0.0
0.07143	0.05875	0.04723
0.09615	0.09429	0.07661
0.04878	0.04878	0.07692
0.22222	0.18278	0.1075
0.34375	0.375	0.33333
0.04762	0.04762	0.03226
0.15385	0.14789	0.14286
0.0	0.0	0.0
0.02	0.02871	0.01515
0.0	0.0	0.0
0.0	0.0	0.0
0.09278	0.05654	0.06505
0.01754	0.01754	0.01282
0.2	0.17595	0.11889
0.04651	0.02626	0.03704
0.40625	0.35888	0.29033
0.2716	0.22101	0.18562
0.12676	0.10904	0.105
0.02273	0.02273	0.03125
0.2963	0.23415	0.28011
0.33333	0.33333	0.3032
0.03774	0.03774	0.05128
0.03448	0.03448	0.04762
0.08108	0.07584	0.03846
0.04255	0.0374	0.01587
0.0	0.0	0.0
0.03571	0.03571	0.05333
0.08889	0.08997	0.03554
0.0	0.0	0.0
0.08333	0.06992	0.10488
0.0	0.0	0.0
0.03623	0.03553	0.04211
0.07143	0.06605	0.06327
0.04854	0.04009	0.04286
0.21212	0.22873	0.2129
0.13333	0.13333	0.086
0.04698	0.04698	0.03846
0.08642	0.08184	0.08513
0.08929	0.08929	0.05714
0.0	0.0	0.0
0.01515	0.01515	0.02128
0.0	0.0	0.0
0.01639	0.01639	0.02326
0.0431	0.0431	0.0241
0.03012	0.02429	0.01366
0.0	0.0	0.0
0.04651	0.04651	0.0625
0.14634	0.14634	0.16
0.2	0.1677	0.14512
0.06707	0.05507	0.03936
0.03175	0.03175	0.02273
0.0	0.0	0.0
0.0	0.0	0.0
0.06061	0.07624	0.03225
0.08	0.07225	0.04398
0.0	0.0	0.0
0.15865	0.15105	0.18028
0.03846	0.03846	0.03125
0.0	0.0	0.0
0.0	0.0	0.0
0.1	0.08756	0.09384
0.01887	0.0353	0.02857
0.21429	0.21429	0.11111
0.15625	0.14112	0.0
0.07692	0.05211	0.03015
0.01613	0.01977	0.02851
0.03636	0.03636	0.02857
0.0	0.0	0.0
0.29412	0.27135	0.08986
0.25	0.25	0.21429
0.08	0.06806	0.06906
0.05202	0.04904	0.04632
0.0	0.0	0.0
0.02963	0.02581	0.01241
1.0	1.05638	0.6452
0.0	0.0	0.0
0.02	0.02	0.0
0.11386	0.10412	0.10078
0.1	0.1	0.10638
0.02632	0.02632	0.0
0.33333	0.33333	0.2
0.09091	0.1305	0.14286
0.06383	0.04941	0.00222
0.25	0.17961	0.154
0.08333	0.11962	0.05882
0.32353	0.34344	0.30708
0.0	0.0	0.0
0.04545	0.03812	0.02222
0.22807	0.2026	0.15851
0.09434	0.06087	0.04459
0.1746	0.14338	0.12536
0.0	0.0	0.0
0.04082	0.04246	0.04384
0.01852	0.01045	0.01547
0.0	0.0	0.0
0.0	0.0	0.0
0.01408	0.01408	0.02128
0.09589	0.09589	0.06383
0.0	0.0	0.0
0.25431	0.25347	0.26104
0.0	0.0	0.0
0.06977	0.06977	0.03704
0.05263	0.05263	0.08333
0.1087	0.04417	0.05483
0.03704	0.0423	0.04167
0.04545	0.04545	0.06667
0.01389	0.01389	0.0
0.04955	0.0292	0.02987
0.0303	0.029	0.03544
0.0566	0.06391	0.02152
0.0	0.0	0.0
0.06154	0.05409	0.05591
0.11765	0.08918	0.06317
0.0	0.0	0.0
0.0292	0.0292	0.0297
0.625	0.53225	0.344
0.02857	0.02857	0.0
0.15789	0.12224	0.04838
0.0	0.0	0.0
0.0	0.0	0.0
0.0	0.0	0.0
0.13636	0.10264	0.08986
0.0137	0.0137	0.01786
0.14815	0.10156	0.09168
0.08889	0.07957	0.04608
0.45833	0.34675	0.30643
0.04082	0.03654	0.00922
0.0	0.0	0.0
0.53333	0.49247	0.42953
0.0	0.0	0.0
0.13095	0.11905	0.08
0.0	0.0	0.0
0.13084	0.1022	0.1051
0.0	0.0	0.0
0.02174	0.02174	0.03704
0.06522	0.06872	0.04808
0.31579	0.28353	0.33333
0.10256	0.10256	0.08163
0.14545	0.12082	0.04446
0.19355	0.21539	0.12767
0.10169	0.10169	0.05405
0.19403	0.19884	0.14193
0.16216	0.15868	0.16237
0.91083	0.64778	0.42428
0.0	0.0	0.0
0.0	0.0	0.0
0.21429	0.21429	0.16667
0.22222	0.22939	0.19842
0.1	0.1	0.09231
0.0	0.0	0.0
0.05682	0.04802	0.03905
0.0916	0.08766	0.06965
0.14	0.12774	0.07233
0.0	0.0	0.0
0.12195	0.12195	0.09319
0.04094	0.03527	0.03112
0.0	0.0	0.0
0.2126	0.2126	0.21111
0.14286	0.12212	0.04342
0.13415	0.1196	0.08483
0.06207	0.05406	0.03396
0.08333	0.08333	0.0625
0.0	0.0	0.0
0.06522	0.0568	0.06061
0.08475	0.0811	0.07174
0.0	0.0	0.0
0.025	0.025	0.02381
0.03817	0.02463	0.03584
0.0	0.0	0.0
0.0	0.0	0.0
0.04505	0.04824	0.05556
0.22727	0.27273	0.1875
0.01786	0.01786	0.02941
0.0	0.0	0.0
0.02963	0.02963	0.0297
0.05128	0.05128	0.0
0.0	0.0	0.0
0.01695	0.02023	0.01776
0.12658	0.10943	0.10856
0.0678	0.06234	0.07238
0.05556	0.05556	0.03333
0.04918	0.04468	0.03112
0.0	0.0	0.0
0.10256	0.0914	0.08929
0.14815	0.1613	0.11111
0.85714	0.894	0.543
0.0	0.0	0.0
0.025	0.01815	0.0
0.04819	0.06373	0.03881
0.2	0.2	0.2
0.0	0.0	0.0
0.0	0.0	0.0
0.15909	0.15909	0.2089
0.0	0.0	0.0
0.0	0.0	0.0
0.1875	0.16633	0.11684
0.09574	0.07413	0.06075
0.0	0.0	0.0
0.0	0.0	0.0
0.0	0.0	0.0
0.1129	0.1129	0.07895
0.03922	0.03922	0.02703
0.05556	0.04813	0.04998
0.07143	0.0599	0.04738
0.22222	0.22222	0.08333
0.03623	0.03413	0.0308
0.0	0.0	0.0
0.12	0.10064	0.05882
0.07692	0.10733	0.07692
0.04348	0.04348	0.0
0.11321	0.08887	0.037
0.0	0.0	0.0
0.05952	0.05088	0.0496
0.0	0.0	0.0
0.03571	0.04234	0.03077
0.02899	0.02899	0.02273
0.05505	0.05208	0.05037
0.0	0.0	0.0
0.03521	0.03521	0.02128
0.02564	0.02564	0.0
0.08671	0.08465	0.0739
0.0	0.0	0.0
0.03846	0.03846	0.01887
0.06818	0.04032	0.0258
0.03125	0.03125	0.0
0.0	0.0	0.0
0.0	0.0	0.0
0.03125	0.03125	0.0
0.12903	0.12903	0.13333
0.01333	0.01333	0.0
0.05556	0.04525	0.04804
0.02857	0.02857	0.04167
0.01961	0.01961	0.0
0.0	0.0	0.0
0.0	0.0	0.0
0.10909	0.09325	0.07822
0.05263	0.05263	0.06897
0.01724	0.01724	0.02222
0.05405	0.06365	0.03846
0.06335	0.05619	0.0408
0.06186	0.07349	0.07011
0.0	0.0	0.0
0.0	0.0	0.0
0.0354	0.02797	0.01734
0.3	0.28063	0.24515
0.07407	0.07407	0.03922
0.14286	0.14286	0.0
0.0	0.0	0.0
0.04	0.04	0.03571
0.0	0.0	0.0
0.0	0.0	0.0
0.01399	0.01399	0.01942
0.02326	0.02326	0.0
0.0463	0.0463	0.04286
0.02041	0.00527	0.0086
0.05	0.05	0.06977
0.0	0.0	0.0
0.04255	0.04255	0.03226
0.06452	0.06452	0.05
0.08	0.03872	0.02867
0.06667	0.06667	0.04762
0.06944	0.06944	0.03846
0.0	0.0	0.0
0.08	0.08	0.0
0.0	0.0	0.0
0.04082	0.04707	0.04615
0.25	0.25	0.23529
0.0	0.0	0.0
0.0	0.0	0.0
0.08333	0.10572	0.08696
0.03968	0.03968	0.03659
0.0	0.0	0.0
0.01685	0.01069	0.01274
0.05195	0.03938	0.03834
0.05607	0.04989	0.0446
0.05926	0.05711	0.05758
0.02174	0.02174	0.02778
0.14286	0.16743	0.13708
0.0	0.0	0.0
0.02857	0.02396	0.02021
0.07143	0.06912	0.06897
0.06849	0.0707	0.06198
0.66667	0.53225	0.32257
0.0	0.0	0.0
0.05714	0.047	0.0258
0.08377	0.08242	0.07135
0.05357	0.05357	0.05128
0.0	0.0	0.0
0.0	0.0	0.0
0.25806	0.23516	0.08225
0.2	0.18351	0.17527
0.0	0.0	0.0
0.14634	0.13376	0.11693
0.28571	0.15362	0.10669
0.0	0.0	0.0
0.1831	0.17538	0.12402
0.16	0.1716	0.2
0.09091	0.08462	0.07444
0.25	0.25	0.25
0.05172	0.04171	0.03461
0.05682	0.05682	0.03774
0.13793	0.13793	0.11111
0.01316	0.01316	0.01923
0.024	0.03097	0.02381
0.06522	0.07399	0.05682
0.0	0.0	0.0
0.0	0.0	0.0
0.33333	0.172	0.0
0.46154	0.46105	0.43109
0.01149	0.01149	0.0
0.10526	0.10526	0.0
0.05172	0.06674	0.02778
0.0	0.0	0.0
0.06329	0.06023	0.05455
0.0	0.0	0.0
0.04286	0.04286	0.03846
0.03684	0.03786	0.0409
0.3125	0.26764	0.22497
0.35135	0.31908	0.27554
0.02083	0.02083	0.03226
0.31429	0.29491	0.20757
0.08696	0.07643	0.04738
0.0	0.0	0.0
0.0	0.0	0.0
0.0	0.0	0.0
0.0875	0.06976	0.06147
0.10638	0.10638	0.08824
0.14286	0.14286	0.05882
0.03261	0.03261	0.03125
0.0	0.0	0.0
0.06977	0.06977	0.05263
0.01176	0.01176	0.01639
0.03571	0.03571	0.05556
0.07143	0.07143	0.04762
0.04861	0.03741	0.03541
0.0	0.0	0.0
0.21951	0.20771	0.15385
0.04348	0.04348	0.0
0.0	0.0	0.0
0.0274	0.02253	0.01433
0.04545	0.04545	0.04762
0.39216	0.35041	0.29905
0.0	0.0	0.0
0.0	0.0	0.0
0.03497	0.03068	0.02537
0.07229	0.0579	0.06621
0.0875	0.07096	0.04537
0.23645	0.22739	0.18078
0.04878	0.03973	0.03636
0.06897	0.06897	0.06061
0.04908	0.05383	0.04625
0.0	0.0	0.0
0.05882	0.05882	0.04167
0.0	0.0	0.0
0.08696	0.08696	0.0
0.17708	0.14449	0.11465
0.04895	0.0573	0.05645
0.08046	0.0608	0.05576
0.0	0.0	0.0
0.19595	0.17829	0.18109
0.03911	0.03478	0.02357
0.0	0.0	0.0
0.14706	0.17647	0.21053
0.15152	0.13489	0.1129
0.05128	0.02895	0.04342
0.15686	0.10373	0.11
0.14634	0.14634	0.09524
0.11111	0.11111	0.1
0.08696	0.07609	0.07208
0.11194	0.12229	0.0482
0.33333	0.24192	0.23973
0.0	0.0	0.0
0.09859	0.10404	0.06774
0.0	0.0	0.0
0.15714	0.16221	0.10789
0.07639	0.08714	0.0744
0.125	0.125	0.07317
0.04706	0.04365	0.04593
0.07432	0.07105	0.08188
0.03077	0.02258	0.03226
0.0	0.0	0.0
0.05333	0.05807	0.04348
0.01754	0.01754	0.02326
0.04598	0.05006	0.04918
0.07143	0.07143	0.04762
0.0	0.0	0.0
0.0	0.0	0.0
0.16129	0.14508	0.1018
0.02344	0.03125	0.0119
0.04478	0.03755	0.02273
0.07353	0.07732	0.06452
0.11475	0.11475	0.11364
0.20833	0.19265	0.14675
0.09756	0.0708	0.06796
0.04054	0.03466	0.0397
0.03448	0.02836	0.03051
0.125	0.11866	0.08422
0.02941	0.02941	0.02326
0.11111	0.11111	0.04762
0.01961	0.01961	0.02857
0.15044	0.13532	0.09988
0.14545	0.12053	0.07303
0.03448	0.04449	0.01754
0.0	0.0	0.0
0.03571	0.01843	0.0258
0.125	0.1294	0.08475
0.0	0.0	0.0
0.05682	0.05682	0.05882
0.01087	0.01087	0.01786
0.0	0.0	0.0
0.14286	0.15514	0.1387
0.16667	0.15521	0.12699
0.07619	0.06973	0.09309
0.03226	0.03226	0.04545
0.06618	0.0619	0.05931
0.0	0.0	0.0
0.0	0.0	0.0
0.05	0.05	0.0
0.05263	0.05263	0.03774
0.04592	0.04592	0.03759
0.0	0.0	0.0
0.01887	0.01887	0.0
0.01299	0.01299	0.00962
1.0	0.96767	1.016
0.09756	0.09166	0.05764
0.21212	0.21212	0.20455
0.08333	0.11444	0.08197
0.0	0.0	0.0
0.0	0.0	0.0
0.01852	0.01175	0.01486
0.04545	0.05279	0.02564
0.08108	0.07149	0.07143
0.0	0.0	0.0
0.02778	0.02778	0.04167
0.16	0.16	0.125
0.04348	0.04348	0.0303
0.0	0.0	0.0
0.125	0.10483	0.125
0.0	0.0	0.0
0.12121	0.08797	0.09062
0.08824	0.06262	0.08333
0.03738	0.02321	0.03403
0.01053	0.01053	0.01389
0.12088	0.10634	0.07397
0.05208	0.05208	0.03077
0.0	0.0	0.0
0.46429	0.43204	0.34637
0.12941	0.12941	0.09242
0.0	0.0	0.0
0.19048	0.16436	0.15668
0.0	0.0	0.0
0.01754	0.01754	0.02632
0.0	0.0	0.0
0.05263	0.04414	0.02557
0.1123	0.10143	0.10131
0.11905	0.11905	0.11538
0.0	0.0	0.0
0.0	0.0	0.0
0.08065	0.08273	0.04951
0.01739	0.01739	0.01351
0.05634	0.06769	0.03774
0.0	0.0	0.0
0.0	0.0	0.0
0.77778	0.77778	0.6
0.08772	0.07036	0.04237
0.44444	0.39244	0.41345
0.0	0.0	0.0
0.04545	0.03739	0.0215
0.09091	0.09091	0.07692
0.14286	0.1347	0.07436
0.06	0.06	0.0
0.09649	0.09196	0.01801
0.0	0.0	0.0
0.01818	0.01818	0.02778
0.17073	0.17073	0.13462
0.18182	0.18182	0.0
0.0303	0.0277	0.03563
0.0125	0.0125	0.01923
0.09524	0.14286	0.09091
0.0	0.0	0.0
0.05882	0.05882	0.03571
0.03846	0.03846	0.05405
0.08989	0.08989	0.08475
0.0	0.0	0.0
0.07576	0.04205	0.03805
0.03822	0.03431	0.02846
0.1	0.06343	0.05312
0.03125	0.03125	0.02703
0.04225	0.03362	0.0289
0.11111	0.11111	0.10811
0.14286	0.12719	0.12298
0.15909	0.14516	0.08525
0.09016	0.07641	0.0821
0.10615	0.08902	0.08179
0.22857	0.21106	0.20833
0.01852	0.01852	0.02632
0.04545	0.04545	0.04
0.05405	0.05405	0.04167
0.26087	0.216	0.20494
0.0	0.0	0.0
0.0099	0.0099	0.01471
0.07407	0.07407	0.07143
0.06897	0.05539	0.03104
0.2	0.17226	0.12459
0.07407	0.07407	0.04762
0.09195	0.09344	0.05284
0.03448	0.03448	0.03226
0.05263	0.05195	0.02888
0.02439	0.03659	0.03922
0.31579	0.20374	0.26729
0.0241	0.0241	0.0
0.0	0.0	0.0
0.07759	0.03809	0.04493
0.1	0.1	0.0
0.0303	0.0303	0.02439
0.0	0.0	0.0
0.1875	0.1875	0.22222
0.15979	0.1548	0.15965
0.45	0.39193	0.47193
0.03311	0.03311	0.03261
0.125	0.17178	0.09375
0.09091	0.08856	0.068
0.01316	0.01316	0.01111
1.0	0.758	0.7548
0.0	0.0	0.0
0.0	0.0	0.0
0.0	0.0	0.0
0.0303	0.01564	0.02243
0.19231	0.15696	0.09678
0.0	0.0	0.0
0.0339	0.05085	0.05405
0.0	0.0	0.0
0.03774	0.0353	0.04738
0.13043	0.12693	0.07321
0.2766	0.24845	0.12694
0.21687	0.19665	0.16019
0.18391	0.17686	0.17847
0.0	0.0	0.0
0.04444	0.0552	0.06061
0.11111	0.11111	0.14286
0.33333	0.26285	0.25645
0.0	0.0	0.0
0.0	0.0	0.0
0.18182	0.18573	0.16879
0.0	0.0	0.0
0.13208	0.14302	0.15933
0.0	0.0	0.0
0.09804	0.08728	0.04497
0.09091	0.09091	0.05556
0.10784	0.10722	0.07576
0.0	0.0	0.0
0.14286	0.11981	0.17971
0.04494	0.04494	0.01639
0.0177	0.0177	0.0125
0.16794	0.147	0.1479
0.03125	0.02445	0.02447
0.10345	0.07452	0.01564
0.21429	0.15436	0.129
0.0	0.0	0.0
0.0	0.0	0.0
0.02564	0.02564	0.03571
0.02857	0.02857	0.02083
0.0	0.0	0.0
0.07143	0.07143	0.11111
0.33333	0.31272	0.21579
0.06731	0.06079	0.05597
0.08333	0.09073	0.09677
0.05618	0.0453	0.01947
0.02703	0.02703	0.0
0.05618	0.05437	0.04981
0.0	0.0	0.0
0.0	0.0	0.0
0.0	0.0	0.0
0.0	0.0	0.0
0.11504	0.10334	0.08615
0.04575	0.04512	0.02874
0.16667	0.16667	0.08511
0.27778	0.28317	0.15545
0.0	0.0	0.0
0.0	0.0	0.0
0.13333	0.11527	0.08871
0.0	0.0	0.0
0.09524	0.09524	0.07143
0.48276	0.40266	0.31377
0.2	0.3	0.14286
0.0	0.0	0.0
0.05	0.05	0.06667
0.08197	0.06821	0.03917
0.0	0.0	0.0
0.09735	0.09735	0.0641
0.01613	0.01613	0.02857
0.0	0.0	0.0
0.0	0.0	0.0
0.0	0.0	0.0
0.0	0.0	0.0
0.0	0.0	0.0
0.07937	0.08756	0.06451
0.75	0.742	0.968
0.0	0.0	0.0
0.13333	0.12166	0.08417
0.02857	0.02857	0.04167
0.375	0.33388	0.29145
0.07487	0.069	0.05957
0.0	0.0	0.0
0.04444	0.02509	0.00391
0.01923	0.01923	0.0
0.0	0.0	0.0
0.01852	0.01762	0.0
0.09091	0.11364	0.12
0.01724	0.01724	0.025
0.35	0.3129	0.33333
0.33333	0.24011	0.14286
0.31579	0.3107	0.3125
0.01852	0.01852	0.02703
0.22857	0.21289	0.20673
0.09	0.09	0.08108
0.03659	0.03049	0.02449
0.03289	0.02971	0.01869
0.0678	0.0678	0.05405
0.175	0.1758	0.13782
0.0	0.0	0.0
0.0	0.0	0.0
0.10769	0.11712	0.06977
0.06	0.08194	0.09091
0.0	0.0	0.0
0.05455	0.06335	0.05405
0.0	0.0	0.0
0.08065	0.08065	0.025
0.02667	0.02667	0.03846
0.01786	0.02227	0.01802
0.05455	0.03225	0.01935
0.0	0.0	0.0
0.09195	0.09195	0.09091
0.19512	0.12746	0.1884
0.15385	0.15385	0.11111
0.10667	0.08539	0.09993
0.0	0.0	0.0
0.23529	0.23053	0.15612
0.0	0.0	0.0
0.14815	0.14696	0.23341
0.03571	0.03571	0.0
0.0	0.0	0.0
0.0	0.0	0.0
0.01695	0.01695	0.01316
0.68421	0.764	0.84408
0.1405	0.13276	0.11028
0.0	0.0	0.0
0.08824	0.08538	0.09091
0.09615	0.07319	0.03594
0.0	0.0	0.0
0.12821	0.12821	0.10714
0.0	0.0	0.0
0.14388	0.14412	0.0859
0.2	0.19053	0.07477
0.08333	0.08333	0.06349
0.18605	0.16991	0.16407
0.5	0.39783	0.39783
0.07692	0.07692	0.09091
0.0	0.0	0.0
0.05	0.05	0.07407
0.0678	0.0678	0.02632
0.13333	0.13333	0.09091
0.14286	0.10138	0.07786
0.0	0.0	0.0
0.0531	0.04825	0.01299
0.07407	0.06033	0.02778
0.10145	0.0963	0.10913
0.14815	0.10274	0.0172
0.07317	0.07239	0.07569
0.11111	0.11111	0.06122
0.0125	0.00645	0.01032
0.08081	0.08081	0.04762
0.07143	0.07143	0.04762
0.05882	0.05882	0.01786
0.03226	0.03226	0.0
0.19231	0.13523	0.13978
0.11765	0.09045	0.04886
0.04167	0.03158	0.02857
0.07692	0.07692	0.10526
0.02941	0.02276	0.03096
1.5	1.4355	2.516
0.0	0.0	0.0
0.1215	0.09648	0.05511
0.28571	0.2613	0.24559
0.03529	0.03529	0.01786
0.33333	0.23667	0.355
0.19626	0.20138	0.17972
0.0122	0.02439	0.01923
0.0	0.0	0.0
0.0	0.0	0.0
0.0	0.0	0.0
0.05455	0.07038	0.05405
0.11538	0.10423	0.09
0.04348	0.04348	0.04255
0.18182	0.18182	0.0
0.0	0.0	0.0
0.0	0.0	0.0
0.01818	0.00841	0.01308
0.07752	0.06626	0.05069
0.33333	0.276	0.301
0.0625	0.0625	0.04
0.15	0.11935	0.11973
0.02959	0.03016	0.0295
0.0	0.0	0.0
0.04762	0.03021	0.03082
0.15487	0.14687	0.13388
0.02857	0.01797	0.01961
0.0	0.0	0.0
1.5	1.4515	1.516
0.19048	0.19048	0.1875
0.0	0.0	0.0
0.09836	0.07403	0.06137
0.09848	0.10655	0.0667
0.0	0.0	0.0
0.0	0.0	0.0
0.05357	0.05184	0.02632
0.0	0.0	0.0
0.02857	0.02857	0.0
0.16667	0.16219	0.11653
0.05172	0.05172	0.02632
0.03509	0.03509	0.02857
0.07692	0.07692	0.04338
0.06767	0.07422	0.06561
0.14634	0.13139	0.09181
0.13208	0.11959	0.06587
0.0	0.0	0.0
0.12903	0.12903	0.05556
0.13725	0.13725	0.16129
0.06098	0.06098	0.04918
0.0	0.0	0.0
0.0367	0.03344	0.02963
0.04444	0.03536	0.02712
0.25547	0.23499	0.19457
0.04706	0.05009	0.04262
0.0	0.0	0.0
0.13433	0.14733	0.11628
0.52	0.45548	0.3405
0.0	0.0	0.0
0.10606	0.0953	0.09756
0.04	0.02839	0.02352
0.07895	0.06324	0.06048
0.0	0.0	0.0
0.0	0.0	0.0
0.22222	0.14875	0.15188
0.06098	0.06098	0.0
0.0443	0.04042	0.01942
0.01316	0.01316	0.0
0.23529	0.22485	0.21114
0.0	0.0	0.0
0.07097	0.06452	0.03158
0.16901	0.14493	0.10006
0.01587	0.01587	0.02083
0.0	0.0	0.0
0.05263	0.04516	0.04634
0.0	0.0	0.0
0.09231	0.09429	0.04628
0.08397	0.06353	0.04022
0.0	0.0	0.0
0.06977	0.07877	0.08172
0.11377	0.1128	0.08463
0.26087	0.23983	0.23529
0.12658	0.12658	0.12766
0.02	0.00258	0.00403
0.01333	0.00516	0.00717
0.02128	0.01785	0.02397
0.0	0.0	0.0
0.08108	0.08108	0.03704
0.04545	0.04545	0.05172
0.0	0.0	0.0
0.0	0.0	0.0
0.63636	0.63636	0.66667
0.0	0.0	0.0
0.07143	0.07019	0.05873
0.03704	0.02628	0.0
0.3	0.2323	0.05383
0.15942	0.14913	0.14583
0.12329	0.13036	0.081
0.09091	0.09091	0.14286
0.0	0.0	0.0
0.0	0.0	0.0
0.04706	0.04706	0.03509
0.0678	0.06342	0.06377
0.01852	0.01852	0.0
0.0	0.0	0.0
0.12903	0.13423	0.15052
0.125	0.125	0.2
0.0303	0.0303	0.04167
0.125	0.125	0.08234
0.0	0.0	0.0
0.17647	0.16736	0.1529
0.08621	0.07064	0.05518
0.0	0.0	0.0
0.0	0.0	0.0
0.0	0.0	0.0
0.0	0.0	0.0
0.10714	0.10427	0.0835
0.0	0.0	0.0
0.0	0.0	0.0
0.13115	0.12057	0.09363
0.0	0.0	0.0
0.0	0.0	0.0
0.0	0.0	0.0
0.08475	0.0842	0.08177
0.0	0.0	0.0
0.15385	0.15385	0.14062
0.13	0.12387	0.05645
0.07692	0.07692	0.06742
0.16129	0.10926	0.05376
0.0	0.0	0.0
0.1625	0.1258	0.11354
0.17857	0.17857	0.15789
0.0	0.0	0.0
0.0	0.0	0.0
0.0	0.0	0.0
0.07812	0.06619	0.08266
0.19403	0.19403	0.14286
0.05882	0.05661	0.06842
0.26667	0.17847	0.21144
0.0	0.0	0.0
0.26316	0.26316	0.25
0.01408	0.01408	0.0
0.10638	0.09609	0.06897
0.0	0.0	0.0
0.0	0.0	0.0
0.02128	0.03157	0.03125
0.06818	0.08798	0.05556
0.05263	0.04499	0.01613
0.0	0.0	0.0
0.15385	0.15385	0.11111
0.08333	0.08333	0.05882
0.05882	0.05186	0.0303
0.0	0.0	0.0
0.0	0.0	0.0
0.03846	0.04177	0.042
0.06557	0.06557	0.05882
0.08861	0.10167	0.05522
0.08333	0.08333	0.1
0.38462	0.37715	0.31717
0.02239	0.02239	0.02151
0.07634	0.07634	0.1
0.21818	0.21233	0.1613
0.10526	0.05432	0.08333
0.0	0.0	0.0
0.0	0.0	0.0
0.15385	0.15385	0.10526
0.08081	0.08504	0.06636
0.0	0.0	0.0
0.06977	0.06977	0.09677
0.03896	0.05195	0.02041
0.02564	0.02564	0.04167
0.09677	0.0411	0.04758
0.28205	0.22127	0.20111
0.03529	0.02808	0.00744
0.07018	0.07018	0.0625
0.04348	0.03296	0.05053
0.0	0.0	0.0
0.0	0.0	0.0
0.0	0.0	0.0
0.03371	0.02138	0.02788
0.0	0.0	0.0
0.0	0.0	0.0
0.0	0.0	0.0
0.5	0.35021	0.42338
0.0578	0.06079	0.03197
0.01361	0.01361	0.01031
0.05769	0.05769	0.02941
0.0303	0.0303	0.0
0.0	0.0	0.0
0.08333	0.06558	0.03548
0.07895	0.07895	0.03846
0.10127	0.1033	0.08898
0.0	0.0	0.0
0.21429	0.25114	0.22282
0.04167	0.04167	0.07692
0.0	0.0	0.0
0.0	0.0	0.0
0.0	0.0	0.0
0.09524	0.09524	0.07692
0.07143	0.05069	0.00516
0.0625	0.0625	0.0
0.0	0.0	0.0
0.09677	0.09677	0.04167
0.16327	0.14416	0.07117
0.20792	0.19099	0.2029
0.0339	0.02761	0.01176
0.0	0.0	0.0
0.0	0.0	0.0
0.02985	0.02985	0.02439
0.05882	0.07843	0.0625
0.1068	0.09771	0.03226
0.21569	0.19039	0.10815
0.28169	0.24897	0.15413
0.0	0.0	0.0
0.19048	0.16589	0.12902
0.01064	0.01064	0.01493
0.0625	0.0625	0.09091
0.08257	0.06007	0.0438
0.21429	0.14746	0.11935
0.00794	0.00794	0.0
0.06061	0.06061	0.09091
0.04511	0.04657	0.03154
0.75	0.79438	0.55917
0.0	0.0	0.0
0.08791	0.08791	0.04839
0.0	0.0	0.0
0.05128	0.05128	0.03846
0.11765	0.11765	0.0
0.17797	0.16948	0.11008
0.175	0.16384	0.14451
0.04	0.04	0.05556
0.06897	0.06897	0.07692
0.13158	0.1078	0.08412
0.05882	0.05882	0.05714
0.08696	0.08696	0.09677
0.0	0.0	0.0
0.39474	0.39474	0.38462
0.05063	0.03022	0.04342
0.02857	0.02857	0.04167
0.0	0.0	0.0
0.00952	0.0086	0.0
0.15	0.1387	0.13646
0.18487	0.17023	0.14845
0.0	0.0	0.0
0.02941	0.02941	0.02041
0.34091	0.33064	0.30757
0.0	0.0	0.0
0.08571	0.08294	0.04348
0.12963	0.11648	0.09778
0.13514	0.12205	0.10064
0.075	0.07098	0.0613
0.0	0.0	0.0
0.0	0.0	0.0
0.0339	0.0339	0.02273
0.18182	0.22582	0.125
0.09756	0.08024	0.04783
0.04762	0.05607	0.04691
0.0	0.0	0.0
0.0	0.0	0.0
0.0	0.0	0.0
0.05556	0.04211	0.04747
0.08989	0.0859	0.11111
0.07273	0.07273	0.05405
0.06186	0.06186	0.04839
0.0	0.0	0.0
0.01818	0.0129	0.01075
0.0274	0.0274	0.01818
0.03125	0.03125	0.04348
0.05435	0.05189	0.05085
0.07097	0.07326	0.05048
0.12245	0.12245	0.09375
0.16216	0.1424	0.09391
0.3125	0.28025	0.19355
0.03571	0.03571	0.0
0.11111	0.11111	0.13043
0.0	0.0	0.0
0.0	0.0	0.0
0.0	0.0	0.0
0.05556	0.05556	0.08333
1.0	0.7936	1.02167
0.15	0.15	0.18519
0.03509	0.03075	0.03671
0.0	0.0	0.0
0.05634	0.06042	0.03445
0.0	0.0	0.0
0.33333	0.30644	0.20967
0.14286	0.14286	0.0
0.01087	0.00701	0.00992
0.0241	0.01671	0.01754
0.05825	0.06326	0.04167
0.04918	0.06557	0.04651
0.0	0.0	0.0
0.0	0.0	0.0
0.02128	0.02128	0.03226
0.05882	0.03035	0.02345
0.0	0.0	0.0
0.17241	0.17241	0.15789
0.13158	0.10611	0.125
0.0	0.0	0.0
0.0	0.0	0.0
0.0	0.0	0.0
0.15385	0.15385	0.0
0.03571	0.03571	0.05556
0.0	0.0	0.0
0.18421	0.14855	0.13604
0.0	0.0	0.0
0.0	0.0	0.0
0.0	0.0	0.0
0.0	0.0	0.0
0.0	0.0	0.0
0.04819	0.04003	0.04382
0.02941	0.02941	0.04167
0.12162	0.07672	0.07527
0.12381	0.1195	0.07918
0.0	0.0	0.0
0.10409	0.10601	0.0914
0.17021	0.14962	0.09181
0.04167	0.07258	0.07143
0.09259	0.07467	0.09781
0.04255	0.04255	0.0303
0.77778	0.94622	1.16667
0.16	0.1058	0.03583
0.07407	0.04181	0.00645
0.03571	0.06221	0.05263
0.04082	0.02304	0.03421
0.0	0.0	0.0
0.08197	0.04759	0.0258
0.0	0.0	0.0
0.04255	0.03774	0.02669
0.0495	0.05845	0.04334
0.04808	0.0397	0.02916
0.22222	0.29033	0.1806
0.0	0.0	0.0
0.0	0.0	0.0
0.07216	0.06585	0.02351
0.22581	0.22165	0.18433
0.07143	0.04838	0.03225
0.0	0.0	0.0
0.1039	0.08378	0.08727
0.11679	0.08971	0.08098
0.1	0.0871	0.12443
0.31579	0.219	0.19355
0.15217	0.13113	0.14516
0.0	0.0	0.0
0.08571	0.047	0.01759
0.1	0.1	0.08333
0.0	0.0	0.0
0.0	0.0	0.0
0.07273	0.06216	0.03887
0.06452	0.06452	0.04348
0.09278	0.09278	0.0597
0.0	0.0	0.0
0.06667	0.0613	0.08757
0.12121	0.08015	0.0547
0.13636	0.13636	0.0
0.05556	0.04874	0.03617
0.0274	0.0274	0.02041
0.15385	0.13027	0.07706
0.16667	0.11021	0.03794
0.33333	0.49822	0.0
0.43478	0.43478	0.5
0.0	0.0	0.0
0.05114	0.04381	0.03548
0.17778	0.17778	0.16129
0.0	0.0	0.0
0.25806	0.18832	0.13824
0.0	0.0	0.0
0.01639	0.00634	0.0
0.05769	0.04094	0.01997
0.32143	0.34907	0.41595
0.12088	0.10068	0.09451
0.21429	0.21429	0.25
0.0	0.0	0.0
0.13636	0.10703	0.08576
0.13725	0.08855	0.06139
0.0	0.0	0.0
0.0	0.0	0.0
0.10256	0.10256	0.09524
0.09302	0.09302	0.0
0.02703	0.02703	0.04
0.04082	0.04082	0.03333
0.0	0.0	0.0
0.0	0.0	0.0
0.09677	0.08897	0.0732
0.33333	0.33333	0.5
0.0	0.0	0.0
0.03333	0.03333	0.03333
0.29146	0.28903	0.27664
0.09804	0.09171	0.0625
0.12069	0.12514	0.08574
0.09231	0.08635	0.05942
0.41379	0.31148	0.22886
0.10417	0.09382	0.0836
0.0	0.0	0.0
0.06522	0.06522	0.03448
0.25926	0.21863	0.125
0.05882	0.0759	0.0303
0.07692	0.07692	0.03571
0.0	0.0	0.0
0.02857	0.03387	0.02151
0.06061	0.09091	0.05
0.0367	0.02989	0.03136
0.0	0.0	0.0
0.04615	0.03325	0.05145
0.28571	0.28571	0.25
0.02899	0.02899	0.02083
0.08824	0.07116	0.06667
0.02703	0.02703	0.0
0.08	0.08	0.0
0.13095	0.13095	0.06897
0.05941	0.05941	0.02899
0.0	0.0	0.0
0.07018	0.07018	0.05333
0.11009	0.10861	0.07482
0.00746	0.01011	0.01111
0.03846	0.03846	0.05263
0.09211	0.08234	0.08349
0.07143	0.07143	0.09091
0.0	0.0	0.0
0.09489	0.08782	0.0672
0.0	0.0	0.0
0.15116	0.13241	0.16746
0.21053	0.20542	0.05312
0.07273	0.06823	0.04869
0.07407	0.07407	0.05882
0.01351	0.01351	0.0
0.21053	0.16553	0.12904
0.36364	0.39882	0.29838
0.125	0.11425	0.08064
0.17647	0.17647	0.08511
0.0	0.0	0.0
0.15686	0.15814	0.11968
0.03846	0.03846	0.0
0.15217	0.15498	0.07224
0.06897	0.06897	0.10526
0.0	0.0	0.0
0.09286	0.0864	0.0582
0.0	0.0	0.0
0.0	0.0	0.0
0.03488	0.0332	0.00617
0.0	0.0	0.0
0.09434	0.09434	0.08333
0.0	0.0	0.0
0.0	0.0	0.0
0.75	0.76883	0.97317
0.12281	0.11686	0.09628
0.16667	0.13227	0.14942
0.38636	0.36509	0.24558
0.06579	0.09379	0.08765
0.13115	0.13749	0.11545
0.01961	0.01961	0.0303
0.09434	0.07608	0.04738
0.08738	0.08268	0.06895
0.27273	0.24339	0.22064
0.0365	0.0365	0.03297
0.76471	0.76471	0.66667
0.03571	0.03571	0.04348
0.0	0.0	0.0
0.6875	0.65725	0.61289
0.04651	0.04651	0.03846
0.07692	0.10266	0.09589
0.06316	0.08149	0.04615
0.0303	0.0303	0.02222
0.2265	0.2174	0.18356
0.0479	0.04443	0.02836
0.10345	0.08676	0.05263
0.0	0.0	0.0
0.08	0.05032	0.01843
0.02941	0.02941	0.02128
0.08824	0.08491	0.03774
0.05	0.07339	0.05769
0.0	0.0	0.0
0.2	0.2	0.1
0.0	0.0	0.0
0.04444	0.04444	0.03448
0.05882	0.04838	0.07477
0.0	0.0	0.0
0.11268	0.10949	0.08204
0.0	0.0	0.0
0.05263	0.05263	0.03529
0.1	0.09032	0.08116
0.125	0.125	0.08333
0.05263	0.07895	0.05263
0.0	0.0	0.0
0.02381	0.01651	0.00656
0.66667	0.66667	1.0
0.1	0.1	0.09524
0.17647	0.12524	0.09408
0.07692	0.07692	0.09677
0.03226	0.03226	0.0
0.0	0.0	0.0
0.0	0.0	0.0
