0.2	0.14475	0.13585
0.11475	0.09466	0.07692
0.31579	0.20374	0.26729
0.12346	0.10911	0.08602
0.0	0.0	0.0
0.31579	0.19016	0.24657
0.25	0.22905	0.2
0.35714	0.41471	0.28114
0.15385	0.1675	0.17647
0.21739	0.17559	0.15939
0.22807	0.14091	0.09947
0.1	0.1	0.0
0.15385	0.11463	0.04762
0.17857	0.12845	0.0952
0.2037	0.16338	0.14112
0.09836	0.06293	0.03972
0.0625	0.0625	0.06452
0.17526	0.15031	0.10086
0.25	0.16844	0.12516
0.6875	0.51006	0.37536
0.71795	0.61456	0.59484
0.29193	0.27909	0.25284
0.27778	0.22044	0.14932
0.23684	0.24024	0.12531
0.41379	0.3971	0.3
0.22549	0.20888	0.18332
0.29	0.24098	0.17511
0.58974	0.48056	0.57936
0.30147	0.30123	0.24798
0.08	0.06064	0.03261
0.73333	0.73333	0.7
0.11594	0.09022	0.04628
0.2619	0.26036	0.12997
0.13208	0.12964	0.09767
0.25	0.24968	0.20763
0.31818	0.29545	0.24947
0.59259	0.68337	0.7
0.13376	0.0832	0.07695
1.0	0.758	0.7548
0.05882	0.05882	0.04545
0.39655	0.3604	0.35832
0.1875	0.15994	0.05483
0.025	0.03388	0.05646
0.70588	0.64894	0.63708
0.16667	0.13404	0.1129
0.16364	0.13489	0.16667
0.21053	0.18505	0.125
0.40278	0.35125	0.35693
0.10101	0.06484	0.04008
0.19048	0.19048	0.16667
0.0	0.0	0.0
0.58333	0.55752	0.50037
0.17647	0.08824	0.07392
0.18033	0.18456	0.12429
0.3	0.24623	0.149
0.54054	0.52746	0.48138
0.27778	0.17385	0.13074
0.25225	0.22348	0.18055
0.13115	0.0928	0.05465
0.0	0.0	0.0
1.0	1.0	1.0
0.18033	0.14438	0.13158
0.13208	0.14485	0.13564
0.54839	0.52861	0.51253
0.20325	0.17938	0.13877
0.07273	0.05924	0.02778
0.22973	0.21512	0.15465
0.16279	0.09828	0.04181
1.0	1.102	0.9224
0.2037	0.15711	0.10167
0.11207	0.099	0.08362
0.05	0.01775	0.00956
0.28205	0.24482	0.09677
0.14286	0.12749	0.09462
0.17582	0.16484	0.07562
0.15493	0.1522	0.07481
0.26087	0.17369	0.12574
0.76642	0.72426	0.72285
0.24138	0.22579	0.15805
0.27059	0.23833	0.18644
0.35985	0.28543	0.25901
0.28333	0.21613	0.24444
0.10577	0.08343	0.04791
0.44444	0.35122	0.043
0.10127	0.09677	0.06627
0.11321	0.10408	0.10526
0.58824	0.55597	0.46064
0.2093	0.15828	0.16431
0.13043	0.07854	0.06555
0.42857	0.35714	0.1258
0.425	0.425	0.41379
0.22892	0.21142	0.16656
0.42857	0.42857	0.33333
0.2963	0.25807	0.28571
0.1	0.15	0.125
0.33333	0.23833	0.08209
0.125	0.14112	0.14286
0.33333	0.32258	0.20276
0.10526	0.07979	0.07692
0.28571	0.28571	0.25
0.24528	0.23796	0.21994
0.25	0.23034	0.2107
0.34921	0.2427	0.2304
0.21739	0.21739	0.125
0.15686	0.11955	0.04134
0.17544	0.1794	0.17624
0.20833	0.17728	0.12236
0.45161	0.45161	0.5
0.46341	0.38237	0.30646
0.17361	0.15165	0.13354
0.21053	0.146	0.21338
0.09091	0.09091	0.05556
0.22222	0.17791	0.14591
0.16993	0.1596	0.11632
0.0	0.0	0.0
0.26316	0.23768	0.27046
0.1087	0.0831	0.02274
0.02679	0.01814	0.0125
0.10606	0.08944	0.05777
0.41538	0.32902	0.29031
0.32353	0.26185	0.209
0.44444	0.38711	0.301
0.2963	0.2963	0.30303
0.13821	0.10595	0.07666
0.43478	0.39409	0.305
0.0	0.0	0.0
0.33333	0.22441	0.14094
0.26316	0.23768	0.23077
0.25424	0.15034	0.14855
0.41611	0.3347	0.30451
0.16949	0.14325	0.11779
0.21429	0.15436	0.129
0.37931	0.307	0.23757
0.59259	0.59856	0.5791
0.5	0.45275	0.38518
0.42857	0.42481	0.38298
0.19231	0.19231	0.23529
0.0	0.0	0.0
0.175	0.13548	0.1
0.29474	0.26214	0.2258
0.49505	0.48834	0.45902
0.33981	0.32321	0.27709
0.28718	0.23555	0.17915
0.85714	0.39629	0.34675
0.0303	0.0303	0.02174
0.45455	0.36945	0.30414
0.21053	0.146	0.23271
0.07843	0.04047	0.0
0.53846	0.50123	0.44362
0.38462	0.37882	0.28303
1.0	1.0	1.0
0.54348	0.38289	0.26197
0.03571	0.01382	0.01843
0.18692	0.14921	0.09966
0.38182	0.30324	0.33089
0.29323	0.25345	0.14069
0.46667	0.31613	0.4097
0.58696	0.47548	0.42938
0.21552	0.21051	0.14341
0.125	0.10311	0.05806
0.22222	0.21936	0.16129
0.15152	0.16187	0.14516
0.33333	0.3167	0.23511
0.11628	0.06827	0.03961
0.2381	0.2381	0.26667
0.16279	0.11702	0.10988
0.52778	0.55556	0.52071
0.13889	0.12186	0.125
0.26389	0.24103	0.19684
0.1828	0.11654	0.08176
0.14754	0.13061	0.10465
0.5	0.5	0.4
0.33898	0.28047	0.25652
0.05263	0.05263	0.07692
0.0	0.0	0.0
0.27273	0.27062	0.21849
0.31169	0.30623	0.24434
0.28205	0.18859	0.19125
0.21053	0.16807	0.12195
0.02381	0.02381	0.0
0.0	0.0	0.0
0.3	0.25482	0.2081
0.31111	0.27382	0.13839
0.15517	0.13041	0.1129
0.03846	0.03846	0.0
0.2	0.2	0.21429
0.24561	0.16637	0.12824
0.29213	0.19935	0.17058
0.26623	0.14642	0.11838
0.21605	0.19912	0.14386
0.15068	0.15068	0.08511
0.58824	0.49529	0.4259
0.0	0.0	0.0
0.27586	0.17629	0.17147
0.22378	0.17572	0.15276
0.69231	0.69231	0.77778
0.22222	0.32256	0.27186
0.17391	0.15987	0.13506
0.48276	0.40266	0.31377
0.32593	0.2755	0.22335
0.0	0.0	0.0
0.30769	0.30769	0.25
0.12766	0.09677	0.04193
0.14286	0.11981	0.07143
0.40741	0.29867	0.20362
0.26901	0.22807	0.19112
0.20588	0.12459	0.09548
0.30645	0.25129	0.20882
0.29762	0.27957	0.17563
0.28261	0.18863	0.14076
0.1659	0.15697	0.08209
0.2	0.2	0.2
0.16154	0.16029	0.10989
0.23913	0.25596	0.14919
0.11905	0.10752	0.06667
0.07071	0.06582	0.04545
0.24	0.18192	0.15207
0.0	0.0	0.0
0.45455	0.37245	0.10143
0.18966	0.17686	0.13837
0.25926	0.25926	0.27778
0.27273	0.27273	0.23333
0.5	0.50586	0.30106
0.2381	0.24014	0.19616
0.16667	0.16667	0.0
0.13636	0.13636	0.09091
0.2236	0.21418	0.19509
0.104	0.10013	0.05814
0.37931	0.33038	0.3
0.02941	0.02941	0.03704
0.32394	0.32803	0.22778
0.04167	0.0215	0.0
0.0	0.0	0.0
0.03448	0.03114	0.0
0.15842	0.14117	0.12676
0.13889	0.1362	0.12278
0.17647	0.12101	0.09907
0.07042	0.07769	0.04
0.05263	0.05263	0.09091
0.12903	0.11135	0.1
0.29139	0.2478	0.19992
0.33654	0.30707	0.2249
0.33333	0.27446	0.22341
0.32143	0.32143	0.22222
0.16456	0.13923	0.08231
0.21429	0.24136	0.28947
0.07317	0.04012	0.04167
0.05455	0.0346	0.0
0.0	0.0	0.0
0.5	0.46975	0.47771
0.26829	0.24115	0.15146
0.38596	0.3073	0.22211
0.26316	0.18337	0.17514
0.0	0.0	0.0
0.35417	0.23725	0.16648
0.15789	0.15144	0.12744
0.18182	0.14467	0.10378
0.28333	0.2258	0.15024
0.25974	0.24717	0.20247
0.21569	0.19292	0.18785
0.05357	0.02707	0.02688
0.26087	0.30296	0.32662
0.33333	0.2602	0.15395
0.29697	0.28172	0.25388
0.10588	0.10019	0.03994
0.16883	0.14871	0.08131
0.44444	0.44681	0.46154
0.13978	0.11897	0.07429
0.19767	0.1943	0.1285
0.5	0.38479	0.2871
0.16352	0.16514	0.12769
0.0	0.0	0.0
0.10526	0.05432	0.0
0.14894	0.12972	0.14664
0.24	0.17676	0.11953
0.52	0.54968	0.5
0.3	0.29435	0.30822
0.125	0.123	0.08067
0.13861	0.14628	0.11423
0.0	0.0	0.0
0.33333	0.31006	0.15885
1.0	0.71322	0.6935
0.34211	0.26061	0.22222
0.32558	0.30833	0.28288
0.14943	0.15499	0.15807
0.21569	0.20304	0.22288
0.21154	0.13213	0.08913
0.0	0.0	0.0
0.13333	0.1405	0.10215
0.06452	0.0489	0.04348
0.16667	0.14421	0.10709
0.22727	0.19941	0.07706
0.44444	0.39221	0.31276
0.25	0.15725	0.20967
0.6875	0.5605	0.53625
0.96552	0.93993	0.95455
0.21875	0.20614	0.18768
0.5	0.5	1.0
0.38095	0.34867	0.24315
0.12121	0.05767	0.05718
1.0	0.8871	0.56686
0.23	0.18322	0.13745
0.10345	0.08676	0.0
0.33333	0.32588	0.21506
0.18182	0.17082	0.0795
0.03704	0.03704	0.0
0.0	0.0	0.0
0.04167	0.01612	0.00759
0.47826	0.38013	0.3226
1.0	1.0	1.0
0.24561	0.19637	0.10214
1.0	1.0	1.0
0.17213	0.1634	0.12791
0.16822	0.17878	0.16129
0.10465	0.09696	0.07625
0.22024	0.14842	0.11484
0.0	0.0	0.0
0.43902	0.40678	0.23138
0.39394	0.261	0.13921
0.54167	0.38167	0.18817
0.83333	0.83333	1.0
0.0	0.0	0.0
0.15894	0.15274	0.10237
0.07534	0.06871	0.0426
0.0	0.0	0.0
0.15625	0.11542	0.11187
0.21469	0.18534	0.15924
0.05556	0.05556	0.02778
0.36364	0.349	0.22988
0.25	0.18011	0.16993
0.14286	0.08757	0.06284
0.2	0.20323	0.17267
0.18519	0.18878	0.23261
0.46667	0.47527	0.21409
0.20833	0.15994	0.11505
0.19697	0.1163	0.0887
0.0	0.0	0.0
0.54412	0.52988	0.51849
0.2	0.16419	0.11594
0.3375	0.35161	0.30739
0.0916	0.07485	0.02652
0.35	0.3258	0.25114
2.5	2.0645	4.0
0.55172	0.45048	0.41039
0.25714	0.23409	0.17445
0.13793	0.08786	0.03226
0.33333	0.23973	0.22894
0.31429	0.24054	0.19612
0.33333	0.41667	0.48276
0.3913	0.36184	0.27352
0.19697	0.17839	0.10609
0.47619	0.32871	0.34207
0.10959	0.10296	0.08977
0.62162	0.55012	0.50119
0.10753	0.1103	0.07987
0.52381	0.49386	0.45038
0.30769	0.27419	0.16468
0.08696	0.1627	0.09675
0.10204	0.07965	0.05306
0.18182	0.14369	0.08063
0.35714	0.24078	0.20878
0.2043	0.19424	0.16625
0.05556	0.02867	0.03686
0.16071	0.13018	0.07317
0.45455	0.44573	0.33333
0.20588	0.10104	0.05949
0.26923	0.22085	0.24958
0.05128	0.01985	0.00921
0.22472	0.17722	0.13602
0.22619	0.20507	0.12665
0.22059	0.19189	0.14013
0.28723	0.19286	0.16986
0.84615	0.84615	0.88235
0.09375	0.07862	0.07219
0.4	0.35524	0.32866
0.13386	0.10464	0.06732
0.21053	0.20033	0.11405
0.85714	0.70043	0.508
0.27273	0.195	0.08986
0.11111	0.10217	0.10712
0.04878	0.07317	0.0303
0.24	0.25548	0.1855
0.18182	0.19061	0.12121
0.07407	0.07407	0.0
0.13043	0.10026	0.06939
0.26316	0.22239	0.16396
0.26667	0.16773	0.13782
0.16667	0.14315	0.11183
0.22222	0.22939	0.08986
0.25	0.1781	0.12394
0.125	0.10483	0.05882
0.2	0.2	0.0
0.28571	0.22464	0.04553
0.26147	0.22935	0.19397
0.42857	0.39129	0.33355
0.14173	0.10032	0.0723
0.0625	0.0625	0.09091
0.5	0.44267	0.29308
0.05714	0.06083	0.0547
0.21591	0.20308	0.15964
0.25806	0.21019	0.17147
0.14545	0.14925	0.11828
0.0	0.0	0.0
0.29268	0.25885	0.22276
0.14423	0.10359	0.07203
0.2069	0.15462	0.18281
0.26027	0.21829	0.17204
0.21429	0.17204	0.1368
0.12931	0.11874	0.08745
0.17544	0.16751	0.09091
0.2619	0.19049	0.11427
0.07692	0.08685	0.074
0.16327	0.2008	0.15152
0.0	0.0	0.0
0.0	0.0	0.0
0.51724	0.37597	0.28065
0.01408	0.01408	0.0
0.07895	0.07258	0.04082
0.27907	0.21079	0.12067
1.33333	1.13976	1.05057
0.32609	0.277	0.26111
0.18868	0.1254	0.08849
0.18182	0.15395	0.08064
0.11628	0.10802	0.05376
0.14286	0.15052	0.15436
0.13534	0.11666	0.1251
0.20833	0.21438	0.17188
0.625	0.47175	0.18817
0.07895	0.06939	0.02857
0.33333	0.32064	0.2772
0.25	0.26612	0.2
0.29091	0.28211	0.26667
0.26316	0.23937	0.1
0.13158	0.11671	0.11032
0.19355	0.19146	0.10918
0.25225	0.19733	0.14443
0.22378	0.18385	0.15795
0.1746	0.16692	0.13333
0.37931	0.41934	0.26522
0.2	0.2	0.28571
0.31061	0.26392	0.25045
0.04286	0.04839	0.01887
0.33333	0.30896	0.26343
0.5	0.5	0.5
0.22727	0.19941	0.125
0.41667	0.43008	0.2161
0.1129	0.0614	0.03977
0.18182	0.15982	0.06667
0.15385	0.14474	0.16873
0.13453	0.10849	0.06985
0.15909	0.13685	0.09583
0.5	0.516	1.032
0.0	0.0	0.0
0.24648	0.23239	0.18122
0.14286	0.08663	0.0
0.5	0.3161	0.46233
0.25556	0.24623	0.16452
0.30769	0.20346	0.0645
0.31579	0.31747	0.20213
0.36792	0.38223	0.3755
0.07407	0.03765	0.0
0.04348	0.02243	0.03035
0.3617	0.31261	0.20362
0.12121	0.11876	0.04071
0.19259	0.15818	0.0631
0.27586	0.27586	0.19048
0.14286	0.14286	0.14035
0.13333	0.08843	0.09103
0.62121	0.53029	0.42846
0.18033	0.15388	0.11331
0.25926	0.21144	0.19967
0.1768	0.16182	0.15117
0.24	0.19548	0.13282
0.27778	0.16758	0.17337
0.57143	0.52071	0.329
0.47368	0.48216	0.43008
0.2	0.18225	0.07872
0.43243	0.31211	0.33282
0.0566	0.0426	0.02857
0.07143	0.07143	0.04762
0.2439	0.21873	0.09181
0.15476	0.13402	0.10753
0.17391	0.12622	0.14919
0.09375	0.07862	0.02345
0.20588	0.20588	0.15789
0.53333	0.4366	0.32264
0.18947	0.21799	0.21666
0.2	0.15851	0.05
0.25	0.18144	0.14467
0.10909	0.09149	0.05
0.06806	0.06097	0.07303
0.13043	0.09746	0.04985
0.17045	0.16055	0.12406
0.10294	0.08634	0.05822
0.15865	0.14112	0.10781
0.06504	0.06111	0.05208
0.22222	0.17322	0.11827
0.23529	0.2122	0.11243
0.36508	0.28162	0.25412
0.35514	0.32288	0.22051
0.17822	0.10475	0.07557
0.13095	0.11482	0.07257
0.2517	0.24269	0.18432
0.14019	0.11275	0.06913
0.11111	0.11111	0.0
0.14729	0.11828	0.10573
0.22222	0.22222	0.14286
0.18605	0.1988	0.14635
0.12121	0.10594	0.06678
0.17241	0.12569	0.06272
0.13684	0.12394	0.12744
0.21429	0.149	0.08116
0.11321	0.09008	0.10483
0.33333	0.29084	0.19354
0.12245	0.09612	0.09375
0.75	0.61825	0.3
0.25455	0.27273	0.20161
0.44681	0.42277	0.38493
0.27778	0.27778	0.27821
0.07353	0.07353	0.05851
0.15909	0.14297	0.11919
0.22148	0.18791	0.13399
0.0	0.0	0.0
0.22917	0.19758	0.12903
0.07143	0.04378	0.03589
0.23684	0.20458	0.24069
0.31915	0.28826	0.21019
0.77778	0.69889	0.8
0.33333	0.3081	0.22146
0.51852	0.59259	0.6
0.11111	0.08422	0.0
0.42857	0.38943	0.3
0.08571	0.11429	0.08333
0.27143	0.19953	0.15931
0.28125	0.21908	0.1774
0.75	0.75	0.5
0.56436	0.53816	0.46062
0.4	0.4	0.33333
0.17857	0.17028	0.12457
0.14286	0.13029	0.10069
0.36842	0.24789	0.2086
0.125	0.10988	0.04545
0.18072	0.14263	0.13694
0.275	0.25362	0.14516
0.09756	0.10385	0.06452
0.48387	0.31839	0.35329
0.25641	0.21423	0.15012
0.34507	0.28827	0.21774
0.15306	0.16096	0.11041
0.33333	0.33333	0.0
0.44737	0.44397	0.45285
0.22581	0.14671	0.16743
0.03846	0.03846	0.05263
0.25263	0.22954	0.17821
0.06742	0.06742	0.05
0.15789	0.13242	0.0625
0.22785	0.14537	0.14242
0.21818	0.20293	0.10645
0.21739	0.1893	0.19354
0.14286	0.12633	0.06796
0.0	0.0	0.0
0.1871	0.15878	0.10985
0.22449	0.16852	0.14251
0.19355	0.19355	0.2
0.37209	0.21756	0.13022
0.24138	0.24583	0.17466
0.36585	0.34302	0.34446
0.33333	0.34838	0.25917
0.82353	0.82353	0.78261
0.14286	0.11367	0.09907
0.21818	0.20585	0.14165
0.22222	0.18278	0.1075
0.09091	0.0997	0.06891
0.81481	0.6547	0.60081
0.18487	0.15993	0.14176
0.48	0.46064	0.4265
0.12941	0.08273	0.07397
0.25962	0.20532	0.15244
0.33929	0.33929	0.31429
0.43182	0.3365	0.25913
0.27545	0.23894	0.20229
0.22222	0.17849	0.10655
0.17188	0.16381	0.14517
0.01923	0.03846	0.02857
1.6	1.3656	1.73435
0.34507	0.32804	0.25502
0.14286	0.08639	0.02331
0.41975	0.38988	0.34109
0.13235	0.1091	0.10445
0.42105	0.34293	0.24977
0.22727	0.23605	0.13842
0.10309	0.0971	0.03077
0.16327	0.11849	0.06703
0.18072	0.15157	0.15094
0.0	0.0	0.0
1.0	0.7484	0.90333
0.15789	0.15789	0.125
0.41667	0.28233	0.26625
0.25	0.25	0.25
0.12069	0.1179	0.10811
0.71429	0.46543	0.75
0.2381	0.23195	0.15385
0.0	0.0	0.0
0.10345	0.10957	0.08889
0.18824	0.16546	0.11973
0.20652	0.17355	0.17939
0.31915	0.32646	0.19458
0.0	0.0	0.0
0.29412	0.30929	0.13593
0.17557	0.17212	0.13868
0.11111	0.09062	0.09902
0.52	0.49288	0.31107
0.17886	0.1542	0.14155
0.21978	0.21765	0.16393
0.08333	0.11692	0.14286
0.47826	0.36887	0.25806
0.50909	0.36245	0.31003
0.15385	0.13151	0.12144
0.31034	0.28476	0.2973
0.19298	0.09337	0.08457
0.46667	0.44947	0.39428
0.19048	0.06605	0.07056
0.3	0.25483	0.17357
0.275	0.24031	0.20632
0.23223	0.22595	0.15091
0.27273	0.22287	0.16438
0.18605	0.09153	0.09378
2.38462	2.39208	2.242
0.17593	0.14874	0.10796
0.33333	0.30643	0.27332
0.42308	0.34492	0.32258
0.33333	0.35489	0.342
0.13889	0.10244	0.06365
0.9	0.6613	0.6505
0.35	0.2457	0.19268
0.2549	0.17714	0.11686
0.26667	0.2086	0.149
1.0	0.853	0.7795
0.27273	0.3343	0.28707
0.56897	0.55117	0.45358
0.21951	0.1731	0.15174
0.21053	0.2026	0.15322
0.16327	0.13594	0.07056
0.13514	0.10114	0.04058
0.32877	0.29562	0.21975
0.11111	0.11111	0.0
0.2451	0.2141	0.14796
0.02564	0.02564	0.0
0.20408	0.1738	0.11436
0.21875	0.17892	0.16398
0.15385	0.15385	0.0
0.28986	0.28425	0.27584
0.06667	0.06052	0.053
0.36842	0.36163	0.15592
0.23913	0.19671	0.13012
0.45455	0.42875	0.40476
0.375	0.33295	0.25382
0.75	0.54031	0.478
0.15385	0.15385	0.14286
0.13208	0.09921	0.08663
0.77778	0.63978	0.56891
0.28814	0.27283	0.21092
0.35	0.3516	0.29721
0.5	0.4785	0.629
0.0	0.0	0.0
0.28571	0.26267	0.14286
0.52	0.50064	0.5
0.12037	0.08183	0.07406
0.57143	0.4355	0.1
0.37681	0.34103	0.26985
0.30579	0.27272	0.20552
0.41667	0.242	0.2985
0.2	0.14377	0.1
0.1958	0.12383	0.11274
0.27778	0.23656	0.2715
0.09524	0.07833	0.06327
0.18627	0.12365	0.09942
0.78378	0.74454	0.77978
0.376	0.37135	0.36047
0.26471	0.27038	0.27674
0.27586	0.26362	0.13636
0.33333	0.16942	0.0
0.06711	0.05737	0.03846
0.125	0.0879	0.02419
0.19876	0.17792	0.1502
0.20968	0.19406	0.15385
0.27273	0.20918	0.19355
0.21053	0.236	0.0625
0.6	0.6	0.83333
0.38983	0.31163	0.29711
0.20714	0.15367	0.09507
0.14085	0.14085	0.09804
0.10345	0.08676	0.0758
0.1	0.0516	0.0
0.09677	0.05931	0.03518
0.18919	0.13688	0.09307
0.06897	0.05645	0.0241
0.14634	0.15815	0.10345
0.225	0.2004	0.0879
0.33333	0.27343	0.21305
0.21875	0.17992	0.19746
0.08197	0.05764	0.03698
0.125	0.11341	0.09176
0.325	0.30885	0.20196
0.18182	0.12609	0.11827
0.01923	0.03846	0.02857
0.67347	0.65635	0.61594
0.22	0.24968	0.30197
0.1131	0.08698	0.07086
0.25564	0.22168	0.18549
1.0	0.6838	0.828
0.17647	0.12206	0.08781
0.8125	0.58063	0.56891
0.24138	0.19131	0.181
0.09302	0.07651	0.08669
0.31373	0.26312	0.18824
0.26708	0.25926	0.16779
0.20513	0.20513	0.20833
0.76923	0.41931	0.3742
0.24852	0.18495	0.12845
0.15894	0.14313	0.13166
0.07937	0.05427	0.04444
0.4375	0.41531	0.26881
0.12598	0.11989	0.1054
0.08696	0.09535	0.074
0.0	0.0	0.0
0.3913	0.30435	0.248
0.21212	0.0997	0.03225
0.25	0.22275	0.2123
0.66667	0.54833	0.3225
0.13333	0.13333	0.0
0.09375	0.10988	0.07713
0.13889	0.13978	0.05556
0.14286	0.1705	0.09091
0.29167	0.26344	0.13319
0.13333	0.12129	0.09557
0.16058	0.14928	0.10315
0.14286	0.07371	0.0516
0.23077	0.19788	0.21505
0.23077	0.201	0.28225
0.2	0.2	0.16667
0.0625	0.0625	0.0
0.15385	0.15385	0.1
0.31579	0.31579	0.30769
0.40816	0.37524	0.35181
0.0974	0.09531	0.06076
0.0	0.0	0.0
0.15385	0.15426	0.07843
0.09804	0.07906	0.06452
0.14286	0.07371	0.0
0.0	0.0	0.0
0.23188	0.22346	0.25604
0.0625	0.0625	0.0
0.2125	0.17553	0.10107
0.0	0.0	0.0
0.31944	0.26074	0.27057
0.30415	0.28957	0.19354
0.07692	0.03969	0.0
0.09091	0.10675	0.05556
0.21429	0.21429	0.11111
0.46154	0.41685	0.3968
0.26471	0.17268	0.06454
0.16	0.13855	0.1049
0.20183	0.15625	0.08945
0.41935	0.26952	0.2758
0.21875	0.10684	0.10417
0.25	0.23917	0.18548
0.28571	0.2811	0.15858
0.25862	0.25862	0.19512
0.12069	0.12459	0.07868
0.11712	0.11421	0.08926
0.11818	0.11173	0.08674
0.09434	0.08521	0.09091
0.14286	0.14562	0.08172
0.37143	0.35899	0.33564
0.14286	0.14286	0.0
0.29412	0.27135	0.08986
0.31293	0.31401	0.1897
0.26829	0.26829	0.21429
0.07317	0.05193	0.08333
0.21019	0.20834	0.17608
0.44828	0.41769	0.40068
0.29412	0.29412	0.16667
0.14286	0.14286	0.0
0.25806	0.21019	0.17965
0.42105	0.43803	0.40909
0.36842	0.31411	0.207
0.18	0.14064	0.10815
0.13372	0.1069	0.07349
0.0	0.0	0.0
0.16788	0.12903	0.11024
0.5	0.5	0.2
0.13793	0.09788	0.03226
1.0	1.05638	0.6452
0.48193	0.47065	0.43548
0.10738	0.0762	0.05676
0.22642	0.14789	0.08023
0.1	0.07905	0.0284
0.06	0.02516	0.00445
0.09091	0.1173	0.04762
0.24038	0.1861	0.16909
0.22	0.1729	0.11679
0.19277	0.13369	0.09795
0.09434	0.11321	0.07895
0.18421	0.13499	0.06904
0.0	0.0	0.0
0.21698	0.17498	0.10075
0.21505	0.17273	0.16072
0.07643	0.07335	0.05505
0.28723	0.27763	0.26764
0.2	0.23484	0.25
0.25843	0.19679	0.17742
0.03125	0.03125	0.04762
0.07692	0.10423	0.11111
0.25	0.17961	0.154
0.28	0.16644	0.1175
0.33898	0.26353	0.2596
0.08333	0.11962	0.05882
0.30233	0.29407	0.25207
0.29412	0.29218	0.26682
0.32432	0.33565	0.27169
0.15625	0.1875	0.1887
0.0625	0.03225	0.0
0.10606	0.08503	0.06953
0.13333	0.2	0.08333
0.26316	0.20826	0.153
0.69565	0.51196	0.315
0.43902	0.27537	0.19628
0.41228	0.33048	0.30783
0.11364	0.11364	0.08824
0.32468	0.23669	0.21642
0.14634	0.13376	0.09615
0.28571	0.31336	0.2
0.09434	0.06087	0.04459
0.2381	0.23554	0.19039
1.04762	0.90471	0.79943
0.21429	0.21429	0.19048
0.0	0.0	0.0
0.11364	0.0777	0.06667
0.16162	0.09579	0.0953
0.14151	0.09768	0.057
0.23333	0.18493	0.12732
0.09091	0.08406	0.02381
0.31579	0.27332	0.18782
0.5	0.45158	0.39067
0.22642	0.15702	0.07026
0.01786	0.00921	0.0
0.72414	0.77641	0.83577
0.08955	0.08618	0.04348
0.04545	0.02345	0.03969
0.26471	0.20446	0.16266
0.13158	0.13158	0.10204
0.07273	0.06393	0.02778
0.15556	0.119	0.11091
0.27778	0.19714	0.13032
0.33476	0.31676	0.29171
0.31148	0.30354	0.25038
0.01852	0.01852	0.02778
0.16667	0.16667	0.25
0.20455	0.20234	0.13459
0.46667	0.32473	0.30791
0.77372	0.72592	0.72494
0.09424	0.08225	0.08749
0.15029	0.13574	0.11613
0.64286	0.53914	0.69586
0.46667	0.4613	0.44723
0.16981	0.17589	0.12809
0.1087	0.04417	0.05483
0.08333	0.07136	0.06416
0.30435	0.24265	0.17647
0.20833	0.23787	0.17338
0.1	0.06866	0.04348
0.4186	0.33909	0.28288
0.27586	0.2069	0.1387
0.13924	0.10562	0.09615
0.25926	0.21282	0.17008
0.58333	0.41938	0.32447
0.45455	0.45455	0.5
0.18182	0.10995	0.06667
0.26316	0.22242	0.06454
0.11881	0.08528	0.08308
0.17751	0.13284	0.12161
0.2807	0.2326	0.11739
0.05263	0.05263	0.06667
0.18966	0.18131	0.15893
0.0625	0.05746	0.04193
0.43478	0.43478	0.5
0.07407	0.05137	0.0303
0.56522	0.5042	0.513
0.08571	0.05069	0.01032
0.0	0.0	0.0
0.0	0.0	0.0
0.38889	0.32439	0.33333
0.21053	0.19111	0.13452
0.875	0.59675	0.3225
0.24138	0.23693	0.10264
0.83942	0.81045	0.79084
0.21212	0.12609	0.0129
0.04	0.04	0.05882
0.2	0.18817	0.18182
0.4	0.34515	0.25114
0.10132	0.08768	0.07562
0.225	0.1371	0.09319
0.40909	0.33577	0.28025
0.41935	0.29239	0.18513
0.0	0.0	0.0
0.3	0.1581	0.0
0.09677	0.06868	0.05132
0.09677	0.08116	0.0
0.07143	0.07143	0.0
0.4	0.4128	0.172
0.2973	0.24281	0.20304
0.05479	0.04816	0.01754
0.24242	0.18085	0.073
0.14085	0.1238	0.08
0.42105	0.42953	0.34675
0.41935	0.34026	0.35176
0.16071	0.10655	0.02778
0.08219	0.03756	0.02016
0.22222	0.12544	0.09168
0.93939	0.93939	0.95
0.33333	0.31017	0.22177
0.19231	0.19231	0.26316
0.09091	0.04691	0.0
0.52174	0.34083	0.30643
0.51786	0.44355	0.35061
0.21667	0.19138	0.14553
0.12632	0.11681	0.09307
0.65517	0.59397	0.51789
0.35714	0.2978	0.26316
0.53125	0.49394	0.29952
0.15625	0.10384	0.07041
0.23077	0.15385	0.16667
0.35714	0.32166	0.31798
0.08929	0.08237	0.07577
1.0	0.90815	0.48925
0.275	0.24031	0.22092
0.125	0.03225	0.043
0.28972	0.19747	0.17284
0.5	0.48973	0.49461
0.23529	0.15182	0.07692
0.4375	0.34373	0.35685
0.0137	0.00707	0.0
0.43333	0.38277	0.31747
0.33333	0.26571	0.21886
0.30244	0.24956	0.21816
0.13483	0.08626	0.07903
0.375	0.30915	0.21332
0.21739	0.1227	0.03704
0.8	0.4838	0.66667
0.25	0.24192	0.4
0.31395	0.27569	0.21495
0.52083	0.46504	0.41836
0.14789	0.14539	0.08734
0.11702	0.0875	0.04133
0.31579	0.28353	0.33333
0.10345	0.10345	0.1
0.13924	0.13924	0.08163
0.31579	0.20939	0.08658
0.22581	0.27574	0.1767
0.05714	0.05714	0.03774
0.23333	0.19945	0.15616
0.88889	0.87186	0.57692
0.16049	0.16089	0.08159
0.29577	0.27032	0.158
0.23558	0.21913	0.22238
0.30088	0.27576	0.2399
0.12195	0.10071	0.12512
0.90244	0.63566	0.42354
0.30435	0.24893	0.16531
0.4	0.2887	0.25373
0.16883	0.13803	0.10709
0.30769	0.30769	0.125
0.22449	0.1751	0.03846
0.0	0.0	0.0
0.4878	0.33122	0.31216
0.15385	0.15385	0.16667
0.0	0.0	0.0
0.07143	0.07143	0.07143
0.33962	0.2964	0.27239
0.83333	0.81717	0.4968
0.07143	0.07143	0.04878
0.19847	0.20635	0.1802
0.37931	0.32479	0.28445
0.06	0.06	0.03448
0.40625	0.31653	0.26509
0.15625	0.13533	0.12832
0.22951	0.19725	0.13979
0.13889	0.12544	0.07692
0.29358	0.18525	0.20296
0.27586	0.24071	0.19489
0.05556	0.05556	0.0
0.13793	0.15238	0.16281
0.31633	0.27945	0.17381
0.04545	0.04545	0.06667
0.375	0.33769	0.25032
0.0	0.0	0.0
0.08257	0.066	0.04245
0.28049	0.21439	0.16247
0.14394	0.14394	0.11254
0.2439	0.21951	0.14819
0.25532	0.1956	0.10988
0.09524	0.04044	0.00841
0.54348	0.52943	0.47941
0.07317	0.07317	0.0339
0.24444	0.21433	0.18387
0.28814	0.25514	0.21194
0.12707	0.10639	0.08201
0.13253	0.10299	0.08756
0.20988	0.16844	0.10495
0.28125	0.23288	0.19064
0.27419	0.21852	0.20318
0.09259	0.09259	0.02564
0.14286	0.12212	0.04342
0.2	0.16532	0.06948
0.5	0.4258	0.32257
0.13265	0.10302	0.05141
0.06818	0.05132	0.037
0.2028	0.18429	0.17204
0.0531	0.04282	0.02822
0.20833	0.15941	0.13081
0.36957	0.30224	0.31181
0.125	0.125	0.16667
0.13605	0.10818	0.07995
0.34848	0.30352	0.23738
0.33333	0.2774	0.27273
0.16393	0.12956	0.09062
0.44	0.4458	0.42105
0.02778	0.02778	0.0
0.37037	0.27122	0.18218
0.29167	0.3145	0.32635
0.0	0.0	0.0
0.14634	0.13021	0.10311
0.63636	0.62173	0.35488
0.21053	0.21053	0.11111
0.34783	0.37026	0.375
0.14583	0.1176	0.09203
0.13559	0.1088	0.07041
0.11628	0.1024	0.07271
0.11932	0.10264	0.09754
0.36585	0.33517	0.3159
0.1	0.1	0.0
0.13793	0.15907	0.09091
0.0	0.0	0.0
0.10656	0.06213	0.03985
0.18	0.18	0.11765
0.27941	0.21156	0.13978
0.26667	0.16153	0.14726
0.26271	0.24876	0.19784
0.03125	0.00806	0.01229
0.8	0.4838	0.66667
0.2931	0.27919	0.18845
0.32759	0.24972	0.24678
0.33333	0.2621	0.25347
0.11111	0.09767	0.09524
0.17391	0.15007	0.05947
0.12613	0.11857	0.08616
0.6	0.6	0.66667
0.20513	0.19603	0.17742
0.2	0.17903	0.15105
0.22727	0.27273	0.1875
0.07407	0.06511	0.06061
0.28302	0.24953	0.15081
0.0	0.0	0.0
0.41935	0.40168	0.33333
0.04444	0.04444	0.04
0.15686	0.1341	0.10721
0.2	0.2	0.15
0.29412	0.24288	0.10264
0.08333	0.05375	0.0645
0.14286	0.12926	0.07132
0.5	0.37903	0.30708
0.17143	0.16037	0.14826
0.17073	0.11959	0.10669
0.17391	0.15287	0.0
0.04348	0.08696	0.05263
0.16667	0.23925	0.1
0.125	0.07849	0.02212
0.26582	0.18456	0.14454
0.38636	0.35116	0.36694
0.32258	0.282	0.28863
0.0678	0.06234	0.07238
0.08333	0.06989	0.03333
0.15447	0.09598	0.07031
0.2069	0.1941	0.191
0.36	0.32516	0.2946
0.14	0.1058	0.074
0.10345	0.10345	0.11111
0.11111	0.11111	0.0
0.25	0.25	0.24
0.23529	0.23909	0.24
0.45714	0.45806	0.31422
0.13559	0.12083	0.07632
0.29885	0.24471	0.20807
0.28125	0.26612	0.2381
0.3128	0.28129	0.21926
0.0	0.0	0.0
0.88235	0.87659	0.76721
0.0	0.0	0.0
0.1875	0.1875	0.16667
0.14545	0.16129	0.1
0.35075	0.29996	0.2456
0.27778	0.24611	0.17932
0.34545	0.2868	0.23261
0.04938	0.03664	0.01887
0.0	0.0	0.0
0.19318	0.15652	0.13349
0.33333	0.33333	0.2
0.34524	0.28263	0.17223
0.09449	0.08839	0.07277
0.24324	0.23322	0.17204
0.21875	0.19959	0.11214
0.1	0.08387	0.0
0.0	0.0	0.0
0.76923	0.59554	0.595
0.18421	0.13454	0.10533
0.2	0.14475	0.13585
0.11475	0.09466	0.07692
0.31579	0.20374	0.26729
0.12346	0.10911	0.08602
0.0	0.0	0.0
0.31579	0.19016	0.24657
0.25	0.22905	0.2
0.35714	0.41471	0.28114
0.15385	0.1675	0.17647
0.21739	0.17559	0.15939
0.22807	0.14091	0.09947
0.1	0.1	0.0
0.15385	0.11463	0.04762
0.17857	0.12845	0.0952
0.2037	0.16338	0.14112
0.09836	0.06293	0.03972
0.0625	0.0625	0.06452
0.17526	0.15031	0.10086
0.25	0.16844	0.12516
0.6875	0.51006	0.37536
0.71795	0.61456	0.59484
0.29193	0.27909	0.25284
0.27778	0.22044	0.14932
0.23684	0.24024	0.12531
0.41379	0.3971	0.3
0.22549	0.20888	0.18332
0.29	0.24098	0.17511
0.58974	0.48056	0.57936
0.30147	0.30123	0.24798
0.08	0.06064	0.03261
0.73333	0.73333	0.7
0.11594	0.09022	0.04628
0.2619	0.26036	0.12997
0.13208	0.12964	0.09767
0.25	0.24968	0.20763
0.31818	0.29545	0.24947
0.59259	0.68337	0.7
0.13376	0.0832	0.07695
1.0	0.758	0.7548
0.05882	0.05882	0.04545
0.39655	0.3604	0.35832
0.1875	0.15994	0.05483
0.025	0.03388	0.05646
0.70588	0.64894	0.63708
0.16667	0.13404	0.1129
0.16364	0.13489	0.16667
0.21053	0.18505	0.125
0.40278	0.35125	0.35693
0.10101	0.06484	0.04008
0.19048	0.19048	0.16667
0.0	0.0	0.0
0.58333	0.55752	0.50037
0.17647	0.08824	0.07392
0.18033	0.18456	0.12429
0.3	0.24623	0.149
0.54054	0.52746	0.48138
0.27778	0.17385	0.13074
0.25225	0.22348	0.18055
0.13115	0.0928	0.05465
0.0	0.0	0.0
1.0	1.0	1.0
0.18033	0.14438	0.13158
0.13208	0.14485	0.13564
0.54839	0.52861	0.51253
0.20325	0.17938	0.13877
0.07273	0.05924	0.02778
0.22973	0.21512	0.15465
0.16279	0.09828	0.04181
1.0	1.102	0.9224
0.2037	0.15711	0.10167
0.11207	0.099	0.08362
0.05	0.01775	0.00956
0.28205	0.24482	0.09677
0.14286	0.12749	0.09462
0.17582	0.16484	0.07562
0.15493	0.1522	0.07481
0.26087	0.17369	0.12574
0.76642	0.72426	0.72285
0.24138	0.22579	0.15805
0.27059	0.23833	0.18644
0.35985	0.28543	0.25901
0.28333	0.21613	0.24444
0.10577	0.08343	0.04791
0.44444	0.35122	0.043
0.10127	0.09677	0.06627
0.11321	0.10408	0.10526
0.58824	0.55597	0.46064
0.2093	0.15828	0.16431
0.13043	0.07854	0.06555
0.42857	0.35714	0.1258
0.425	0.425	0.41379
0.22892	0.21142	0.16656
0.42857	0.42857	0.33333
0.2963	0.25807	0.28571
0.1	0.15	0.125
0.33333	0.23833	0.08209
0.125	0.14112	0.14286
0.33333	0.32258	0.20276
0.10526	0.07979	0.07692
0.28571	0.28571	0.25
0.24528	0.23796	0.21994
0.25	0.23034	0.2107
0.34921	0.2427	0.2304
0.21739	0.21739	0.125
0.15686	0.11955	0.04134
0.17544	0.1794	0.17624
0.20833	0.17728	0.12236
0.45161	0.45161	0.5
0.46341	0.38237	0.30646
0.17361	0.15165	0.13354
0.21053	0.146	0.21338
0.09091	0.09091	0.05556
0.22222	0.17791	0.14591
0.16993	0.1596	0.11632
0.0	0.0	0.0
0.26316	0.23768	0.27046
0.1087	0.0831	0.02274
0.02679	0.01814	0.0125
0.10606	0.08944	0.05777
0.41538	0.32902	0.29031
0.32353	0.26185	0.209
0.44444	0.38711	0.301
0.2963	0.2963	0.30303
0.13821	0.10595	0.07666
0.43478	0.39409	0.305
0.0	0.0	0.0
0.33333	0.22441	0.14094
0.26316	0.23768	0.23077
0.25424	0.15034	0.14855
0.41611	0.3347	0.30451
0.16949	0.14325	0.11779
0.21429	0.15436	0.129
0.37931	0.307	0.23757
0.59259	0.59856	0.5791
0.5	0.45275	0.38518
0.42857	0.42481	0.38298
0.19231	0.19231	0.23529
0.0	0.0	0.0
0.175	0.13548	0.1
0.29474	0.26214	0.2258
0.49505	0.48834	0.45902
0.33981	0.32321	0.27709
0.28718	0.23555	0.17915
0.85714	0.39629	0.34675
0.0303	0.0303	0.02174
0.45455	0.36945	0.30414
0.21053	0.146	0.23271
0.07843	0.04047	0.0
0.53846	0.50123	0.44362
0.38462	0.37882	0.28303
1.0	1.0	1.0
0.54348	0.38289	0.26197
0.03571	0.01382	0.01843
0.18692	0.14921	0.09966
0.38182	0.30324	0.33089
0.29323	0.25345	0.14069
0.46667	0.31613	0.4097
0.58696	0.47548	0.42938
0.21552	0.21051	0.14341
0.125	0.10311	0.05806
0.22222	0.21936	0.16129
0.15152	0.16187	0.14516
0.33333	0.3167	0.23511
0.11628	0.06827	0.03961
0.2381	0.2381	0.26667
0.16279	0.11702	0.10988
0.52778	0.55556	0.52071
0.13889	0.12186	0.125
0.26389	0.24103	0.19684
0.1828	0.11654	0.08176
0.14754	0.13061	0.10465
0.5	0.5	0.4
0.33898	0.28047	0.25652
0.05263	0.05263	0.07692
0.0	0.0	0.0
0.27273	0.27062	0.21849
0.31169	0.30623	0.24434
0.28205	0.18859	0.19125
0.21053	0.16807	0.12195
0.02381	0.02381	0.0
0.0	0.0	0.0
0.3	0.25482	0.2081
0.31111	0.27382	0.13839
0.15517	0.13041	0.1129
0.03846	0.03846	0.0
0.2	0.2	0.21429
0.24561	0.16637	0.12824
0.29213	0.19935	0.17058
0.26623	0.14642	0.11838
0.21605	0.19912	0.14386
0.15068	0.15068	0.08511
0.58824	0.49529	0.4259
0.0	0.0	0.0
0.27586	0.17629	0.17147
0.22378	0.17572	0.15276
0.69231	0.69231	0.77778
0.22222	0.32256	0.27186
0.17391	0.15987	0.13506
0.48276	0.40266	0.31377
0.21739	0.1893	0.19354
0.16981	0.16798	0.07692
0.28205	0.28123	0.21775
0.26316	0.27886	0.31354
0.29032	0.22371	0.18182
0.22018	0.19887	0.191
0.4898	0.4898	0.5
0.0	0.0	0.0
0.36364	0.35602	0.30137
0.55556	0.56622	0.52683
0.05	0.05	0.03571
0.27907	0.24453	0.20666
0.31677	0.30234	0.25591
0.26446	0.23753	0.19804
0.3578	0.2995	0.21354
0.06897	0.08121	0.10239
0.38571	0.26174	0.21
1.0	0.59133	0.516
0.9	0.758	0.58986
0.07692	0.10423	0.11111
0.52	0.43742	0.44403
0.53333	0.53333	0.42105
0.1	0.1	0.03227
0.32609	0.20687	0.17489
0.8	0.4838	0.66667
0.85714	0.39629	0.34675
0.23077	0.25641	0.2
0.25	0.25	0.2
0.36207	0.312	0.17831
0.32174	0.31276	0.26103
0.16364	0.18182	0.15789
0.14118	0.14004	0.07168
0.1875	0.15451	0.12542
0.47368	0.49745	0.51905
0.24242	0.1652	0.11357
0.31959	0.32025	0.266
0.2093	0.16053	0.12531
0.17073	0.10937	0.10788
0.15686	0.15686	0.15152
0.14768	0.12236	0.10602
0.59375	0.43041	0.31818
0.41667	0.31987	0.24394
0.15493	0.11222	0.07069
0.0	0.0	0.0
0.25	0.25	0.125
0.08	0.03699	0.03395
0.27586	0.20134	0.20429
0.09091	0.08553	0.0575
0.36	0.29676	0.18406
0.1	0.14774	0.10526
0.08108	0.03486	0.00832
0.08511	0.06932	0.0089
0.16364	0.12669	0.07189
0.8	0.4838	0.66667
0.2093	0.16897	0.1041
0.4	0.32441	0.22774
1.5	1.145	1.516
0.23077	0.23077	0.11765
0.07692	0.06762	0.02857
0.27907	0.23817	0.18151
0.24409	0.22047	0.20418
0.25926	0.23419	0.15789
0.58333	0.48117	0.42338
0.19167	0.14274	0.08918
0.38889	0.345	0.25438
0.05333	0.04688	0.03636
0.16923	0.16724	0.12143
0.3	0.20888	0.16248
0.06667	0.06667	0.0
0.27273	0.13842	0.08797
0.11321	0.11168	0.08216
0.25352	0.17627	0.14687
0.15094	0.11808	0.0815
0.42857	0.36497	0.37536
0.0	0.0	0.0
0.13333	0.2	0.125
0.42857	0.36864	0.2161
0.28302	0.255	0.2737
0.17105	0.1388	0.11786
0.10185	0.08631	0.06317
0.35294	0.241	0.11662
0.075	0.07095	0.03704
0.05882	0.05882	0.09091
0.5303	0.46432	0.41024
0.39241	0.33563	0.32692
0.13978	0.10197	0.06507
0.30556	0.21551	0.18282
0.76923	0.65301	0.61287
0.08148	0.0779	0.06
0.16234	0.12714	0.08516
0.02564	0.02564	0.0
0.20904	0.1713	0.14714
0.39062	0.31703	0.29933
0.0	0.0	0.0
0.17391	0.13183	0.09091
0.02941	0.02941	0.0
0.10204	0.08141	0.04807
0.0	0.0	0.0
0.35714	0.25114	0.13839
0.31481	0.35185	0.25714
0.13333	0.1215	0.16743
0.22549	0.14515	0.10818
0.19149	0.19217	0.12903
0.13514	0.10289	0.05958
0.08475	0.08475	0.08333
0.05	0.05	0.06667
0.15	0.15	0.15385
0.35135	0.22497	0.09408
0.33333	0.31541	0.30769
0.55882	0.44685	0.25805
0.2	0.15114	0.12609
0.11688	0.10264	0.07364
0.09859	0.07996	0.04804
0.11765	0.09678	0.04342
0.51786	0.4067	0.33242
0.42857	0.30989	0.35294
0.38889	0.27061	0.18064
0.32143	0.21429	0.19048
0.15686	0.13852	0.1276
0.32877	0.28899	0.19354
0.22727	0.13341	0.16667
0.06667	0.06667	0.04545
0.06452	0.06452	0.05
0.15686	0.13187	0.1171
0.16129	0.08219	0.11981
0.8125	0.44756	0.40592
0.07692	0.06762	0.05263
0.09091	0.09091	0.04545
0.16901	0.16672	0.15242
0.0	0.0	0.0
0.18421	0.14684	0.05831
0.27059	0.22428	0.17242
0.15789	0.14884	0.13376
0.59459	0.56495	0.51911
0.38571	0.29654	0.18811
0.85	0.85	0.8
0.34783	0.32539	0.3125
0.10526	0.0713	0.01759
0.16667	0.14947	0.09844
0.14706	0.14612	0.12644
0.11538	0.1005	0.11422
0.09901	0.08463	0.05882
0.17937	0.13207	0.08011
0.19802	0.16002	0.11663
0.0	0.0	0.0
0.78947	0.78947	0.83333
0.28571	0.22464	0.074
0.37705	0.26389	0.16377
0.60606	0.51809	0.45032
0.13333	0.13333	0.11111
0.0354	0.02797	0.01734
0.375	0.32156	0.3255
0.0875	0.07056	0.04175
0.0	0.0	0.0
0.14286	0.14286	0.0
0.21053	0.18336	0.13115
1.0	0.7419	0.74733
0.08824	0.06262	0.05263
0.1938	0.14928	0.11577
0.28571	0.21657	0.0
0.17647	0.16318	0.16127
0.11111	0.10215	0.08571
0.11972	0.1079	0.07
0.21429	0.27186	0.25
0.28571	0.24609	0.18768
0.2439	0.24705	0.1086
0.33333	0.33333	0.0
0.10938	0.125	0.08889
0.30488	0.29072	0.26627
0.09302	0.08177	0.03125
0.17857	0.16762	0.13158
0.41026	0.335	0.34793
0.16541	0.15305	0.13296
0.11111	0.08512	0.08996
0.07812	0.063	0.08229
0.125	0.125	0.03846
0.18367	0.12376	0.14516
0.15385	0.12965	0.08369
0.42857	0.45157	0.2516
0.09836	0.11	0.11214
0.16327	0.14878	0.12175
0.06667	0.05053	0.05
0.22581	0.21019	0.09257
0.20755	0.17772	0.10926
0.29268	0.27066	0.17282
0.0	0.0	0.0
0.33333	0.32737	0.28419
0.32075	0.27874	0.14556
0.29412	0.15659	0.05718
0.19355	0.16492	0.16855
0.1875	0.20362	0.1387
0.29032	0.28929	0.26267
0.14815	0.08244	0.05263
0.34483	0.27846	0.22748
0.13235	0.11622	0.08
0.32468	0.29157	0.26069
0.09231	0.10372	0.04762
0.05263	0.05263	0.09091
0.4	0.4	0.35294
0.0	0.0	0.0
0.11111	0.11111	0.0
0.32	0.3058	0.19959
0.04082	0.04082	0.03125
0.14667	0.1086	0.0859
0.21374	0.21029	0.1598
0.22535	0.16628	0.09743
0.19048	0.19048	0.16667
1.0	1.0	1.0
0.0	0.0	0.0
0.44444	0.44444	0.5
0.34286	0.23471	0.21796
0.51724	0.45346	0.43309
0.29412	0.2511	0.20187
0.35185	0.30583	0.19811
0.16352	0.15581	0.10685
0.07692	0.07692	0.04167
0.18605	0.09905	0.12503
0.12727	0.12844	0.10256
0.15	0.1229	0.10519
0.29167	0.28225	0.27778
0.26829	0.24232	0.23077
0.15909	0.14186	0.10361
0.28571	0.17857	0.14286
0.02703	0.01395	0.0
0.33333	0.26979	0.20295
0.45455	0.40058	0.38261
0.29412	0.26376	0.08067
0.64103	0.64103	0.68
0.34694	0.22449	0.17203
0.22857	0.21289	0.13465
0.07692	0.07692	0.10526
0.19697	0.11558	0.10366
0.0	0.0	0.0
0.40984	0.37862	0.29287
0.20364	0.19179	0.16012
0.13966	0.102	0.07171
0.10256	0.09387	0.04321
0.15596	0.11882	0.10208
0.425	0.37335	0.31135
0.09559	0.09346	0.07909
0.02174	0.02174	0.02778
0.31618	0.27632	0.25705
0.2549	0.21947	0.1364
0.44118	0.33015	0.26879
0.71429	0.65893	0.3645
0.18478	0.15041	0.09777
0.13514	0.13514	0.04167
0.23364	0.20681	0.13273
0.23404	0.2107	0.1821
0.29268	0.2392	0.16776
0.3038	0.26746	0.22704
0.17647	0.16224	0.15023
0.89474	0.76232	0.75913
0.17391	0.1823	0.13282
0.11927	0.07576	0.0348
0.26531	0.23765	0.13759
0.13953	0.10277	0.1043
0.09459	0.09023	0.06198
1.0	1.129	0.645
0.37383	0.31443	0.29609
0.66667	0.53225	0.32257
0.65854	0.64359	0.48618
0.33962	0.26902	0.17234
0.36667	0.26398	0.22495
0.30556	0.35303	0.2215
0.0	0.0	0.0
0.28571	0.1668	0.06823
0.21693	0.17032	0.13117
0.25	0.21946	0.15737
0.32653	0.27912	0.22194
0.08791	0.08224	0.08406
0.19355	0.22581	0.2
0.22222	0.22222	0.15385
0.0	0.0	0.0
0.25	0.21316	0.17651
0.21154	0.21773	0.17151
0.0	0.0	0.0
0.05405	0.02789	0.0
0.61538	0.51615	0.41645
0.18182	0.22291	0.246
0.16949	0.1457	0.11133
0.27273	0.15982	0.10753
0.5	0.33303	0.08225
0.32353	0.32541	0.29952
0.14286	0.14286	0.22222
0.32394	0.22352	0.14919
0.59459	0.56319	0.49581
0.32353	0.29979	0.19355
0.07143	0.07143	0.09091
0.6875	0.43344	0.38268
0.16867	0.14107	0.11202
0.24444	0.23511	0.21579
0.03125	0.03125	0.04762
0.24096	0.2056	0.16183
0.28571	0.15362	0.10669
0.0	0.0	0.0
0.15646	0.13561	0.10771
0.34211	0.34424	0.35614
0.16	0.13808	0.2
0.14474	0.13624	0.11742
0.29412	0.21821	0.19707
0.10638	0.0803	0.11139
0.46154	0.33992	0.375
0.5	0.45444	0.47543
0.25862	0.23636	0.17403
0.16667	0.09408	0.06272
0.1875	0.22278	0.18768
0.1087	0.08765	0.06989
0.25	0.25	0.125
0.84211	0.80642	0.77915
0.09756	0.09756	0.04167
0.33333	0.31102	0.25404
0.22917	0.1959	0.21882
0.21088	0.18542	0.11213
0.44444	0.41578	0.4388
0.48718	0.50205	0.47811
0.61538	0.65754	0.4032
0.13793	0.13793	0.11111
0.16364	0.13782	0.14286
0.13514	0.09109	0.07506
0.31429	0.2212	0.2629
0.09449	0.08839	0.07277
0.09677	0.09782	0.03971
0.33913	0.33211	0.26018
0.48387	0.48387	0.5
0.25	0.16202	0.09786
0.05556	0.10394	0.07143
0.74074	0.74074	0.66667
0.14634	0.11802	0.07662
0.35484	0.28406	0.17155
0.46753	0.44826	0.45161
0.30769	0.30851	0.22341
0.19079	0.17699	0.14501
0.25	0.22797	0.1454
0.3125	0.28965	0.22482
0.35811	0.29947	0.23339
0.16667	0.16667	0.2
0.18868	0.12781	0.11857
0.0	0.0	0.0
0.33333	0.172	0.0
0.27	0.22613	0.12858
0.125	0.125	0.0
0.19231	0.15942	0.15519
0.2	0.15806	0.07206
0.14286	0.14286	0.16667
0.22472	0.20007	0.1432
0.16049	0.14695	0.12783
0.52778	0.52061	0.49936
0.05882	0.03605	0.0089
0.15789	0.11884	0.09677
0.05085	0.05741	0.02778
0.17568	0.14428	0.13393
0.43455	0.41665	0.38914
0.09554	0.09246	0.08257
0.53846	0.38708	0.39067
0.01515	0.00782	0.0
0.53571	0.47868	0.40747
0.06667	0.05591	0.0172
0.277	0.24685	0.19646
0.12791	0.12041	0.10377
0.16432	0.14811	0.10191
0.16279	0.12002	0.11391
0.21667	0.19462	0.1191
0.31429	0.31106	0.31721
0.57895	0.38537	0.56717
0.12857	0.10644	0.10164
0.38961	0.39255	0.28551
0.13757	0.11367	0.0856
0.58824	0.47059	0.3065
0.3125	0.26764	0.22497
0.5	0.40629	0.28476
0.34375	0.28325	0.22141
0.4	0.39096	0.23891
0.02083	0.02083	0.03226
0.48649	0.3923	0.29867
0.08696	0.07643	0.04738
0.8	0.4838	0.66667
0.4	0.33872	0.17238
0.2	0.1788	0.15649
0.17949	0.14144	0.10483
0.17647	0.12904	0.1051
0.2	0.2258	0.1895
0.24468	0.19937	0.14937
0.15	0.13911	0.04094
0.15556	0.12618	0.11091
0.28571	0.22579	0.1161
0.16	0.16776	0.10526
0.48148	0.37156	0.4016
0.01923	0.03846	0.02857
0.14103	0.11042	0.08188
0.18519	0.19594	0.15686
0.26415	0.22458	0.17611
0.33333	0.24947	0.1459
0.25	0.27419	0.21
0.25444	0.24527	0.19178
0.72727	0.69791	0.37633
0.21296	0.19952	0.14662
0.04651	0.03714	0.03905
0.16981	0.15215	0.06897
0.17647	0.16812	0.11457
0.25	0.18893	0.074
0.30556	0.29211	0.19231
0.23404	0.17398	0.11365
0.06667	0.1	0.09091
0.11828	0.08844	0.05975
0.13514	0.13077	0.1012
0.04706	0.04592	0.03333
0.23864	0.19445	0.15608
0.03571	0.03571	0.05556
0.09677	0.08116	0.04348
0.07143	0.07143	0.04762
0.15152	0.10264	0.1085
0.10606	0.10239	0.10112
0.18571	0.15437	0.10393
0.18301	0.14126	0.12571
0.14286	0.18124	0.13333
0.05714	0.05714	0.0
0.25	0.25	0.22222
0.27632	0.21945	0.12904
0.39205	0.3497	0.32696
0.2	0.1879	0.15385
0.04348	0.04348	0.0
0.28571	0.17514	0.2452
0.28467	0.22627	0.23005
0.46875	0.41734	0.41235
0.13889	0.06631	0.06309
0.0597	0.05633	0.02174
0.77778	0.64878	0.5614
0.07576	0.08162	0.04762
0.54545	0.54545	0.375
0.61111	0.4558	0.39146
0.34682	0.28267	0.25923
0.19231	0.09554	0.06989
0.0	0.0	0.0
0.29101	0.23705	0.16369
0.12752	0.10305	0.095
0.12579	0.11747	0.06519
0.15294	0.09753	0.09121
0.17073	0.12273	0.0749
0.53846	0.48385	0.5
0.20548	0.17101	0.08929
0.1	0.0516	0.0
0.30769	0.2655	0.27778
0.35484	0.31112	0.27492
0.24742	0.21351	0.18295
0.2891	0.27258	0.23122
0.12791	0.12115	0.09054
0.03704	0.03704	0.0
0.10526	0.10809	0.10584
0.23602	0.20877	0.14591
0.13333	0.06094	0.04266
0.15625	0.17238	0.14286
0.08571	0.08571	0.08
0.08696	0.03365	0.01612
0.23529	0.23813	0.18828
0.31481	0.26761	0.22873
0.05556	0.05556	0.02778
0.26316	0.22242	0.08067
0.2381	0.21505	0.07143
0.2	0.16773	0.0516
0.57895	0.68421	0.625
0.29126	0.23333	0.20224
0.20946	0.1772	0.1205
0.85714	0.55757	0.6194
0.29032	0.26639	0.239
0.12245	0.12245	0.15625
0.06977	0.05588	0.05576
0.27586	0.19576	0.15
0.34286	0.2258	0.22983
0.06061	0.06061	0.1
0.47561	0.38394	0.31804
0.10526	0.06621	0.09677
0.13699	0.10826	0.0956
0.27907	0.22505	0.2094
0.33333	0.26755	0.24224
0.09783	0.07924	0.05987
0.0	0.0	0.0
0.55556	0.54122	0.75267
0.27273	0.24342	0.21053
0.19118	0.16413	0.13454
0.10526	0.06961	0.04838
0.56452	0.37406	0.30981
0.46667	0.47527	0.21409
0.54839	0.46203	0.29572
0.16667	0.16667	0.0
0.15741	0.14934	0.09632
0.17647	0.14988	0.18182
0.16304	0.14129	0.10534
1.0	1.0	1.0
0.14286	0.10783	0.05032
0.17518	0.17118	0.10098
0.25	0.17892	0.21605
0.33333	0.39783	0.4
0.25	0.22225	0.16381
0.55208	0.52385	0.5086
0.19048	0.15707	0.1346
0.18182	0.16715	0.08524
0.08929	0.08641	0.04379
0.06667	0.06667	0.0
0.32632	0.34635	0.35579
0.25	0.23589	0.16056
0.1875	0.23788	0.28571
0.21429	0.21429	0.19298
0.50267	0.4247	0.36436
0.33784	0.31735	0.23843
0.13265	0.13265	0.09375
0.09756	0.09756	0.07692
0.35484	0.27681	0.34257
0.6	0.5516	0.33333
0.25532	0.23816	0.13825
0.19753	0.20051	0.16259
0.225	0.225	0.2
0.06667	0.05053	0.05
0.35583	0.31426	0.21698
0.35556	0.31756	0.21852
0.26667	0.21936	0.13818
0.19101	0.19064	0.18453
0.10976	0.09323	0.05489
0.38053	0.34256	0.24024
0.26531	0.1922	0.03846
0.11111	0.15589	0.07143
0.28777	0.26827	0.20497
0.12037	0.11589	0.08814
0.15584	0.14956	0.12632
0.75	0.64112	0.68817
0.375	0.42538	0.57143
0.07692	0.07568	0.05424
0.27273	0.20086	0.13333
0.20779	0.17887	0.13037
0.27273	0.22188	0.11981
0.08621	0.05895	0.0724
0.53333	0.46665	0.42198
0.18571	0.1599	0.09008
0.11828	0.12244	0.11111
0.20833	0.19321	0.09031
0.21875	0.20362	0.19048
0.38095	0.35329	0.35021
0.29167	0.23627	0.17904
0.07143	0.07143	0.04762
0.24138	0.21634	0.18589
0.15455	0.15366	0.13688
0.07595	0.0543	0.0426
0.0	0.0	0.0
0.19444	0.22222	0.14286
0.28889	0.24373	0.19981
0.0	0.0	0.0
0.15068	0.16262	0.16695
0.35	0.3129	0.2715
0.33846	0.25755	0.20007
0.22963	0.20669	0.12797
0.12121	0.08797	0.0865
0.15278	0.14606	0.10204
0.2	0.10213	0.11981
0.33333	0.30508	0.31306
0.45455	0.45455	0.129
0.31925	0.25472	0.20295
0.1374	0.11696	0.04598
0.22581	0.21123	0.10526
0.18033	0.14595	0.10385
0.3125	0.3125	0.25
0.17647	0.14563	0.1178
0.28358	0.21136	0.18119
0.20588	0.15465	0.11612
0.54054	0.37573	0.25685
0.56522	0.50424	0.52169
0.37908	0.34514	0.29498
0.2931	0.26571	0.21348
0.30435	0.24823	0.17354
0.13636	0.12536	0.10714
0.29496	0.24414	0.1596
0.17391	0.13743	0.13593
0.12821	0.12241	0.10274
0.22857	0.2682	0.25073
0.06383	0.0731	0.06061
0.27717	0.23737	0.18917
0.27434	0.24122	0.22432
0.18182	0.1343	0.09147
0.125	0.11636	0.10046
0.13245	0.08715	0.07748
0.25547	0.22697	0.13779
0.36047	0.29651	0.27565
0.12963	0.12126	0.12903
0.4	0.31292	0.2371
0.19048	0.20123	0.15692
0.07042	0.05497	0.03082
0.125	0.10483	0.05882
0.375	0.28628	0.22064
0.06	0.05032	0.02857
0.18557	0.1726	0.07445
0.26549	0.21583	0.16683
0.21831	0.18196	0.11309
0.06957	0.04656	0.04236
0.30508	0.20967	0.12449
0.17978	0.09785	0.08912
0.125	0.09718	0.09361
0.59375	0.42941	0.23352
0.19	0.16113	0.16407
0.33333	0.22669	0.23983
0.9375	0.66531	0.7646
1.14286	1.01224	0.88243
0.0625	0.0625	0.09091
0.66667	0.65858	0.61288
0.14815	0.13022	0.1258
0.24742	0.22548	0.17023
0.21277	0.15785	0.16667
0.04762	0.04762	0.0
0.3038	0.3038	0.20408
0.63636	0.63636	0.75
0.50345	0.45161	0.42238
0.17442	0.09452	0.10356
0.0	0.0	0.0
0.54545	0.54545	0.66667
0.13333	0.1086	0.14809
0.33696	0.2486	0.23538
0.175	0.12904	0.11808
0.16667	0.16129	0.11268
0.2875	0.21975	0.18578
0.3617	0.31777	0.18647
0.06593	0.0553	0.04225
0.13772	0.10644	0.09587
0.11765	0.10551	0.09615
0.14706	0.10816	0.05922
0.35714	0.33525	0.2
0.23585	0.23889	0.1914
0.38095	0.298	0.25808
0.08475	0.041	0.03068
0.12821	0.12241	0.10274
0.22917	0.19354	0.15442
0.28058	0.19935	0.14617
0.10843	0.1026	0.07937
0.20183	0.16483	0.15257
0.75	0.79545	0.80645
0.6	0.51158	0.5032
0.46377	0.46329	0.36902
0.16667	0.17204	0.074
0.17419	0.17085	0.11046
0.24419	0.19129	0.09976
0.10112	0.08735	0.03421
0.08824	0.08824	0.04762
0.33058	0.30125	0.22291
0.06452	0.0489	0.04545
0.14286	0.10225	0.07697
0.19588	0.1533	0.12176
0.33333	0.23013	0.132
0.37255	0.35041	0.28094
0.0	0.0	0.0
0.35088	0.31691	0.293
0.03125	0.03125	0.03846
0.4	0.2108	0.132
0.41379	0.33038	0.29297
0.2314	0.20634	0.13148
0.21739	0.17952	0.1875
0.06329	0.06329	0.05556
0.125	0.10145	0.10095
0.1831	0.15855	0.07178
0.15873	0.11162	0.07363
0.15254	0.11317	0.13158
0.1875	0.13609	0.12904
0.0566	0.03347	0.04928
0.05229	0.0428	0.02885
0.05172	0.05617	0.01743
0.08929	0.08544	0.07028
1.0	0.758	0.0
0.8125	0.8125	0.77778
0.38596	0.3554	0.26164
0.1358	0.1346	0.08756
0.35065	0.3364	0.28571
0.18947	0.21222	0.19596
0.31579	0.27505	0.06454
0.27551	0.23863	0.16723
0.03846	0.02915	0.02778
0.17323	0.15697	0.12903
0.42391	0.43127	0.38294
0.2	0.19033	0.11012
0.17857	0.14017	0.06279
0.50893	0.43576	0.40963
0.72	0.70704	0.71613
0.18072	0.14418	0.11622
0.10204	0.06188	0.04665
0.05263	0.01358	0.0172
0.08108	0.08457	0.10752
0.21053	0.15111	0.12473
0.29787	0.27144	0.25964
0.22156	0.16574	0.12663
0.28696	0.2199	0.17001
0.38776	0.32421	0.20008
0.19802	0.18461	0.12779
0.44444	0.34767	0.18817
0.19444	0.15681	0.2
0.30556	0.21236	0.14968
0.25	0.25	0.16667
0.14286	0.11213	0.05263
0.08333	0.08333	0.09091
0.23684	0.20797	0.13575
0.09333	0.08301	0.06522
0.32609	0.27628	0.25026
0.45	0.4629	0.41397
0.12821	0.11579	0.0
0.5	0.30238	0.4
0.44156	0.35357	0.29612
0.5	0.5	0.5
0.1195	0.10549	0.08563
0.23077	0.14559	0.16707
0.26087	0.26087	0.2
0.06061	0.05914	0.06621
0.26667	0.14984	0.11094
0.22556	0.23283	0.13383
0.6875	0.64316	0.6
0.0	0.0	0.0
0.14286	0.09676	0.0
0.24	0.21612	0.15152
0.15789	0.13242	0.0625
0.21212	0.0997	0.14368
0.11765	0.07779	0.08333
0.25	0.20162	0.18935
0.2619	0.23808	0.15321
0.25926	0.25238	0.217
0.08571	0.09677	0.04
0.24138	0.208	0.13636
0.41667	0.3457	0.30107
0.15625	0.14416	0.05224
0.14035	0.14488	0.11205
0.05556	0.05556	0.08333
0.16981	0.16981	0.11765
0.44444	0.48529	0.42603
0.33333	0.21947	0.20187
0.23529	0.20682	0.16667
0.6	0.43227	0.35482
0.12727	0.09207	0.0517
0.13953	0.12828	0.0625
0.13265	0.13693	0.08996
1.5	1.4355	2.516
0.29	0.26613	0.19781
0.13043	0.13043	0.10829
0.14433	0.11507	0.05292
0.13158	0.10442	0.07594
0.2459	0.23003	0.24883
0.11538	0.11538	0.05882
0.38235	0.35009	0.27283
0.14754	0.12903	0.11015
0.21053	0.191	0.07692
0.15663	0.15663	0.11384
0.28571	0.46543	0.5
0.10112	0.08155	0.07097
0.0	0.0	0.0
0.13043	0.10798	0.12569
0.0	0.0	0.0
0.28302	0.21119	0.12989
0.23913	0.21248	0.15023
0.21875	0.17792	0.12605
0.05556	0.06003	0.04644
0.05357	0.04262	0.02632
0.21739	0.1557	0.05882
0.13636	0.09236	0.0625
0.18421	0.11118	0.09273
0.125	0.10988	0.04545
0.04545	0.01173	0.01433
0.25926	0.178	0.0865
0.23243	0.1517	0.12083
0.29787	0.26766	0.25583
0.08475	0.08475	0.08333
0.31522	0.26858	0.19666
0.05063	0.04328	0.01852
0.8	0.4838	0.66667
0.16667	0.16667	0.04762
0.36486	0.32476	0.29529
1.0	0.70514	0.70975
0.25862	0.24693	0.17114
0.16216	0.17	0.06317
0.17857	0.14899	0.11946
0.45161	0.436	0.38095
0.26471	0.24288	0.13936
0.13115	0.11316	0.08064
0.06723	0.05476	0.04626
0.12879	0.12512	0.11111
0.15	0.14193	0.1415
0.10959	0.10649	0.05747
0.0	0.0	0.0
0.09677	0.06868	0.09677
0.20455	0.19648	0.14076
0.1413	0.10379	0.10181
0.0	0.0	0.0
0.35484	0.21955	0.22353
0.24	0.18324	0.10526
0.125	0.17744	0.16125
0.10526	0.08357	0.03639
0.66667	0.47924	0.38708
0.14286	0.10829	0.11111
0.04167	0.04167	0.06667
0.17544	0.16582	0.11111
0.21324	0.22011	0.17169
0.09615	0.08188	0.03594
0.28571	0.183	0.15179
0.5	0.5	1.0
0.58333	0.43008	0.0903
0.3253	0.27361	0.21542
0.14634	0.11093	0.12904
0.25	0.20161	0.16181
0.27451	0.2742	0.30108
0.18939	0.1608	0.11727
0.05	0.05	0.03333
0.11321	0.11321	0.05882
0.1547	0.15951	0.1043
0.26271	0.21021	0.10806
0.0	0.0	0.0
0.51515	0.51515	0.53488
0.16071	0.09791	0.02778
0.13559	0.13341	0.12205
0.07018	0.07018	0.05128
0.09884	0.09378	0.05777
0.17073	0.17073	0.13462
0.29885	0.24657	0.18655
0.18182	0.18182	0.0
0.07143	0.0599	0.03333
0.33333	0.23667	0.355
0.25	0.22905	0.3
0.08824	0.06198	0.0204
0.12346	0.09875	0.08929
0.28099	0.21168	0.15499
0.25	0.1705	0.17647
0.52113	0.51748	0.47729
0.36364	0.33821	0.30205
0.25	0.22905	0.3
0.19355	0.17794	0.15
0.19048	0.192	0.09091
0.14141	0.1287	0.1109
0.13559	0.13832	0.07169
0.27848	0.25194	0.18631
0.32727	0.28093	0.19939
0.05263	0.05263	0.0
0.4	0.4	0.36364
0.11765	0.12332	0.07407
0.22917	0.26815	0.20588
0.15476	0.12653	0.11003
0.57143	0.46543	0.47375
0.13333	0.13763	0.07407
0.14286	0.15898	0.08469
0.15385	0.10794	0.1517
0.1	0.09395	0.09434
0.06579	0.05942	0.04082
0.18841	0.108	0.09441
0.1411	0.11656	0.11245
0.41935	0.24971	0.26419
0.42857	0.42857	0.25
0.64706	0.64706	0.64286
0.10811	0.10026	0.04838
0.08824	0.11479	0.04545
0.26316	0.23768	0.23077
0.10227	0.07844	0.08089
0.10101	0.09254	0.0837
0.21127	0.18673	0.11501
0.54545	0.41055	0.28225
0.375	0.29029	0.23867
0.48936	0.46534	0.42159
0.17021	0.15969	0.1114
0.07042	0.06906	0.05353
0.5	0.40142	0.37019
0.06061	0.06061	0.03846
0.3125	0.3098	0.2757
0.33333	0.31989	0.19231
0.34641	0.31773	0.25289
1.0	0.77335	0.92287
0.13333	0.13333	0.0
0.29193	0.26888	0.18782
0.24324	0.20574	0.18975
0.22059	0.17623	0.14811
0.3913	0.25246	0.17794
0.41026	0.36972	0.35484
0.11688	0.12317	0.10666
0.33051	0.29332	0.23999
0.25668	0.17698	0.13318
0.33333	0.30356	0.26923
0.23529	0.22391	0.15858
0.17989	0.17068	0.13103
1.4	1.0838	1.16133
0.19802	0.19961	0.13044
0.0	0.0	0.0
0.18868	0.13755	0.05179
0.07692	0.07692	0.0
0.16	0.16	0.11765
0.38235	0.36812	0.33333
0.08696	0.08696	0.11111
0.36842	0.382	0.3
0.27778	0.18728	0.13519
0.38095	0.31643	0.31118
0.04545	0.02859	0.0086
0.2451	0.21316	0.19732
0.27778	0.23954	0.17655
0.03333	0.03333	0.05556
0.07407	0.07407	0.0
0.0396	0.0214	0.01471
0.20635	0.23246	0.136
0.2	0.17548	0.21429
0.20904	0.1755	0.14855
0.51613	0.45574	0.37096
0.15132	0.10993	0.07834
0.44186	0.4096	0.33127
0.22162	0.15344	0.1092
0.41026	0.3751	0.31452
0.13793	0.13793	0.09091
0.30769	0.25474	0.17369
0.18519	0.19474	0.0625
0.08824	0.08824	0.07407
0.31034	0.20913	0.13293
0.77778	0.68337	0.65805
0.08333	0.09293	0.08475
0.54839	0.51819	0.32261
0.47368	0.3803	0.33995
0.07843	0.06894	0.04626
0.18627	0.14548	0.13875
0.25581	0.21642	0.15454
0.31667	0.31235	0.23159
0.2	0.14475	0.13585
0.11475	0.09466	0.07692
0.31579	0.20374	0.26729
0.12346	0.10911	0.08602
0.0	0.0	0.0
0.31579	0.19016	0.24657
0.25	0.22905	0.2
0.35714	0.41471	0.28114
0.15385	0.1675	0.17647
0.21739	0.17559	0.15939
0.22807	0.14091	0.09947
0.1	0.1	0.0
0.15385	0.11463	0.04762
0.17857	0.12845	0.0952
0.2037	0.16338	0.14112
0.09836	0.06293	0.03972
0.0625	0.0625	0.06452
0.17526	0.15031	0.10086
0.25	0.16844	0.12516
0.6875	0.51006	0.37536
0.71795	0.61456	0.59484
0.29193	0.27909	0.25284
0.27778	0.22044	0.14932
0.23684	0.24024	0.12531
0.41379	0.3971	0.3
0.22549	0.20888	0.18332
0.29	0.24098	0.17511
0.58974	0.48056	0.57936
0.30147	0.30123	0.24798
0.08	0.06064	0.03261
0.73333	0.73333	0.7
0.11594	0.09022	0.04628
0.2619	0.26036	0.12997
0.13208	0.12964	0.09767
0.25	0.24968	0.20763
0.31818	0.29545	0.24947
0.59259	0.68337	0.7
0.13376	0.0832	0.07695
1.0	0.758	0.7548
0.05882	0.05882	0.04545
0.39655	0.3604	0.35832
0.1875	0.15994	0.05483
0.025	0.03388	0.05646
0.70588	0.64894	0.63708
0.16667	0.13404	0.1129
0.16364	0.13489	0.16667
0.21053	0.18505	0.125
0.40278	0.35125	0.35693
0.10101	0.06484	0.04008
0.19048	0.19048	0.16667
0.0	0.0	0.0
0.58333	0.55752	0.50037
0.17647	0.08824	0.07392
0.18033	0.18456	0.12429
0.3	0.24623	0.149
0.54054	0.52746	0.48138
0.27778	0.17385	0.13074
0.25225	0.22348	0.18055
0.13115	0.0928	0.05465
0.0	0.0	0.0
1.0	1.0	1.0
0.18033	0.14438	0.13158
0.13208	0.14485	0.13564
0.54839	0.52861	0.51253
0.20325	0.17938	0.13877
0.07273	0.05924	0.02778
0.22973	0.21512	0.15465
0.16279	0.09828	0.04181
1.0	1.102	0.9224
0.2037	0.15711	0.10167
0.11207	0.099	0.08362
0.05	0.01775	0.00956
0.28205	0.24482	0.09677
0.14286	0.12749	0.09462
0.17582	0.16484	0.07562
0.15493	0.1522	0.07481
0.26087	0.17369	0.12574
0.76642	0.72426	0.72285
0.24138	0.22579	0.15805
0.27059	0.23833	0.18644
0.35985	0.28543	0.25901
0.28333	0.21613	0.24444
0.10577	0.08343	0.04791
0.44444	0.35122	0.043
0.10127	0.09677	0.06627
0.11321	0.10408	0.10526
0.58824	0.55597	0.46064
0.2093	0.15828	0.16431
0.13043	0.07854	0.06555
0.42857	0.35714	0.1258
0.425	0.425	0.41379
0.22892	0.21142	0.16656
0.42857	0.42857	0.33333
0.2963	0.25807	0.28571
0.1	0.15	0.125
0.33333	0.23833	0.08209
0.125	0.14112	0.14286
0.33333	0.32258	0.20276
0.10526	0.07979	0.07692
0.28571	0.28571	0.25
0.24528	0.23796	0.21994
0.25	0.23034	0.2107
0.34921	0.2427	0.2304
0.21739	0.21739	0.125
0.15686	0.11955	0.04134
0.17544	0.1794	0.17624
0.20833	0.17728	0.12236
0.45161	0.45161	0.5
0.46341	0.38237	0.30646
0.17361	0.15165	0.13354
0.21053	0.146	0.21338
0.09091	0.09091	0.05556
0.22222	0.17791	0.14591
0.16993	0.1596	0.11632
0.0	0.0	0.0
0.26316	0.23768	0.27046
0.1087	0.0831	0.02274
0.02679	0.01814	0.0125
0.10606	0.08944	0.05777
0.41538	0.32902	0.29031
0.32353	0.26185	0.209
0.44444	0.38711	0.301
0.2963	0.2963	0.30303
0.13821	0.10595	0.07666
0.43478	0.39409	0.305
0.0	0.0	0.0
0.33333	0.22441	0.14094
0.26316	0.23768	0.23077
0.25424	0.15034	0.14855
0.41611	0.3347	0.30451
0.16949	0.14325	0.11779
0.21429	0.15436	0.129
0.37931	0.307	0.23757
0.59259	0.59856	0.5791
0.5	0.45275	0.38518
0.42857	0.42481	0.38298
0.19231	0.19231	0.23529
0.0	0.0	0.0
0.175	0.13548	0.1
0.29474	0.26214	0.2258
0.49505	0.48834	0.45902
0.33981	0.32321	0.27709
0.28718	0.23555	0.17915
0.85714	0.39629	0.34675
0.0303	0.0303	0.02174
0.45455	0.36945	0.30414
0.21053	0.146	0.23271
0.07843	0.04047	0.0
0.53846	0.50123	0.44362
0.38462	0.37882	0.28303
1.0	1.0	1.0
0.54348	0.38289	0.26197
0.03571	0.01382	0.01843
0.18692	0.14921	0.09966
0.38182	0.30324	0.33089
0.29323	0.25345	0.14069
0.46667	0.31613	0.4097
0.58696	0.47548	0.42938
0.21552	0.21051	0.14341
0.125	0.10311	0.05806
0.22222	0.21936	0.16129
0.15152	0.16187	0.14516
0.33333	0.3167	0.23511
0.11628	0.06827	0.03961
0.2381	0.2381	0.26667
0.16279	0.11702	0.10988
0.52778	0.55556	0.52071
0.13889	0.12186	0.125
0.26389	0.24103	0.19684
0.1828	0.11654	0.08176
0.14754	0.13061	0.10465
0.5	0.5	0.4
0.33898	0.28047	0.25652
0.05263	0.05263	0.07692
0.0	0.0	0.0
0.27273	0.27062	0.21849
0.31169	0.30623	0.24434
0.28205	0.18859	0.19125
0.21053	0.16807	0.12195
0.02381	0.02381	0.0
0.0	0.0	0.0
0.3	0.25482	0.2081
0.31111	0.27382	0.13839
0.15517	0.13041	0.1129
0.03846	0.03846	0.0
0.2	0.2	0.21429
0.24561	0.16637	0.12824
0.29213	0.19935	0.17058
0.26623	0.14642	0.11838
0.21605	0.19912	0.14386
0.15068	0.15068	0.08511
0.58824	0.49529	0.4259
0.0	0.0	0.0
0.27586	0.17629	0.17147
0.22378	0.17572	0.15276
0.69231	0.69231	0.77778
0.22222	0.32256	0.27186
0.17391	0.15987	0.13506
0.48276	0.40266	0.31377
0.775	0.6637	0.61165
0.10959	0.12152	0.06383
0.46154	0.36723	0.362
0.11538	0.09471	0.06774
0.5	0.5	0.4
0.52381	0.33333	0.29031
0.1	0.1	0.15385
0.05556	0.05556	0.0
0.2807	0.21109	0.09758
0.2234	0.17947	0.13697
0.21296	0.16427	0.14403
0.21101	0.18437	0.11355
0.29197	0.26418	0.15849
0.37419	0.34568	0.32157
0.30882	0.29744	0.2258
0.2963	0.25926	0.1887
0.13953	0.09151	0.08817
0.19048	0.15624	0.08507
0.18182	0.18298	0.12821
0.12346	0.1143	0.07653
0.18137	0.16666	0.07496
0.20548	0.20681	0.10904
0.46923	0.37492	0.37594
0.04762	0.05529	0.03125
0.59091	0.46089	0.39123
0.24	0.28904	0.16318
0.0	0.0	0.0
0.3	0.2508	0.25104
0.31818	0.27712	0.26907
0.42857	0.30529	0.32641
0.41071	0.36636	0.29287
0.0	0.0	0.0
0.2	0.1516	0.0
0.11538	0.11124	0.05741
0.25	0.24494	0.18124
0.0274	0.02077	0.0
0.30769	0.2768	0.20984
0.08696	0.06942	0.04336
0.06897	0.06897	0.07317
0.52632	0.41937	0.4344
0.13462	0.15075	0.08111
0.1	0.1	0.0
0.25	0.23911	0.23782
0.45238	0.38555	0.39753
0.33333	0.33333	0.33333
0.29851	0.26431	0.23268
0.36957	0.31626	0.14815
0.45455	0.39223	0.35081
0.23333	0.22365	0.15715
0.2807	0.206	0.20431
1.0	0.8194	0.98933
0.23529	0.22771	0.08604
0.2766	0.26047	0.18809
0.29412	0.19733	0.21019
0.88889	0.83867	0.758
0.23913	0.18793	0.16028
0.34211	0.264	0.20719
0.10784	0.10911	0.09524
0.1	0.1	0.15385
0.26316	0.15111	0.05779
0.375	0.33388	0.29145
0.23077	0.16626	0.10669
0.28729	0.22776	0.12069
0.43056	0.36246	0.35682
0.23179	0.2273	0.19914
0.0625	0.0625	0.0
0.22727	0.13341	0.16667
0.14286	0.10829	0.0
0.01613	0.00832	0.0
0.0	0.0	0.0
0.52459	0.49867	0.41055
0.42424	0.41348	0.22727
0.0	0.0	0.0
0.19512	0.17388	0.1043
0.07692	0.07754	0.02857
0.26316	0.19184	0.17369
0.05556	0.05556	0.1
0.0	0.0	0.0
0.09259	0.06541	0.03011
0.29851	0.24169	0.1853
0.21127	0.17446	0.08451
0.25	0.22781	0.14955
0.20455	0.2148	0.19354
0.19355	0.19492	0.14888
0.22467	0.19923	0.18601
0.2	0.14839	0.15733
0.10714	0.13094	0.09185
0.0	0.0	0.0
0.2625	0.20161	0.17032
0.24561	0.176	0.09758
0.09259	0.09259	0.05263
0.22881	0.18945	0.15262
0.11111	0.10702	0.053
0.0	0.0	0.0
0.19697	0.16861	0.12939
0.08955	0.06644	0.05049
0.35	0.3129	0.33333
0.12195	0.12195	0.07692
0.4	0.2581	0.14286
0.04	0.04	0.0
0.31579	0.3107	0.3125
0.22222	0.18262	0.10338
0.13208	0.09617	0.08571
0.18182	0.16618	0.14517
0.25714	0.22763	0.20673
0.75	0.70967	0.8
0.1134	0.10708	0.08406
0.11111	0.11111	0.04762
0.32394	0.23806	0.22443
0.26087	0.26087	0.2
0.2	0.17849	0.17238
0.29762	0.26805	0.18519
0.08876	0.07559	0.06158
0.85714	0.55757	0.61743
0.26364	0.21143	0.15686
0.11613	0.09427	0.05447
0.14062	0.14062	0.14634
0.45161	0.33194	0.34542
0.36842	0.33616	0.29618
0.30435	0.33064	0.29708
0.39683	0.34203	0.31239
0.44966	0.4475	0.39915
0.24561	0.16637	0.12824
0.5	0.4774	0.47907
0.44928	0.37729	0.30371
0.2375	0.21734	0.23068
0.17877	0.14308	0.09331
0.30303	0.25024	0.19355
0.36842	0.33616	0.14919
0.18182	0.18182	0.14286
0.18182	0.21945	0.15514
0.0678	0.07654	0.02326
0.38235	0.22485	0.19356
0.10596	0.08887	0.05396
0.26708	0.23422	0.18526
0.16901	0.16401	0.16416
0.175	0.13065	0.13859
0.15385	0.15485	0.10138
0.08163	0.10929	0.09091
0.18182	0.18182	0.14286
0.02899	0.04161	0.03922
0.31111	0.27096	0.23413
0.41667	0.34766	0.27956
0.18519	0.13443	0.09592
0.30682	0.28701	0.23071
0.0	0.0	0.0
0.26087	0.22206	0.18386
0.09302	0.08177	0.0
0.75	0.75	0.7
0.25	0.22192	0.1799
0.12069	0.12736	0.02632
0.2069	0.19466	0.13582
0.36842	0.27163	0.232
0.21739	0.13463	0.1301
0.25	0.20209	0.09115
0.14583	0.18615	0.09091
0.36	0.33932	0.25634
0.1039	0.07708	0.09091
0.11111	0.10215	0.09253
0.29245	0.25592	0.21677
0.36842	0.25126	0.2715
0.23684	0.20711	0.12708
0.04762	0.01229	0.0172
0.0	0.0	0.0
0.11111	0.10514	0.07143
0.11243	0.07539	0.05881
0.27778	0.24552	0.19735
0.19608	0.13851	0.09279
0.14286	0.07604	0.04956
0.14634	0.11329	0.10094
0.16667	0.12633	0.0645
0.2	0.2	0.14583
0.79487	0.65091	0.63113
0.10465	0.10465	0.07407
0.17073	0.11488	0.1884
0.5	0.29833	0.3161
0.2	0.16234	0.16499
0.11321	0.10408	0.06272
0.38462	0.32319	0.31956
0.0	0.0	0.0
0.12	0.1058	0.15114
0.0	0.0	0.0
0.2973	0.21795	0.17865
0.06349	0.04813	0.02439
0.18519	0.1613	0.23341
0.21348	0.1428	0.09313
0.29412	0.22771	0.22581
0.08163	0.06912	0.05947
0.06522	0.0547	0.02857
0.08333	0.06989	0.08333
0.35714	0.33871	0.38712
0.25	0.25303	0.2359
0.26087	0.23278	0.19354
0.09836	0.08937	0.0641
0.83333	1.11817	0.9418
0.31884	0.2784	0.21055
0.5	0.30238	0.4
0.66667	0.74372	0.82991
0.19167	0.15456	0.11961
0.71429	0.72579	0.57344
0.0	0.0	0.0
0.27059	0.2926	0.27064
0.08333	0.08333	0.1
0.21739	0.20196	0.09676
0.10256	0.10256	0.07692
0.20588	0.16697	0.17971
0.16	0.14838	0.111
0.30769	0.20346	0.1645
0.2	0.15191	0.13442
0.25	0.13708	0.125
0.25	0.25	0.11111
0.0	0.0	0.0
0.12821	0.12821	0.10714
0.25	0.24294	0.2
0.05882	0.05882	0.09091
0.13208	0.11868	0.10175
0.34286	0.25163	0.23987
0.09524	0.11214	0.07692
0.27586	0.21134	0.15789
0.29078	0.25234	0.1769
0.16129	0.12955	0.10782
0.24444	0.23153	0.1259
0.1697	0.11886	0.06419
0.07547	0.07547	0.05882
0.31579	0.25805	0.21263
0.19048	0.192	0.09091
0.10204	0.10204	0.07812
0.24859	0.2032	0.15835
0.28571	0.25921	0.16667
0.25	0.23056	0.20449
0.54167	0.47983	0.45635
0.28994	0.18838	0.15278
0.5	0.5	1.0
0.0	0.0	0.0
0.0	0.0	0.0
0.77778	0.61289	0.41933
0.15385	0.08685	0.09091
1.0	1.0	1.0
0.35	0.2274	0.14968
0.11628	0.07914	0.03285
0.52	0.45804	0.35943
0.0	0.0	0.0
0.08333	0.08333	0.05128
0.69231	0.60292	0.5725
0.2	0.15053	0.11436
0.31915	0.22855	0.2307
0.2069	0.2069	0.14286
0.12941	0.09923	0.07993
0.72	0.63224	0.5
0.2562	0.19382	0.11959
1.0	0.7484	0.90333
0.43478	0.34504	0.31107
0.09091	0.06804	0.02778
0.25397	0.19865	0.15007
0.14815	0.11707	0.0172
0.33333	0.26164	0.21878
0.21311	0.21205	0.16697
0.34146	0.16051	0.11707
0.10569	0.08654	0.06384
0.10127	0.09228	0.06989
0.36782	0.28809	0.23172
0.16471	0.15862	0.11988
0.19048	0.05838	0.02977
1.86667	1.61717	2.20682
0.0	0.0	0.0
0.08434	0.05169	0.05087
0.0	0.0	0.0
0.1	0.09258	0.05171
0.14679	0.12577	0.0784
0.22727	0.20674	0.17949
0.19444	0.17383	0.12067
0.22727	0.15762	0.07436
0.34091	0.39148	0.31503
0.26471	0.18911	0.14243
0.0625	0.0625	0.0
0.12	0.09548	0.08918
0.07447	0.04357	0.03331
0.44898	0.30282	0.19145
0.58333	0.58153	0.50229
0.24339	0.20395	0.12877
0.10667	0.09075	0.09808
0.23529	0.16761	0.13083
0.29545	0.2148	0.25806
0.06383	0.06383	0.05714
0.20755	0.17406	0.14312
0.36364	0.31573	0.28591
0.07407	0.07407	0.0
0.19608	0.14895	0.08314
0.13725	0.13346	0.12121
0.01408	0.01408	0.02083
0.27586	0.27366	0.23505
0.24339	0.20396	0.14503
0.2	0.1516	0.14286
0.29167	0.375	0.44828
0.53226	0.4131	0.42835
0.04348	0.08696	0.05263
0.02941	0.02276	0.03096
0.0	0.0	0.0
0.2381	0.23962	0.09091
0.28333	0.26262	0.19264
0.30303	0.261	0.18182
0.19403	0.16176	0.12453
0.52273	0.51905	0.48173
0.13725	0.12175	0.13416
1.5	1.4355	2.516
0.0	0.0	0.0
0.03774	0.03165	0.02287
0.0	0.0	0.0
0.36082	0.3013	0.29838
0.23457	0.18598	0.12051
0.18692	0.15618	0.11336
0.30556	0.27196	0.26717
0.18824	0.16812	0.13293
0.33333	0.23667	0.355
0.04545	0.04545	0.06667
0.33333	0.24998	0.2393
0.23529	0.19353	0.043
0.24883	0.23398	0.1842
0.26316	0.2292	0.16853
1.0	0.84329	0.83075
0.11348	0.11805	0.11672
0.02469	0.03704	0.03922
0.26761	0.22035	0.17502
0.28395	0.25527	0.18602
0.07447	0.04357	0.03331
0.26667	0.2344	0.0516
0.18519	0.1577	0.14112
0.18627	0.14737	0.13065
0.36842	0.28141	0.2071
0.17143	0.16529	0.16729
0.03448	0.01779	0.0
0.0	0.0	0.0
0.31667	0.21988	0.21005
0.27559	0.23165	0.19132
0.24	0.2284	0.19526
0.18182	0.18182	0.0
0.14286	0.13087	0.09883
0.36364	0.32255	0.33333
0.41667	0.3914	0.36384
0.28302	0.2763	0.17929
0.06897	0.08231	0.04762
0.41667	0.45654	0.50943
0.0	0.0	0.0
0.11321	0.13694	0.10526
0.33333	0.2304	0.16752
0.15789	0.14813	0.13333
0.2268	0.23545	0.21537
0.31481	0.25507	0.16087
0.20661	0.19595	0.12863
0.22222	0.1517	0.15447
0.36145	0.32764	0.24986
0.14286	0.08602	0.05064
0.30435	0.32398	0.28303
0.43902	0.34698	0.30414
0.24324	0.16914	0.15881
0.16	0.12257	0.06012
0.14286	0.13271	0.12061
0.33333	0.172	0.0
0.48649	0.46295	0.38462
0.31429	0.30783	0.22286
0.33333	0.276	0.301
0.16667	0.16667	0.2
0.19231	0.16914	0.12779
0.23656	0.20047	0.15018
0.08889	0.07311	0.07897
0.15625	0.09878	0.05032
0.15068	0.15289	0.05628
0.19753	0.1581	0.1387
0.18079	0.14944	0.13343
0.8	0.4838	0.66667
0.0	0.0	0.0
0.15385	0.13482	0.1051
0.13333	0.09892	0.06011
0.26316	0.21179	0.17453
1.2	1.3226	1.57
0.125	0.11341	0.10638
0.16393	0.17398	0.09755
0.0	0.0	0.0
1.5	1.4515	1.516
0.34091	0.30205	0.24248
0.26667	0.26667	0.25
0.04545	0.02345	0.0
0.09836	0.07403	0.06137
0.25	0.17257	0.13027
0.10526	0.12395	0.15385
0.34146	0.29898	0.24028
0.33333	0.30644	0.25
0.33803	0.24988	0.15778
0.2	0.17072	0.08371
0.51724	0.46831	0.4
0.30435	0.24265	0.17647
0.8	0.4838	0.66667
0.125	0.0772	0.05518
0.02778	0.02778	0.04
0.10938	0.10938	0.11364
0.3125	0.27485	0.20233
0.08571	0.10046	0.04
0.15909	0.12316	0.1
0.29457	0.2473	0.20717
0.49351	0.37913	0.29032
0.18868	0.20208	0.16314
0.09836	0.09836	0.05128
0.2459	0.22898	0.14556
0.26316	0.19807	0.17206
0.02941	0.02941	0.04167
0.09901	0.08815	0.07926
0.22772	0.20504	0.18868
0.2963	0.28315	0.24476
0.15217	0.12761	0.13234
0.12371	0.11772	0.06154
0.12857	0.11843	0.08258
0.28571	0.22274	0.07527
0.69231	0.69231	0.66667
0.08571	0.09677	0.08696
0.58333	0.543	0.3145
0.07143	0.0811	0.06667
0.18182	0.15995	0.12454
0.03896	0.04022	0.04369
0.12727	0.11378	0.06451
0.1	0.0516	0.0
0.17073	0.14083	0.10669
0.21429	0.19651	0.11592
0.29167	0.33333	0.18893
0.13274	0.10819	0.08145
0.08696	0.05072	0.03015
0.47368	0.51105	0.45393
0.06061	0.06061	0.07692
0.20349	0.18398	0.13043
0.15596	0.14915	0.14385
0.6	0.4516	0.0
0.05797	0.07059	0.05882
0.24893	0.2312	0.19285
0.27273	0.20918	0.1629
0.04348	0.04348	0.0
0.19565	0.1648	0.17587
0.21739	0.21739	0.125
0.36	0.3316	0.3055
0.44444	0.26878	0.4
0.19403	0.14636	0.10845
0.10976	0.09873	0.0862
0.0625	0.05242	0.03333
0.05714	0.05714	0.04545
0.09677	0.07328	0.03731
0.04762	0.02995	0.0
0.21481	0.1534	0.06203
0.32609	0.28681	0.23586
0.2	0.17491	0.11045
0.11364	0.09788	0.08912
0.22059	0.21015	0.21605
0.17695	0.17894	0.12713
0.0	0.0	0.0
0.23214	0.1633	0.16442
0.14286	0.08757	0.11547
0.67925	0.55447	0.45608
0.25758	0.22532	0.17302
0.35294	0.35294	0.23077
0.52	0.45548	0.3405
0.2907	0.18191	0.13802
0.3913	0.29874	0.24421
0.0	0.0	0.0
0.0	0.0	0.0
0.20548	0.19553	0.13268
0.37037	0.27959	0.28571
0.22388	0.15694	0.14553
0.48649	0.47472	0.43759
0.35294	0.28214	0.22235
0.36667	0.37957	0.37026
0.69444	0.66483	0.57562
0.05455	0.03871	0.0
0.18421	0.10907	0.10856
0.27103	0.2463	0.18536
0.60606	0.50974	0.42635
0.0	0.0	0.0
0.61905	0.63133	0.46488
0.05556	0.03763	0.02632
0.14706	0.13376	0.09091
0.0	0.0	0.0
0.08333	0.08333	0.05882
0.25352	0.16856	0.18187
0.17157	0.15765	0.08996
0.14286	0.13363	0.12432
0.22892	0.19704	0.18278
0.1875	0.1875	0.16667
0.12698	0.09216	0.06667
0.28431	0.22927	0.21289
0.15873	0.1536	0.07895
0.23457	0.19593	0.17383
0.21192	0.16555	0.16671
0.07792	0.06535	0.06452
0.29412	0.28349	0.21469
0.09756	0.09756	0.07692
0.35484	0.28097	0.30876
0.07692	0.04652	0.05556
0.24848	0.15288	0.06549
0.09091	0.09091	0.0
0.23256	0.17103	0.10682
0.23611	0.20699	0.16698
0.0625	0.04334	0.04608
0.16667	0.13852	0.06325
0.09091	0.07624	0.0547
0.76923	0.70469	0.77012
0.45161	0.40218	0.34758
1.2	0.8838	0.828
0.24138	0.17131	0.11547
0.10417	0.084	0.06129
0.61905	0.71429	0.39088
0.45455	0.39087	0.3896
0.39286	0.32371	0.30805
0.01923	0.00992	0.0
0.33333	0.26294	0.18652
0.02857	0.02857	0.0
0.36842	0.32711	0.25018
0.25373	0.16682	0.14333
0.04255	0.03226	0.02857
0.5	0.5	1.0
0.25806	0.13006	0.14165
0.2967	0.201	0.17563
0.77778	0.34767	0.40317
0.24444	0.22867	0.11342
0.11864	0.11263	0.03494
0.26042	0.25134	0.23763
0.81356	0.79278	0.77854
0.2439	0.17957	0.14468
0.45161	0.436	0.38095
0.2931	0.2269	0.20118
0.16867	0.16867	0.16327
0.35897	0.354	0.36639
0.20472	0.17653	0.12562
0.2	0.0942	0.12526
0.16	0.07313	0.02991
0.20755	0.20511	0.12544
0.40404	0.29943	0.26848
0.24286	0.21244	0.16494
0.22222	0.16488	0.13431
0.5	0.40769	0.34064
0.5	0.39416	0.35923
0.17757	0.17787	0.12211
0.19149	0.12353	0.11797
0.07143	0.129	0.14286
0.42	0.4387	0.36842
0.25926	0.2963	0.33803
0.16667	0.086	0.0
0.0	0.0	0.0
0.34118	0.35102	0.2645
0.69231	0.69231	0.66667
0.8	0.4838	0.66667
0.17	0.11582	0.07511
0.46078	0.43674	0.31576
0.21008	0.18758	0.14897
0.28261	0.21283	0.15705
0.29139	0.24203	0.20345
0.09722	0.05421	0.0466
0.14085	0.1313	0.04117
0.2	0.2	0.21429
0.5	0.38712	0.542
0.25287	0.24323	0.227
0.54545	0.41933	0.35482
0.31707	0.25098	0.26698
0.05556	0.04211	0.0
0.44118	0.44118	0.44444
0.66667	0.46667	0.32845
0.17742	0.1422	0.12117
0.2069	0.16907	0.15395
0.16667	0.14148	0.10008
0.24528	0.13572	0.16035
0.28205	0.2961	0.16667
0.3913	0.29406	0.31276
0.17241	0.19244	0.18227
0.05	0.05	0.07692
0.21053	0.17826	0.14919
0.09589	0.06893	0.05818
0.3038	0.25057	0.23525
0.25	0.2242	0.20349
0.3	0.2323	0.05383
0.10345	0.08676	0.04348
0.10145	0.0762	0.0625
0.29333	0.2258	0.23502
0.35	0.3274	0.18195
0.57576	0.48779	0.45032
0.19048	0.1521	0.24569
0.41667	0.36825	0.2903
0.19048	0.11367	0.04783
0.38	0.30902	0.25077
0.16667	0.11598	0.10122
0.05882	0.05882	0.0
0.12644	0.08676	0.05395
0.1954	0.14685	0.14629
0.13636	0.18182	0.125
0.60145	0.54488	0.44685
0.12281	0.06847	0.08972
0.25	0.18548	0.17707
0.21311	0.22898	0.13413
0.33333	0.30356	0.25807
0.0566	0.04747	0.0
0.11236	0.09315	0.04839
0.24324	0.24324	0.15385
0.19355	0.16545	0.12532
0.17188	0.14667	0.16495
0.24719	0.2113	0.16545
0.16129	0.1821	0.18225
0.125	0.16531	0.12121
0.48	0.48	0.44737
0.0	0.0	0.0
0.25	0.23117	0.11538
0.20755	0.14242	0.07846
0.02778	0.01433	0.0
0.58333	0.56989	0.54
0.18293	0.16129	0.15236
0.18182	0.21349	0.13889
0.15385	0.12779	0.07146
0.13333	0.11022	0.07941
0.52	0.41804	0.3125
0.56627	0.47339	0.40351
0.06667	0.05591	0.05228
0.36364	0.36364	0.129
0.23529	0.23529	0.07692
0.38596	0.31861	0.32056
0.10569	0.07999	0.06561
0.23256	0.21005	0.16726
0.28571	0.27186	0.0
0.22222	0.15056	0.10818
0.0	0.0	0.0
0.43939	0.39297	0.30107
0.11111	0.11111	0.0
0.0	0.0	0.0
0.21569	0.2062	0.13889
0.21875	0.17641	0.13604
0.25	0.19413	0.19016
0.3	0.2387	0.14398
0.45545	0.3906	0.30727
0.11765	0.10816	0.09091
0.25	0.24317	0.23226
0.0	0.0	0.0
0.31429	0.29309	0.24486
0.21739	0.19635	0.08676
0.11111	0.11111	0.2
0.4717	0.47962	0.42489
0.0	0.0	0.0
0.29268	0.26985	0.19814
0.04878	0.06688	0.03448
0.15152	0.15786	0.12536
0.12766	0.12628	0.07786
0.27778	0.27733	0.33415
0.11538	0.09512	0.05583
1.83333	1.5376	2.10241
0.27273	0.25586	0.24349
0.28947	0.24447	0.27915
0.22222	0.17562	0.16961
0.15094	0.15581	0.11342
0.225	0.23385	0.19635
0.45536	0.38076	0.35572
0.25424	0.27283	0.19505
0.29245	0.28697	0.22178
0.16981	0.14181	0.11828
0.16129	0.10197	0.02688
0.02703	0.01395	0.0
0.31579	0.21389	0.129
1.22059	1.1366	0.90518
0.38095	0.29742	0.29143
0.03125	0.0625	0.04348
0.18519	0.16248	0.01759
0.21053	0.18082	0.14765
0.18182	0.13879	0.09823
0.27119	0.25807	0.24269
0.28177	0.26608	0.20311
0.03571	0.03571	0.0
0.375	0.37398	0.3125
0.14286	0.13652	0.11892
0.41096	0.38134	0.32258
0.23529	0.22106	0.19032
0.26984	0.24219	0.22657
0.36522	0.34726	0.30008
0.18605	0.16092	0.12847
0.05952	0.06912	0.05085
0.17431	0.18023	0.1682
0.34694	0.30349	0.24953
0.50459	0.37438	0.29987
0.45	0.3758	0.29493
0.46154	0.36723	0.362
0.15152	0.12756	0.07778
0.17647	0.16506	0.16127
0.08955	0.0804	0.08953
0.23333	0.1645	0.18586
0.26087	0.24578	0.21773
0.5	0.48117	0.1915
0.20364	0.17313	0.12468
0.5	0.4258	0.32257
0.10345	0.099	0.05263
0.40816	0.36996	0.27515
0.35	0.3113	0.25808
0.47368	0.42614	0.40598
0.04762	0.086	0.06667
0.37179	0.2779	0.21548
0.35714	0.28225	0.22939
0.22222	0.32256	0.27186
0.52703	0.45728	0.34535
0.14286	0.129	0.0
0.35583	0.32574	0.30389
0.07692	0.07692	0.0
0.32743	0.29289	0.19143
0.33333	0.37037	0.22727
0.07692	0.03969	0.0
0.0	0.0	0.0
0.22564	0.17782	0.15632
0.08642	0.09279	0.05915
0.19718	0.1681	0.14375
0.26087	0.20897	0.21316
0.17143	0.20274	0.11662
0.40984	0.33475	0.28445
0.08209	0.08787	0.05715
0.14286	0.16087	0.08521
0.05882	0.05661	0.06842
0.26667	0.17847	0.21144
0.14815	0.10993	0.02778
0.0	0.0	0.0
0.51852	0.36556	0.32256
0.01887	0.00974	0.0
0.2963	0.30705	0.29412
0.34286	0.31797	0.32516
0.0	0.0	0.0
0.17213	0.14885	0.09227
0.15385	0.14392	0.11111
0.28205	0.23158	0.19752
0.08571	0.09309	0.04545
0.22222	0.20878	0.125
0.57812	0.47681	0.44333
0.18023	0.14759	0.10743
0.19149	0.15236	0.16667
0.17857	0.197	0.26316
0.16667	0.13978	0.02345
1.0	0.516	0.903
0.23944	0.22854	0.14231
0.08621	0.05672	0.04435
0.16964	0.13881	0.12339
0.38542	0.3975	0.37953
0.20732	0.18921	0.12744
0.24096	0.24096	0.26531
0.27778	0.27061	0.4
0.12745	0.11512	0.10507
0.03846	0.03846	0.05263
0.84615	0.47892	0.5258
0.0	0.0	0.0
0.21739	0.14237	0.10788
0.31579	0.23428	0.17206
0.13208	0.10468	0.03448
0.11364	0.09384	0.05914
0.26606	0.15685	0.12766
0.0	0.0	0.0
0.24468	0.21448	0.16774
0.08333	0.08333	0.0
0.15385	0.15385	0.11111
0.1	0.1	0.0
0.125	0.10483	0.05882
0.06061	0.06647	0.04762
0.10204	0.0948	0.0625
0.19231	0.16996	0.14229
0.14667	0.14021	0.0625
0.28169	0.20444	0.18804
0.19355	0.14984	0.05376
0.54545	0.47115	0.51613
0.34483	0.34483	0.22222
0.275	0.26613	0.12067
0.06977	0.07877	0.04594
0.29661	0.24138	0.19727
0.0	0.0	0.0
0.25714	0.26406	0.22324
0.24	0.24096	0.18975
0.0	0.0	0.0
0.09877	0.08363	0.04047
0.5	0.40458	0.38927
0.16667	0.09383	0.01612
0.17969	0.13659	0.1308
0.24603	0.21606	0.11076
0.22989	0.19577	0.17795
0.4127	0.41629	0.37349
0.1519	0.14658	0.07341
0.0	0.0	0.0
0.84615	0.59062	0.50686
0.04478	0.04501	0.03261
0.18797	0.15232	0.10322
0.33333	0.2715	0.22327
0.17801	0.16771	0.14413
0.20833	0.2116	0.18269
0.18868	0.13875	0.09154
0.32911	0.25642	0.21338
0.25773	0.23977	0.18462
0.57143	0.63586	0.742
0.27879	0.22952	0.15803
0.19048	0.17357	0.13885
0.24528	0.25623	0.21994
0.15596	0.16661	0.15361
0.38	0.29484	0.28025
0.14679	0.12993	0.10859
0.16176	0.16508	0.13284
0.12727	0.08973	0.06272
0.10526	0.05432	0.08333
0.2	0.2129	0.17971
0.0	0.0	0.0
0.42105	0.42105	0.35714
0.075	0.075	0.07143
0.61111	0.44628	0.45455
0.13043	0.09257	0.08064
0.0	0.0	0.0
0.15909	0.10191	0.07604
0.20779	0.17846	0.15691
0.08451	0.08451	0.06122
0.43902	0.41461	0.25431
0.46154	0.29031	0.22411
0.28571	0.23271	0.16743
0.34756	0.30035	0.25551
0.33333	0.33871	0.19165
0.27	0.2	0.13403
0.30488	0.20535	0.12733
0.13953	0.09077	0.04193
0.09524	0.07935	0.07577
0.13333	0.11684	0.13306
0.18841	0.16877	0.05507
0.14286	0.14286	0.0
0.27778	0.25894	0.17857
0.2125	0.14798	0.09806
0.24528	0.26415	0.20588
0.0	0.0	0.0
0.0	0.0	0.0
0.02564	0.02564	0.04167
0.92754	0.90977	0.93878
0.22222	0.22222	0.2
0.15385	0.21338	0.23788
0.36923	0.31512	0.28571
0.18182	0.17302	0.2
0.17949	0.18774	0.10714
0.2809	0.28996	0.24904
0.16667	0.086	0.0
0.09677	0.0411	0.04758
0.30263	0.25341	0.21004
0.28125	0.28125	0.15385
0.15116	0.08964	0.0442
0.21429	0.14227	0.16497
0.53333	0.49247	0.59139
0.22995	0.17974	0.13464
0.25397	0.22375	0.10805
0.06667	0.05591	0.05053
0.04545	0.02345	0.03969
0.02778	0.02778	0.05
0.18367	0.13494	0.07962
0.1	0.1	0.06667
0.5	0.47282	0.28358
0.10256	0.07774	0.07692
0.03448	0.01779	0.0
0.12941	0.10512	0.11436
0.2	0.10213	0.11981
0.07143	0.07143	0.04545
0.12069	0.07841	0.0758
0.2	0.19677	0.19048
0.66667	0.55917	0.45614
0.41667	0.38439	0.33288
0.33981	0.32758	0.29363
0.0	0.0	0.0
0.6	0.3548	0.4935
0.23288	0.23818	0.17302
0.31707	0.27968	0.19439
0.16667	0.16667	0.2
0.18325	0.17125	0.14823
1.19118	1.19118	1.0
0.25	0.23065	0.1884
0.06349	0.04403	0.00561
0.07937	0.06144	0.04485
0.2	0.2	0.14286
0.6	0.62857	0.625
0.09804	0.08855	0.06061
0.20192	0.18285	0.19961
0.21186	0.18507	0.12984
0.32075	0.25442	0.18157
0.16667	0.12473	0.11877
0.73333	0.48387	0.5355
0.18824	0.19431	0.11111
0.50943	0.49726	0.39374
0.36667	0.46667	0.52174
0.14286	0.11337	0.09091
0.25714	0.23594	0.20086
0.0	0.0	0.0
0.0	0.0	0.0
0.7	0.6726	0.5
0.17241	0.13459	0.06989
0.20261	0.18679	0.12934
0.22059	0.19544	0.12029
0.15238	0.149	0.11334
0.11688	0.09174	0.07331
0.53846	0.464	0.496
0.1746	0.1193	0.08755
0.23313	0.19354	0.17696
0.11364	0.07991	0.05914
0.06061	0.06061	0.05
0.25	0.1508	0.09796
0.26744	0.20329	0.14648
0.32727	0.26744	0.24791
0.2844	0.26517	0.19446
0.32051	0.26756	0.19757
0.14286	0.11289	0.06272
0.53333	0.2882	0.25227
0.0	0.0	0.0
0.17742	0.16181	0.12609
0.64286	0.5875	0.56686
0.1	0.1	0.05882
0.0	0.0	0.0
0.36559	0.35588	0.32259
0.04762	0.086	0.06667
0.37931	0.37931	0.5
0.18293	0.09167	0.0747
0.55556	0.42294	0.35486
0.28713	0.26285	0.22027
0.13636	0.13636	0.11111
0.13462	0.10112	0.08333
0.05769	0.02667	0.03068
0.28571	0.17514	0.2452
0.2	0.14475	0.13585
0.11475	0.09466	0.07692
0.31579	0.20374	0.26729
0.12346	0.10911	0.08602
0.0	0.0	0.0
0.31579	0.19016	0.24657
0.25	0.22905	0.2
0.35714	0.41471	0.28114
0.15385	0.1675	0.17647
0.21739	0.17559	0.15939
0.22807	0.14091	0.09947
0.1	0.1	0.0
0.15385	0.11463	0.04762
0.17857	0.12845	0.0952
0.2037	0.16338	0.14112
0.09836	0.06293	0.03972
0.0625	0.0625	0.06452
0.17526	0.15031	0.10086
0.25	0.16844	0.12516
0.6875	0.51006	0.37536
0.71795	0.61456	0.59484
0.29193	0.27909	0.25284
0.27778	0.22044	0.14932
0.23684	0.24024	0.12531
0.41379	0.3971	0.3
0.22549	0.20888	0.18332
0.29	0.24098	0.17511
0.58974	0.48056	0.57936
0.30147	0.30123	0.24798
0.08	0.06064	0.03261
0.73333	0.73333	0.7
0.11594	0.09022	0.04628
0.2619	0.26036	0.12997
0.13208	0.12964	0.09767
0.25	0.24968	0.20763
0.31818	0.29545	0.24947
0.59259	0.68337	0.7
0.13376	0.0832	0.07695
1.0	0.758	0.7548
0.05882	0.05882	0.04545
0.39655	0.3604	0.35832
0.1875	0.15994	0.05483
0.025	0.03388	0.05646
0.70588	0.64894	0.63708
0.16667	0.13404	0.1129
0.16364	0.13489	0.16667
0.21053	0.18505	0.125
0.40278	0.35125	0.35693
0.10101	0.06484	0.04008
0.19048	0.19048	0.16667
0.0	0.0	0.0
0.58333	0.55752	0.50037
0.17647	0.08824	0.07392
0.18033	0.18456	0.12429
0.3	0.24623	0.149
0.54054	0.52746	0.48138
0.27778	0.17385	0.13074
0.25225	0.22348	0.18055
0.13115	0.0928	0.05465
0.0	0.0	0.0
1.0	1.0	1.0
0.18033	0.14438	0.13158
0.13208	0.14485	0.13564
0.54839	0.52861	0.51253
0.20325	0.17938	0.13877
0.07273	0.05924	0.02778
0.22973	0.21512	0.15465
0.16279	0.09828	0.04181
1.0	1.102	0.9224
0.2037	0.15711	0.10167
0.11207	0.099	0.08362
0.05	0.01775	0.00956
0.28205	0.24482	0.09677
0.14286	0.12749	0.09462
0.17582	0.16484	0.07562
0.15493	0.1522	0.07481
0.26087	0.17369	0.12574
0.76642	0.72426	0.72285
0.24138	0.22579	0.15805
0.27059	0.23833	0.18644
0.35985	0.28543	0.25901
0.28333	0.21613	0.24444
0.10577	0.08343	0.04791
0.44444	0.35122	0.043
0.10127	0.09677	0.06627
0.11321	0.10408	0.10526
0.58824	0.55597	0.46064
0.2093	0.15828	0.16431
0.13043	0.07854	0.06555
0.42857	0.35714	0.1258
0.425	0.425	0.41379
0.22892	0.21142	0.16656
0.42857	0.42857	0.33333
0.2963	0.25807	0.28571
0.1	0.15	0.125
0.33333	0.23833	0.08209
0.125	0.14112	0.14286
0.33333	0.32258	0.20276
0.10526	0.07979	0.07692
0.28571	0.28571	0.25
0.24528	0.23796	0.21994
0.25	0.23034	0.2107
0.34921	0.2427	0.2304
0.21739	0.21739	0.125
0.15686	0.11955	0.04134
0.17544	0.1794	0.17624
0.20833	0.17728	0.12236
0.45161	0.45161	0.5
0.46341	0.38237	0.30646
0.17361	0.15165	0.13354
0.21053	0.146	0.21338
0.09091	0.09091	0.05556
0.22222	0.17791	0.14591
0.16993	0.1596	0.11632
0.0	0.0	0.0
0.26316	0.23768	0.27046
0.1087	0.0831	0.02274
0.02679	0.01814	0.0125
0.10606	0.08944	0.05777
0.41538	0.32902	0.29031
0.32353	0.26185	0.209
0.44444	0.38711	0.301
0.2963	0.2963	0.30303
0.13821	0.10595	0.07666
0.43478	0.39409	0.305
0.0	0.0	0.0
0.33333	0.22441	0.14094
0.26316	0.23768	0.23077
0.25424	0.15034	0.14855
0.41611	0.3347	0.30451
0.16949	0.14325	0.11779
0.21429	0.15436	0.129
0.37931	0.307	0.23757
0.59259	0.59856	0.5791
0.5	0.45275	0.38518
0.42857	0.42481	0.38298
0.19231	0.19231	0.23529
0.0	0.0	0.0
0.175	0.13548	0.1
0.29474	0.26214	0.2258
0.49505	0.48834	0.45902
0.33981	0.32321	0.27709
0.28718	0.23555	0.17915
0.85714	0.39629	0.34675
0.0303	0.0303	0.02174
0.45455	0.36945	0.30414
0.21053	0.146	0.23271
0.07843	0.04047	0.0
0.53846	0.50123	0.44362
0.38462	0.37882	0.28303
1.0	1.0	1.0
0.54348	0.38289	0.26197
0.03571	0.01382	0.01843
0.18692	0.14921	0.09966
0.38182	0.30324	0.33089
0.29323	0.25345	0.14069
0.46667	0.31613	0.4097
0.58696	0.47548	0.42938
0.21552	0.21051	0.14341
0.125	0.10311	0.05806
0.22222	0.21936	0.16129
0.15152	0.16187	0.14516
0.33333	0.3167	0.23511
0.11628	0.06827	0.03961
0.2381	0.2381	0.26667
0.16279	0.11702	0.10988
0.52778	0.55556	0.52071
0.13889	0.12186	0.125
0.26389	0.24103	0.19684
0.1828	0.11654	0.08176
0.14754	0.13061	0.10465
0.5	0.5	0.4
0.33898	0.28047	0.25652
0.05263	0.05263	0.07692
0.0	0.0	0.0
0.27273	0.27062	0.21849
0.31169	0.30623	0.24434
0.28205	0.18859	0.19125
0.21053	0.16807	0.12195
0.02381	0.02381	0.0
0.0	0.0	0.0
0.3	0.25482	0.2081
0.31111	0.27382	0.13839
0.15517	0.13041	0.1129
0.03846	0.03846	0.0
0.2	0.2	0.21429
0.24561	0.16637	0.12824
0.29213	0.19935	0.17058
0.26623	0.14642	0.11838
0.21605	0.19912	0.14386
0.15068	0.15068	0.08511
0.58824	0.49529	0.4259
0.0	0.0	0.0
0.27586	0.17629	0.17147
0.22378	0.17572	0.15276
0.69231	0.69231	0.77778
0.22222	0.32256	0.27186
0.17391	0.15987	0.13506
0.48276	0.40266	0.31377
0.05	0.05	0.07692
0.37615	0.33085	0.25344
0.15152	0.15152	0.08696
0.35849	0.35849	0.36364
0.13953	0.07877	0.04838
0.12766	0.08476	0.05913
0.22222	0.08422	0.08333
0.28571	0.207	0.13778
0.40698	0.38597	0.37037
0.13333	0.13333	0.08696
0.28	0.20514	0.13526
0.04938	0.04262	0.0625
0.20792	0.18971	0.19497
0.07826	0.07181	0.03614
0.0	0.0	0.0
0.12903	0.08742	0.0599
0.28	0.24004	0.23942
0.09091	0.09091	0.0
0.23913	0.223	0.13889
0.78205	0.65881	0.63966
0.31915	0.31502	0.30947
0.59259	0.49224	0.45335
0.15909	0.13416	0.08525
0.28571	0.19047	0.1953
0.25	0.19108	0.16497
0.51163	0.34021	0.33786
0.32609	0.30013	0.20789
0.2963	0.2963	0.15
0.45902	0.35749	0.33577
0.26582	0.26582	0.23636
0.35135	0.22319	0.23077
0.33333	0.30561	0.22222
0.12712	0.08309	0.03855
0.28571	0.27419	0.23077
0.52778	0.52643	0.49847
0.20183	0.16366	0.1235
0.28571	0.20276	0.17853
0.54717	0.43642	0.28451
0.26471	0.29221	0.31579
0.12757	0.1123	0.09127
0.04688	0.04688	0.02564
0.2	0.20107	0.13636
0.03191	0.03191	0.0303
0.0625	0.0625	0.09091
0.12281	0.13865	0.09112
0.22124	0.18527	0.16685
0.31169	0.28655	0.23656
0.15625	0.11694	0.1321
0.28125	0.19756	0.17886
2.5	2.3385	3.516
1.2	1.284	1.59167
0.26	0.20516	0.15322
0.22078	0.2346	0.16494
0.11765	0.09012	0.08128
0.10526	0.10866	0.09408
0.32	0.30192	0.15559
0.10526	0.06281	0.02273
0.10317	0.08831	0.04081
0.125	0.08358	0.07217
0.09091	0.06842	0.0599
0.13	0.11419	0.08192
0.15385	0.12371	0.09729
0.16438	0.14008	0.11015
0.07619	0.07005	0.06729
0.20611	0.14824	0.10466
0.30556	0.41039	0.43893
0.07547	0.06634	0.04211
0.7	0.4613	0.41933
0.10345	0.10345	0.08333
0.21978	0.2017	0.12544
0.17431	0.1379	0.10484
0.8	0.4838	0.66667
0.13187	0.12903	0.06557
0.11881	0.1121	0.07087
0.15385	0.13697	0.11273
0.06061	0.04594	0.03846
0.27027	0.20924	0.17742
0.15714	0.16451	0.15168
0.28571	0.25114	0.0
0.3038	0.31644	0.17297
0.25	0.23925	0.3145
0.07407	0.10633	0.06667
0.15657	0.14238	0.12607
0.34211	0.28747	0.21584
0.05769	0.04094	0.00315
0.25	0.22567	0.16602
0.08791	0.11486	0.08224
0.33929	0.27908	0.18382
0.2	0.14324	0.10526
0.36667	0.32688	0.26116
0.14286	0.07371	0.0516
0.3617	0.33423	0.29031
0.10112	0.08916	0.08406
0.30732	0.23713	0.18421
0.92	0.83616	0.67567
0.16471	0.14762	0.14683
0.19512	0.21637	0.20039
0.21053	0.16978	0.12701
0.625	0.41125	0.18817
0.36842	0.33616	0.27915
0.42857	0.30876	0.24193
0.08571	0.05069	0.01032
0.375	0.32123	0.26979
0.11429	0.09216	0.04348
0.13924	0.10004	0.0856
1.0	0.7612	0.96767
0.04	0.04	0.05714
0.08696	0.08696	0.09677
0.32857	0.29493	0.18322
0.34746	0.3007	0.29848
0.23529	0.15182	0.07692
0.04545	0.02345	0.03969
0.27885	0.2275	0.16174
0.425	0.425	0.38462
0.18478	0.1711	0.13911
0.25	0.19219	0.18894
0.12121	0.10655	0.10939
0.10256	0.07197	0.05532
0.15	0.14395	0.06897
0.15476	0.10676	0.11736
0.28662	0.21203	0.19691
0.10185	0.07556	0.03871
0.21053	0.13411	0.21657
0.10638	0.07481	0.05228
0.2963	0.30944	0.26316
0.18386	0.16635	0.11109
0.18803	0.15991	0.12619
0.68919	0.65605	0.62963
0.23404	0.22579	0.24242
0.2	0.18157	0.12573
0.02564	0.01323	0.0
0.30556	0.28225	0.19247
0.13889	0.1595	0.16667
0.26667	0.2344	0.18387
0.0	0.0	0.0
0.1371	0.13215	0.09344
0.0	0.0	0.0
0.15094	0.11138	0.12903
0.08955	0.0544	0.02831
0.2549	0.24543	0.1587
0.19608	0.16698	0.14733
0.42857	0.39077	0.32733
0.33333	0.2288	0.15789
0.20172	0.19493	0.15131
0.17188	0.09072	0.09749
0.16867	0.15196	0.08855
0.15385	0.15385	0.1
0.12791	0.11141	0.08546
0.11224	0.10237	0.05361
0.19588	0.21482	0.1638
0.3125	0.25603	0.16128
0.22222	0.14067	0.12516
0.47368	0.41595	0.40858
0.2931	0.26864	0.2307
0.15789	0.14516	0.13523
0.20968	0.19198	0.17949
0.1875	0.17675	0.12524
0.25	0.21775	0.13032
0.47222	0.37811	0.25461
0.54545	0.51027	0.40856
0.0	0.0	0.0
0.35115	0.30929	0.20875
0.60465	0.5664	0.51862
0.28696	0.26732	0.22922
0.0	0.0	0.0
0.12195	0.11015	0.09091
0.08333	0.0715	0.03
0.08824	0.05724	0.0185
0.48837	0.41824	0.39049
0.2	0.2	0.0
0.31707	0.24705	0.26326
0.09524	0.11136	0.05344
0.0	0.0	0.0
0.16071	0.13652	0.11429
0.27632	0.235	0.19354
0.02941	0.02941	0.0
0.03846	0.02915	0.02632
0.53333	0.48387	0.4161
0.14545	0.09385	0.04762
0.04762	0.04762	0.07143
0.23377	0.19481	0.14258
0.21569	0.17773	0.0905
0.125	0.11744	0.12245
0.3578	0.32702	0.27106
0.12963	0.14396	0.12903
0.56	0.50192	0.38518
0.13043	0.10051	0.08855
0.18557	0.16662	0.14896
0.12903	0.12903	0.1
0.20339	0.20995	0.16708
0.29787	0.28918	0.22864
0.14894	0.11015	0.0629
0.17857	0.159	0.09524
0.37879	0.33186	0.24424
0.73684	0.67911	0.7
0.36667	0.28173	0.23388
0.23944	0.21307	0.18468
0.45	0.41935	0.41379
0.36709	0.30951	0.27233
0.21014	0.20174	0.17852
0.05286	0.04334	0.03247
0.21472	0.18721	0.16555
0.26667	0.32473	0.08333
0.37838	0.2877	0.19074
0.17073	0.13768	0.11342
0.17647	0.12997	0.07813
0.44	0.36192	0.29885
0.23438	0.24042	0.19356
0.14667	0.09805	0.08432
0.13333	0.1129	0.1085
0.41667	0.37096	0.26612
0.15625	0.15625	0.09091
0.21591	0.21077	0.19246
0.32609	0.27911	0.19463
0.09375	0.0914	0.09677
0.25806	0.24035	0.22727
0.0	0.0	0.0
0.31522	0.25525	0.17848
0.23529	0.19687	0.21967
0.18367	0.16282	0.10875
0.13816	0.13667	0.08571
0.14504	0.13691	0.09641
0.21053	0.21053	0.13333
0.31034	0.26252	0.15976
0.27717	0.24017	0.18861
0.12245	0.12245	0.09375
0.05	0.05	0.07692
0.09756	0.06451	0.07604
0.29921	0.22047	0.14953
0.52941	0.36053	0.31992
0.3617	0.30472	0.15465
0.15385	0.15385	0.0
0.25	0.11558	0.14286
0.5	0.44221	0.31118
0.03571	0.03571	0.0
0.17143	0.12257	0.12609
0.5098	0.49177	0.43879
0.74074	0.60394	0.53876
0.08333	0.11692	0.14286
0.02439	0.01259	0.0
0.16667	0.10723	0.08407
0.75	0.75	0.66667
0.22857	0.21613	0.08907
0.05556	0.05556	0.08333
0.8	0.4838	0.66667
1.0	0.7936	1.02167
0.24224	0.20737	0.17136
0.23684	0.17233	0.168
0.15	0.15	0.18519
0.51613	0.487	0.35128
0.08824	0.06375	0.02655
0.16216	0.14646	0.09946
0.27273	0.27273	0.23333
0.53846	0.4615	0.33394
0.37037	0.25807	0.12335
0.12319	0.09934	0.03401
0.33333	0.33333	0.2
0.05128	0.05624	0.01887
0.36667	0.29568	0.214
0.26667	0.2172	0.18817
0.28	0.30256	0.27674
0.19565	0.11922	0.1043
0.05172	0.05172	0.05405
0.41176	0.37188	0.20967
0.03125	0.03125	0.04762
0.14286	0.14286	0.0
0.16667	0.086	0.0
0.07609	0.04066	0.00992
0.26623	0.26623	0.24677
0.17757	0.13719	0.10843
0.10714	0.07835	0.09567
0.2037	0.18369	0.16501
0.38889	0.36828	0.31721
0.08065	0.07284	0.04545
0.22222	0.19354	0.1344
0.44444	0.42174	0.30558
0.0	0.0	0.0
0.04348	0.02243	0.0
0.12766	0.09677	0.03226
0.08824	0.04553	0.02345
0.12903	0.07803	0.09091
0.13793	0.12959	0.11591
0.3	0.21935	0.18817
0.17647	0.18121	0.08481
0.0	0.0	0.0
0.16	0.12644	0.07646
0.25532	0.21413	0.14919
0.01754	0.00453	0.0
0.8	0.4838	0.66667
0.22222	0.18227	0.12828
0.21212	0.19745	0.15
0.2875	0.25564	0.27419
0.24444	0.19927	0.11924
0.33333	0.304	0.24032
0.0	0.0	0.0
0.15094	0.15094	0.13158
0.31034	0.26141	0.2
0.13889	0.10842	0.13636
0.12727	0.12551	0.07444
0.22727	0.22727	0.2
0.16901	0.18263	0.10644
0.22727	0.23166	0.16667
0.12987	0.12987	0.125
0.34568	0.31142	0.28213
0.88235	0.85006	0.76264
0.07143	0.07143	0.09091
0.31429	0.22949	0.209
0.23077	0.17804	0.09932
0.03774	0.03774	0.05263
0.33333	0.31003	0.22464
0.03448	0.01779	0.0
0.23077	0.29777	0.25
0.25	0.25	0.26087
0.4	0.2613	0.14743
0.24691	0.2007	0.13547
0.0	0.0	0.0
0.0625	0.0625	0.0
0.2973	0.204	0.22582
0.03448	0.01779	0.0
0.44444	0.26878	0.4
0.26667	0.07747	0.04109
0.25333	0.16732	0.08856
0.32258	0.19977	0.19213
0.14474	0.12776	0.08904
0.78788	0.78788	0.8
0.10526	0.10526	0.06667
0.19048	0.20738	0.15385
0.075	0.0742	0.07029
0.21302	0.19831	0.15015
0.41304	0.37482	0.34011
0.16234	0.13342	0.08833
0.21918	0.15732	0.098
0.1	0.0258	0.03686
0.11561	0.09379	0.07859
0.14706	0.111	0.10064
0.45	0.23787	0.21863
0.33058	0.27326	0.22654
0.17241	0.17241	0.16667
0.48649	0.43678	0.41374
0.12195	0.09205	0.06823
0.05714	0.05714	0.0
0.5	0.5	0.4
0.24364	0.20457	0.15711
0.2439	0.2439	0.16667
0.22727	0.19282	0.13548
0.05512	0.04648	0.03448
0.4375	0.40725	0.39067
0.0	0.0	0.0
0.33333	0.26641	0.1875
0.31034	0.23524	0.25108
0.02632	0.01358	0.0
0.10714	0.06279	0.03068
0.2766	0.21962	0.12524
0.77778	0.94622	1.16667
0.19277	0.16361	0.11352
0.23457	0.19354	0.11505
0.28261	0.26015	0.26362
0.36	0.27096	0.2129
0.11111	0.06093	0.00645
0.17857	0.16336	0.1304
0.14286	0.15207	0.1
0.17647	0.11322	0.09677
0.19084	0.16006	0.14906
0.11765	0.09676	0.08333
0.03704	0.03704	0.02564
0.32203	0.29798	0.28136
0.18182	0.17009	0.21775
0.81818	0.79182	0.67286
0.19626	0.14049	0.11988
0.04286	0.04286	0.06667
0.35484	0.21176	0.14516
0.64286	0.54379	0.52333
0.46667	0.25593	0.22291
0.91667	1.25	1.1
0.45833	0.40188	0.19556
0.1087	0.07713	0.03559
0.18349	0.153	0.08479
0.13333	0.12593	0.12202
0.12037	0.09796	0.11143
0.18935	0.15537	0.11202
0.21951	0.21951	0.14286
0.0597	0.05248	0.01136
0.26154	0.19404	0.16564
0.15625	0.126	0.09524
0.625	0.508	0.31717
0.15385	0.15385	0.21053
0.23288	0.21916	0.16902
0.23636	0.2082	0.20737
0.10256	0.10132	0.04264
0.38462	0.29777	0.24927
0.41667	0.33547	0.28324
0.15517	0.16017	0.09964
0.06897	0.06897	0.05172
0.04762	0.01229	0.0172
0.10417	0.07627	0.04408
0.2	0.2129	0.12563
0.38889	0.32078	0.34783
0.21053	0.23854	0.14286
0.225	0.2008	0.16409
0.16667	0.16667	0.08333
0.12844	0.11571	0.06103
0.1087	0.09701	0.08235
0.2381	0.17052	0.14286
0.25269	0.23066	0.2212
0.24051	0.18416	0.13268
0.13889	0.13889	0.16667
0.28906	0.25654	0.21587
0.12821	0.10794	0.07506
0.19118	0.15559	0.15154
0.25	0.25	0.2
0.30108	0.30766	0.24217
0.23529	0.23529	0.18182
0.27586	0.29309	0.19441
0.0641	0.06286	0.0339
0.36667	0.23117	0.261
0.0	0.0	0.0
0.09524	0.08371	0.0
0.04348	0.0561	0.05882
0.25352	0.25624	0.10638
0.17822	0.1549	0.14266
0.3	0.21935	0.2715
0.34965	0.32032	0.29032
0.125	0.125	0.16667
0.31313	0.30009	0.21091
0.11364	0.13343	0.11111
0.21277	0.20315	0.14671
0.36559	0.36418	0.28026
0.1875	0.23788	0.28571
0.23404	0.2354	0.17065
0.12329	0.10871	0.07426
0.46429	0.33411	0.37006
0.32143	0.29954	0.31688
0.26316	0.17147	0.15325
0.22222	0.19115	0.15052
0.12	0.10774	0.10264
0.05634	0.04952	0.02
0.34043	0.32255	0.29434
0.27778	0.36111	0.42857
0.20192	0.18796	0.11268
0.06897	0.05617	0.034
0.01266	0.02532	0.01818
0.09565	0.0892	0.06335
0.48571	0.53271	0.46596
0.58333	0.48117	0.3387
0.28302	0.26232	0.22071
0.39394	0.33918	0.32109
0.48	0.45032	0.382
0.48485	0.40664	0.42204
0.16901	0.1572	0.11255
0.8	0.4838	0.66667
0.09375	0.0615	0.07996
0.14286	0.11981	0.0
0.20482	0.17683	0.14408
0.13043	0.13043	0.17647
0.37037	0.26878	0.31015
0.0	0.0	0.0
0.3	0.3129	0.30414
0.06557	0.02961	0.00662
0.13043	0.07888	0.04863
0.42857	0.3825	0.1516
0.0	0.0	0.0
0.06667	0.05053	0.05
0.67188	0.58619	0.55063
0.21429	0.21429	0.16
0.125	0.14919	0.08064
0.31818	0.31159	0.28097
0.09	0.09	0.05714
0.29167	0.25804	0.24665
0.16	0.14796	0.09557
0.21127	0.17355	0.11874
0.23179	0.18264	0.13234
0.12903	0.09832	0.08171
0.53333	0.414	0.32823
0.66667	0.5791	0.53229
0.03571	0.03571	0.0
0.2043	0.18314	0.1464
0.42857	0.42857	0.25
0.43478	0.43478	0.5
0.08642	0.08522	0.03774
0.32203	0.3089	0.22413
0.10345	0.099	0.10239
0.07143	0.07143	0.04255
0.14286	0.10829	0.0
0.52941	0.38426	0.2742
0.21229	0.18436	0.15302
0.4898	0.46478	0.37565
1.5	1.145	1.516
0.125	0.10888	0.04877
0.21053	0.17657	0.14882
0.14	0.11936	0.08244
0.56757	0.40192	0.38855
0.23077	0.23077	0.11765
1.04412	1.0351	0.8578
0.8	0.4838	0.66667
0.51724	0.32369	0.17205
0.30357	0.28648	0.23394
0.08889	0.07813	0.0
0.53846	0.24562	0.26522
0.36667	0.32902	0.26467
0.63043	0.55398	0.53644
0.1	0.1	0.125
0.71429	0.66814	0.4645
0.19355	0.13165	0.07579
0.10577	0.06947	0.06005
0.14062	0.14062	0.14634
0.30233	0.23856	0.14316
0.07576	0.10312	0.08829
0.47059	0.47912	0.51752
0.37037	0.34289	0.22771
0.30263	0.28099	0.23239
0.20492	0.17716	0.15371
0.24138	0.21579	0.05942
0.15385	0.12531	0.11884
0.43421	0.33446	0.243
0.20915	0.14927	0.11606
0.23762	0.21782	0.19513
0.02778	0.02778	0.05
0.25352	0.22717	0.17204
0.14013	0.12061	0.08602
0.21429	0.21429	0.25
0.25532	0.22991	0.14706
0.44444	0.26878	0.4
0.18817	0.17498	0.14719
0.81081	0.67743	0.69004
0.30488	0.30645	0.24869
0.15574	0.12083	0.05665
0.08333	0.08333	0.0
0.25758	0.1735	0.15528
0.71429	0.35943	0.3225
0.51613	0.5151	0.4501
0.08824	0.10721	0.08333
0.08451	0.07951	0.03656
0.18868	0.13268	0.09072
0.25	0.15119	0.2
0.20513	0.20513	0.20833
0.22835	0.19151	0.12763
0.07143	0.07143	0.05556
0.0	0.0	0.0
0.45714	0.25071	0.15982
0.16327	0.12376	0.06753
0.09756	0.09756	0.0
0.15152	0.11827	0.07152
0.1375	0.13145	0.06897
0.13208	0.12294	0.08116
0.0	0.0	0.0
0.1634	0.12207	0.08887
0.11765	0.10151	0.06
0.18391	0.16017	0.10567
0.0	0.0	0.0
0.8	0.671	0.70967
0.8	0.4838	0.66667
0.44444	0.41696	0.3629
0.26994	0.24381	0.18228
0.8	0.4838	0.66667
0.19577	0.14985	0.10502
0.35714	0.35714	0.375
0.14286	0.14286	0.16667
0.05556	0.05556	0.0
0.18519	0.17593	0.14103
0.85714	0.63129	0.621
0.11278	0.0895	0.07299
0.21176	0.20038	0.116
0.0	0.0	0.0
0.13265	0.09743	0.07742
0.21053	0.12395	0.06454
0.15625	0.09072	0.03814
0.02439	0.02439	0.0303
0.08475	0.041	0.03068
0.40816	0.31665	0.21613
0.22	0.19418	0.15152
0.25	0.19324	0.10064
0.10345	0.0901	0.07013
0.20588	0.24382	0.15982
0.06742	0.03552	0.03548
0.23636	0.23813	0.18337
0.23239	0.21694	0.20298
0.07692	0.06451	0.05032
0.07463	0.07318	0.03357
0.24324	0.26678	0.23077
0.24771	0.21722	0.11699
0.39512	0.36365	0.32807
0.28571	0.22938	0.19969
0.13793	0.12179	0.12205
0.22115	0.20378	0.09323
0.23529	0.23529	0.07692
0.30719	0.21736	0.15469
0.10417	0.08602	0.10094
0.23529	0.19418	0.13662
0.10968	0.10156	0.083
0.25641	0.17536	0.08871
0.27273	0.16641	0.19458
0.15	0.1543	0.10918
1.5	1.4355	2.516
0.32353	0.27229	0.19221
0.11111	0.10343	0.08805
0.35	0.20323	0.135
0.04762	0.04762	0.03448
0.41379	0.31148	0.22886
0.28431	0.25522	0.20186
0.14286	0.15122	0.13462
0.26761	0.24625	0.21392
0.35616	0.32478	0.23252
0.14403	0.13182	0.11328
0.13208	0.11321	0.06071
0.0	0.0	0.0
0.04	0.07484	0.05
0.12	0.10064	0.04331
0.36667	0.29463	0.30274
0.5	0.4758	0.43785
0.30137	0.25805	0.19581
0.17391	0.09607	0.07097
0.38462	0.30769	0.18406
0.26667	0.26667	0.25
0.32	0.25548	0.23529
0.08235	0.08311	0.09566
0.38462	0.38462	0.375
0.30769	0.33251	0.2484
0.11111	0.11111	0.0
0.07143	0.06267	0.04545
0.14286	0.2765	0.25
0.2449	0.19618	0.20362
0.21875	0.28025	0.35
0.26144	0.22854	0.21819
0.37273	0.35717	0.32491
0.23404	0.20888	0.14214
0.0	0.0	0.0
0.17708	0.16129	0.11199
0.13333	0.1172	0.0
0.05674	0.05765	0.06186
0.125	0.14112	0.05
0.54545	0.53082	0.22988
0.0	0.0	0.0
0.3871	0.40061	0.31029
0.13043	0.11454	0.09804
0.38462	0.38088	0.32447
0.08108	0.05405	0.04342
0.25806	0.25806	0.2381
0.35135	0.30862	0.33871
0.13861	0.10348	0.11006
0.0	0.0	0.0
0.06452	0.0489	0.04348
0.23577	0.17334	0.13736
0.23457	0.24114	0.22216
0.12844	0.10328	0.04589
0.25	0.21975	0.09091
0.0	0.0	0.0
0.27536	0.18184	0.19424
0.15385	0.15385	0.14286
0.28571	0.28571	0.25
0.55357	0.55645	0.55858
0.1	0.07696	0.04804
0.08824	0.07116	0.06667
0.08333	0.08333	0.0
0.10811	0.06886	0.04167
0.29412	0.21441	0.15207
0.14074	0.14002	0.12516
0.07317	0.07317	0.06452
0.20833	0.21642	0.24733
0.08	0.08	0.0
0.13793	0.109	0.1029
0.34375	0.29334	0.28445
0.28261	0.32363	0.30281
0.13889	0.12754	0.05997
0.55556	0.49911	0.47619
0.14286	0.14286	0.0
0.58824	0.51612	0.4
0.63636	0.53276	0.45676
0.09677	0.08116	0.0
0.05455	0.05455	0.04054
0.29464	0.22752	0.12549
0.16667	0.13373	0.13793
0.06923	0.05707	0.02247
0.24444	0.21433	0.2215
0.03846	0.03846	0.05263
0.76471	0.76471	0.70833
0.24561	0.20656	0.15687
0.1746	0.15924	0.08889
0.19178	0.16129	0.10774
0.07143	0.07143	0.09091
0.14286	0.15161	0.14443
0.07547	0.04808	0.03448
0.83333	0.84767	0.65758
0.42553	0.3967	0.34172
0.43478	0.33237	0.26343
0.12	0.13032	0.11429
0.26531	0.2506	0.20728
0.19277	0.17411	0.16981
0.14493	0.13604	0.12372
0.31731	0.26178	0.17265
0.53846	0.35231	0.39512
0.35714	0.30183	0.21062
0.22222	0.22222	0.2
0.17978	0.16092	0.16746
0.17544	0.18109	0.09679
0.26316	0.219	0.06829
0.275	0.20926	0.16248
0.2	0.2	0.11538
0.75	0.83875	0.5
0.9	0.8161	0.77417
0.28571	0.17971	0.043
0.21277	0.18017	0.13251
0.17391	0.15287	0.0625
0.38136	0.33214	0.24798
0.27778	0.27778	0.23656
0.15758	0.14721	0.10006
0.11111	0.11111	0.14286
0.61538	0.54592	0.5
0.11628	0.10502	0.07407
0.21429	0.21082	0.27778
0.34483	0.34483	0.31747
0.2	0.13225	0.10829
0.2234	0.19491	0.1652
0.08333	0.0814	0.07407
0.13793	0.13793	0.15789
0.05556	0.05556	0.0
0.24	0.17096	0.12633
0.34146	0.26909	0.18177
0.18939	0.19306	0.15123
0.22936	0.2042	0.11659
0.11765	0.11053	0.0625
0.35135	0.30338	0.21878
0.45455	0.41055	0.28225
0.23684	0.18124	0.15339
0.20833	0.16262	0.14193
0.2029	0.19214	0.12771
0.15686	0.14737	0.11429
0.31707	0.30212	0.2774
0.0	0.0	0.0
0.26702	0.23053	0.21987
0.5	0.41304	0.46386
0.65517	0.44048	0.39476
0.57143	0.46543	0.5645
0.29032	0.21435	0.22446
0.05376	0.0614	0.03738
0.5	0.47042	0.2645
0.46939	0.29755	0.26343
0.175	0.13548	0.13333
0.36364	0.31082	0.3495
0.08696	0.07643	0.06667
0.0641	0.03185	0.01923
0.13483	0.09206	0.10169
0.32143	0.24654	0.17383
1.0	0.939	1.1678
0.45455	0.44573	0.33333
0.13793	0.14238	0.09515
0.13793	0.08286	0.03226
0.34783	0.3373	0.28571
0.23256	0.17702	0.15019
0.11765	0.09203	0.05263
0.23853	0.18704	0.1765
0.07692	0.06762	0.05263
0.15385	0.15385	0.1
0.17808	0.12152	0.07854
0.11765	0.09639	0.06284
0.2623	0.24008	0.20968
0.14118	0.09487	0.07331
0.17857	0.15091	0.11182
0.41379	0.36983	0.26164
0.26087	0.22674	0.176
0.36667	0.29677	0.177
0.11111	0.08959	0.06757
0.12821	0.12572	0.06208
0.22807	0.19807	0.14247
0.18182	0.19575	0.10452
0.25926	0.22281	0.18964
0.03333	0.03333	0.04762
0.34375	0.19353	0.1745
0.22414	0.23693	0.18421
0.02703	0.02703	0.03846
0.15556	0.16129	0.16431
0.10227	0.07826	0.05714
0.14706	0.13282	0.11804
0.22807	0.16468	0.17205
0.11765	0.11765	0.09091
0.06977	0.07877	0.04594
0.0	0.0	0.0
0.47826	0.41657	0.29412
0.09211	0.09804	0.07692
0.0	0.0	0.0
1.0	0.94989	1.3292
0.25862	0.27586	0.22266
0.04167	0.0215	0.0
0.325	0.31169	0.34429
0.29167	0.23881	0.22791
0.2973	0.22029	0.23207
0.24	0.1969	0.1358
0.34483	0.25807	0.22044
0.38596	0.33107	0.23963
0.8	0.4838	0.66667
0.0	0.0	0.0
0.38636	0.35923	0.23726
0.25974	0.21952	0.18255
0.12903	0.13526	0.09091
0.35714	0.28284	0.23478
0.32075	0.25745	0.17789
0.18182	0.15982	0.1115
0.27273	0.18475	0.15248
0.13253	0.10028	0.11653
0.31915	0.291	0.21783
0.16514	0.17461	0.1609
0.5	0.3835	0.2927
0.21429	0.20091	0.22642
0.09559	0.07496	0.05931
0.0	0.0	0.0
0.3125	0.30645	0.26
0.11765	0.11765	0.08333
0.20468	0.16902	0.11683
0.71429	0.71429	0.57143
0.63636	0.60409	0.52683
0.29885	0.19355	0.23894
0.29231	0.24565	0.15438
0.1	0.09395	0.08
0.34783	0.36326	0.36494
0.30303	0.24046	0.21541
0.6875	0.65725	0.61289
0.63303	0.49927	0.39937
0.11111	0.08153	0.0
0.18269	0.16408	0.11243
0.12782	0.12321	0.10071
0.06667	0.06667	0.0
0.275	0.25885	0.19635
0.10377	0.12446	0.12
0.30189	0.26962	0.25603
0.31373	0.29727	0.19771
0.09357	0.06754	0.04604
0.15957	0.14721	0.0625
0.31373	0.27261	0.17025
0.09804	0.09233	0.06452
0.32468	0.30373	0.27217
0.14667	0.14667	0.08333
0.14583	0.1297	0.13632
0.34483	0.28184	0.23382
0.10119	0.09005	0.06397
0.42857	0.29843	0.19717
0.0	0.0	0.0
0.0	0.0	0.0
0.04478	0.04478	0.02174
0.16	0.0916	0.01843
0.22826	0.1981	0.18732
0.17347	0.12936	0.10181
0.0	0.0	0.0
0.28571	0.25114	0.21594
0.92308	0.80146	0.8145
0.14286	0.09584	0.08258
0.18072	0.16361	0.14247
0.1	0.15053	0.10526
0.20588	0.1869	0.10167
0.1	0.11493	0.08
0.24138	0.24138	0.21622
0.18571	0.1599	0.10064
0.10256	0.10918	0.07843
0.33333	0.33333	0.0
0.41379	0.32034	0.24341
0.21818	0.17889	0.13133
0.18232	0.18125	0.10806
0.09091	0.04691	0.0
0.5	0.45518	0.38968
0.46667	0.25593	0.20527
0.04839	0.02497	0.0
0.04444	0.04444	0.03448
0.25	0.21532	0.2142
0.1087	0.1157	0.09091
0.13333	0.08063	0.09091
0.18812	0.15394	0.14405
0.22561	0.19885	0.15331
0.10526	0.10526	0.18182
0.20548	0.18249	0.12567
0.38636	0.36436	0.26362
0.175	0.17095	0.14815
0.5	0.478	0.5
0.17647	0.09726	0.02174
0.16129	0.14603	0.13735
0.3913	0.21317	0.27894
0.168	0.14374	0.09602
0.54167	0.53092	0.6
0.19231	0.165	0.13609
0.13793	0.13793	0.15789
0.03704	0.03704	0.04762
0.29032	0.26223	0.27859
0.16667	0.16756	0.11111
0.06509	0.05363	0.0531
0.22222	0.22222	0.16667
0.07692	0.06	0.0492
0.24074	0.22282	0.11541
0.0	0.0	0.0
0.1982	0.18163	0.13919
0.26667	0.2344	0.276
0.12791	0.10165	0.07582
2.0	2.0	2.0
0.14516	0.12955	0.05128
1.5	1.5	1.0
0.1	0.1	0.09524
0.8	0.4904	0.66667
0.20833	0.20429	0.15925
0.375	0.32156	0.25073
0.38889	0.27061	0.29264
0.46	0.37484	0.37397
0.24242	0.13097	0.1129
0.17073	0.13768	0.11342
0.375	0.375	0.375
0.17241	0.17797	0.13514
0.54545	0.47507	0.48516
0.28302	0.2763	0.13947
0.03226	0.03226	0.0
0.0	0.0	0.0
0.17284	0.17921	0.13725
0.70455	0.75218	0.75232
0.5	0.46999	0.39722
0.08929	0.06105	0.08571
0.35294	0.29318	0.23059
