0.06452	0.05879	0.02703
0.38333	0.3473	0.33511
0.05797	0.03693	0.02273
0.28571	0.26802	0.24343
0.10526	0.07172	0.0603
0.10959	0.0866	0.05018
0.1978	0.15455	0.11648
0.0597	0.06596	0.04878
0.02857	0.02166	0.0
0.0495	0.04024	0.03881
0.0	0.0	0.0
0.16418	0.16464	0.15105
0.1125	0.08468	0.09408
0.2	0.1559	0.112
0.07339	0.0509	0.037
0.12069	0.10955	0.11085
0.08065	0.06711	0.02703
0.07407	0.07645	0.05407
0.04274	0.04934	0.06497
0.0678	0.02624	0.01433
0.0	0.0	0.0
0.07447	0.06863	0.07708
0.18868	0.22153	0.18935
0.01351	0.00872	0.0
0.21429	0.19507	0.18502
0.02326	0.01556	0.0
0.07692	0.07195	0.06935
0.18644	0.16675	0.14286
0.2931	0.26417	0.21708
0.10989	0.07975	0.0663
0.43836	0.38219	0.45694
0.10112	0.08662	0.07765
0.0303	0.02492	0.0
0.25234	0.26256	0.28355
0.05263	0.04462	0.01266
0.43548	0.4271	0.34835
0.1791	0.16081	0.15385
0.14851	0.11975	0.07325
0.14103	0.13357	0.09809
0.11667	0.12148	0.11034
0.01471	0.00759	0.0
0.10588	0.08082	0.08312
0.21519	0.19354	0.169
0.26984	0.235	0.18302
0.30345	0.28542	0.26494
0.21212	0.20624	0.21692
0.34483	0.27752	0.21011
0.15254	0.11536	0.094
0.13483	0.12322	0.10368
0.38202	0.36822	0.2455
0.32877	0.32478	0.334
0.07407	0.05296	0.05548
0.12727	0.10995	0.10947
0.36923	0.32058	0.28225
0.11667	0.12148	0.11034
0.328	0.30734	0.27021
0.16949	0.11425	0.11289
0.28319	0.25234	0.1898
0.51613	0.50048	0.42338
0.11765	0.12238	0.09283
0.13483	0.14315	0.15247
0.24051	0.22662	0.25016
0.0	0.0	0.0
0.04839	0.04058	0.02703
0.07895	0.07258	0.09676
0.17647	0.13813	0.12902
0.26866	0.24264	0.25144
0.34921	0.33433	0.25505
0.1383	0.1304	0.12302
0.13095	0.13095	0.11321
0.06542	0.0645	0.04573
0.2931	0.26417	0.21708
0.08791	0.08791	0.07407
0.0	0.0	0.0
0.07558	0.07558	0.06542
0.06742	0.06343	0.03571
0.0	0.0	0.0
0.52055	0.45821	0.44217
0.02381	0.00921	0.01518
0.03759	0.03589	0.01266
0.0	0.0	0.0
0.24176	0.23466	0.23962
0.13559	0.13559	0.11429
0.0	0.0	0.0
0.01639	0.01639	0.02778
0.0	0.0	0.0
0.11765	0.10626	0.09615
0.18987	0.18865	0.15217
0.21154	0.20223	0.16418
0.19048	0.1669	0.14177
0.19663	0.18883	0.1598
0.07353	0.06213	0.0409
0.12871	0.12071	0.13311
0.07692	0.08011	0.06989
0.02899	0.02384	0.02273
0.06742	0.06343	0.03571
0.02381	0.00921	0.01518
0.07059	0.06945	0.05556
0.16814	0.147	0.14164
0.40164	0.41194	0.38967
0.11111	0.09556	0.08063
0.05128	0.05127	0.03693
0.08511	0.08235	0.07325
0.11321	0.14606	0.12484
0.13372	0.14028	0.12571
0.16541	0.1443	0.10085
0.04918	0.04336	0.02778
0.03571	0.0334	0.01012
0.16552	0.14303	0.12394
0.15294	0.13965	0.12963
0.24051	0.21886	0.19074
0.25743	0.25071	0.22525
0.25743	0.24559	0.24576
0.24638	0.25386	0.25
0.09434	0.11198	0.09468
0.24658	0.21342	0.21147
0.14607	0.14788	0.14838
0.14118	0.14004	0.12963
0.29114	0.29114	0.26531
0.07965	0.06622	0.03646
0.17742	0.17065	0.17338
0.0	0.0	0.0
0.25843	0.26856	0.24456
0.1978	0.22047	0.18893
0.1236	0.10927	0.09976
0.13514	0.13686	0.10264
0.46729	0.45884	0.43379
0.05085	0.04264	0.068
0.22414	0.22135	0.1831
0.13433	0.14781	0.12195
0.35172	0.35128	0.3262
0.07576	0.065	0.04435
0.03704	0.01593	0.01548
0.01802	0.01802	0.01538
0.192	0.18426	0.17888
0.05085	0.04264	0.068
0.06849	0.0433	0.03369
0.04918	0.04336	0.02778
0.136	0.12541	0.09509
0.30769	0.28099	0.25418
0.34177	0.31724	0.29886
0.12844	0.10506	0.08112
0.19802	0.17405	0.17203
0.15	0.13588	0.09475
0.36538	0.29898	0.2489
0.21379	0.19799	0.1631
0.11111	0.07526	0.08422
0.13115	0.14066	0.15052
0.10526	0.09889	0.09817
0.30345	0.28452	0.24899
0.03704	0.01593	0.01548
0.01802	0.01802	0.01538
0.0	0.0	0.0
0.30345	0.31386	0.26455
0.17241	0.13208	0.11766
0.03297	0.03509	0.02867
0.02703	0.02848	0.03077
0.24176	0.22579	0.2183
0.16854	0.1649	0.12694
0.13761	0.13761	0.11765
0.1875	0.18145	0.14583
0.08197	0.11131	0.11225
0.31667	0.29193	0.25717
0.02778	0.02807	0.01471
0.1453	0.14144	0.13043
0.01429	0.01429	0.0
0.08989	0.07937	0.07765
0.26154	0.25806	0.2
0.10256	0.09967	0.07515
0.20513	0.19497	0.20018
0.14925	0.13818	0.12821
0.0495	0.04024	0.03881
0.0	0.0	0.0
0.16418	0.16464	0.15105
0.2	0.1559	0.112
0.25234	0.26256	0.28355
0.0678	0.02624	0.01433
0.1978	0.22047	0.18893
0.43548	0.4271	0.34835
0.0597	0.06596	0.04878
0.21519	0.19354	0.169
0.1791	0.16081	0.15385
0.21212	0.20624	0.21692
0.46729	0.45884	0.43379
0.34483	0.27752	0.21011
0.03297	0.03509	0.02867
0.32877	0.32478	0.334
0.15254	0.11536	0.094
0.16541	0.1443	0.10085
0.07407	0.05296	0.05548
0.12727	0.10995	0.10947
0.10959	0.0866	0.05018
0.13483	0.14315	0.15247
0.24176	0.22579	0.2183
0.36923	0.32058	0.28225
0.15294	0.13965	0.12963
0.16949	0.11425	0.11289
0.36538	0.29898	0.2489
0.24051	0.22662	0.25016
0.28319	0.25234	0.1898
0.20513	0.19497	0.20018
0.11667	0.12148	0.11034
0.34921	0.33433	0.25505
0.0	0.0	0.0
0.13761	0.13761	0.11765
0.25743	0.24559	0.24576
0.1875	0.18145	0.14583
0.22414	0.22135	0.1831
0.13433	0.14781	0.12195
0.08197	0.11131	0.11225
0.07895	0.07258	0.09676
0.08791	0.08791	0.07407
0.1453	0.14144	0.13043
0.13095	0.13095	0.11321
0.0	0.0	0.0
0.0	0.0	0.0
0.35172	0.35128	0.3262
0.07558	0.07558	0.06542
0.06742	0.06343	0.03571
0.08989	0.07937	0.07765
0.2931	0.26417	0.21708
0.0	0.0	0.0
0.52055	0.45821	0.44217
0.13559	0.13559	0.11429
0.24658	0.21342	0.21147
0.14607	0.14788	0.14838
0.24176	0.23466	0.23962
0.01639	0.01639	0.02778
0.21379	0.19799	0.1631
0.26154	0.25806	0.2
0.14118	0.14004	0.12963
0.0	0.0	0.0
0.29114	0.29114	0.26531
0.17742	0.17065	0.17338
0.0	0.0	0.0
0.07353	0.06213	0.0409
0.11765	0.10626	0.09615
0.18987	0.18865	0.15217
0.14925	0.13818	0.12821
0.19048	0.1669	0.14177
0.01351	0.00872	0.0
0.30345	0.28452	0.24899
0.06742	0.06343	0.03571
0.02381	0.00921	0.01518
0.14103	0.13357	0.09809
0.19802	0.17405	0.17203
0.38333	0.3473	0.33511
0.1978	0.15455	0.11648
0.03571	0.0334	0.01012
0.328	0.30734	0.27021
0.51613	0.50048	0.42338
0.26866	0.24264	0.25144
0.25743	0.25071	0.22525
0.04839	0.04058	0.02703
0.31667	0.29193	0.25717
0.24638	0.25386	0.25
0.09434	0.11198	0.09468
0.06542	0.0645	0.04573
0.03704	0.01593	0.01548
0.01802	0.01802	0.01538
0.0	0.0	0.0
0.19663	0.18883	0.1598
0.07339	0.0509	0.037
0.12871	0.12071	0.13311
0.1125	0.08468	0.09408
0.12069	0.10955	0.11085
0.08065	0.06711	0.02703
0.13115	0.14066	0.15052
0.10526	0.09889	0.09817
0.07692	0.08011	0.06989
0.07407	0.07645	0.05407
0.02899	0.02384	0.02273
0.04274	0.04934	0.06497
0.07447	0.06863	0.07708
0.21429	0.19507	0.18502
0.18868	0.22153	0.18935
0.0	0.0	0.0
0.02326	0.01556	0.0
0.10112	0.08662	0.07765
0.0303	0.02492	0.0
0.2931	0.26417	0.21708
0.10989	0.07975	0.0663
0.43836	0.38219	0.45694
0.18644	0.16675	0.14286
0.05263	0.04462	0.01266
0.05085	0.04264	0.068
0.03704	0.01593	0.01548
0.01802	0.01802	0.01538
0.0	0.0	0.0
0.06849	0.0433	0.03369
0.25843	0.26856	0.24456
0.04918	0.04336	0.02778
0.30345	0.31386	0.26455
0.07692	0.07195	0.06935
0.136	0.12541	0.09509
0.07059	0.06945	0.05556
0.30769	0.28099	0.25418
0.34177	0.31724	0.29886
0.16814	0.147	0.14164
0.1236	0.10927	0.09976
0.11667	0.12148	0.11034
0.01471	0.00759	0.0
0.10588	0.08082	0.08312
0.26984	0.235	0.18302
0.14851	0.11975	0.07325
0.11111	0.07526	0.08422
0.12844	0.10506	0.08112
0.15	0.13588	0.09475
0.17241	0.13208	0.11766
0.06452	0.05879	0.02703
0.40164	0.41194	0.38967
0.10526	0.07172	0.0603
0.11111	0.09556	0.08063
0.05797	0.03693	0.02273
0.05128	0.05127	0.03693
0.08511	0.08235	0.07325
0.28571	0.26802	0.24343
0.11321	0.14606	0.12484
0.02857	0.02166	0.0
0.13514	0.13686	0.10264
0.30345	0.28542	0.26494
0.13372	0.14028	0.12571
0.13483	0.12322	0.10368
0.38202	0.36822	0.2455
0.05085	0.04264	0.068
0.02703	0.02848	0.03077
0.04918	0.04336	0.02778
0.16552	0.14303	0.12394
0.16854	0.1649	0.12694
0.11765	0.12238	0.09283
0.17647	0.13813	0.12902
0.24051	0.21886	0.19074
0.02778	0.02807	0.01471
0.1383	0.1304	0.12302
0.01429	0.01429	0.0
0.07576	0.065	0.04435
0.03759	0.03589	0.01266
0.02381	0.00921	0.01518
0.192	0.18426	0.17888
0.21154	0.20223	0.16418
0.07965	0.06622	0.03646
0.10256	0.09967	0.07515
0.1125	0.08468	0.09408
0.0	0.0	0.0
0.12871	0.12071	0.13311
0.16418	0.16464	0.15105
0.1978	0.22047	0.18893
0.07407	0.07645	0.05407
0.04274	0.04934	0.06497
0.10526	0.09889	0.09817
0.2	0.1559	0.112
0.07692	0.08011	0.06989
0.07447	0.06863	0.07708
0.21429	0.19507	0.18502
0.30345	0.28452	0.24899
0.03704	0.01593	0.01548
0.01802	0.01802	0.01538
0.10989	0.07975	0.0663
0.18644	0.16675	0.14286
0.0303	0.02492	0.0
0.2931	0.26417	0.21708
0.05085	0.04264	0.068
0.01471	0.00759	0.0
0.21519	0.19354	0.169
0.07059	0.06945	0.05556
0.30345	0.31386	0.26455
0.04918	0.04336	0.02778
0.02381	0.00921	0.01518
0.34177	0.31724	0.29886
0.1236	0.10927	0.09976
0.14103	0.13357	0.09809
0.11111	0.07526	0.08422
0.1791	0.16081	0.15385
0.26984	0.235	0.18302
0.14851	0.11975	0.07325
0.12844	0.10506	0.08112
0.15	0.13588	0.09475
0.17241	0.13208	0.11766
0.40164	0.41194	0.38967
0.1978	0.15455	0.11648
0.11321	0.14606	0.12484
0.28571	0.26802	0.24343
0.05797	0.03693	0.02273
0.08511	0.08235	0.07325
0.02857	0.02166	0.0
0.46729	0.45884	0.43379
0.05128	0.05127	0.03693
0.30345	0.28542	0.26494
0.38202	0.36822	0.2455
0.21212	0.20624	0.21692
0.16541	0.1443	0.10085
0.05085	0.04264	0.068
0.10959	0.0866	0.05018
0.16949	0.11425	0.11289
0.32877	0.32478	0.334
0.15254	0.11536	0.094
0.24176	0.22579	0.2183
0.36923	0.32058	0.28225
0.328	0.30734	0.27021
0.11667	0.12148	0.11034
0.11765	0.12238	0.09283
0.17647	0.13813	0.12902
0.34921	0.33433	0.25505
0.24051	0.21886	0.19074
0.25743	0.25071	0.22525
0.0	0.0	0.0
0.36538	0.29898	0.2489
0.28319	0.25234	0.1898
0.51613	0.50048	0.42338
0.25743	0.24559	0.24576
0.13433	0.14781	0.12195
0.31667	0.29193	0.25717
0.09434	0.11198	0.09468
0.22414	0.22135	0.1831
0.04839	0.04058	0.02703
0.02778	0.02807	0.01471
0.24638	0.25386	0.25
0.07895	0.07258	0.09676
0.08791	0.08791	0.07407
0.2931	0.26417	0.21708
0.13559	0.13559	0.11429
0.0	0.0	0.0
0.0	0.0	0.0
0.07576	0.065	0.04435
0.06542	0.0645	0.04573
0.03704	0.01593	0.01548
0.01802	0.01802	0.01538
0.06742	0.06343	0.03571
0.08989	0.07937	0.07765
0.52055	0.45821	0.44217
0.02381	0.00921	0.01518
0.01639	0.01639	0.02778
0.192	0.18426	0.17888
0.24658	0.21342	0.21147
0.0	0.0	0.0
0.21154	0.20223	0.16418
0.17742	0.17065	0.17338
0.0	0.0	0.0
0.07353	0.06213	0.0409
0.11765	0.10626	0.09615
0.07339	0.0509	0.037
0.12069	0.10955	0.11085
0.13115	0.14066	0.15052
0.25234	0.26256	0.28355
0.05263	0.04462	0.01266
0.30769	0.28099	0.25418
0.38333	0.3473	0.33511
0.02703	0.02848	0.03077
0.24051	0.22662	0.25016
0.16854	0.1649	0.12694
0.13761	0.13761	0.11765
0.35172	0.35128	0.3262
0.14607	0.14788	0.14838
0.02899	0.02384	0.02273
0.0	0.0	0.0
0.02326	0.01556	0.0
0.0678	0.02624	0.01433
0.16814	0.147	0.14164
0.06452	0.05879	0.02703
0.11111	0.09556	0.08063
0.34483	0.27752	0.21011
0.13483	0.14315	0.15247
0.03571	0.0334	0.01012
0.15294	0.13965	0.12963
0.08197	0.11131	0.11225
0.1453	0.14144	0.13043
0.13095	0.13095	0.11321
0.01429	0.01429	0.0
0.03759	0.03589	0.01266
0.0	0.0	0.0
0.24176	0.23466	0.23962
0.21379	0.19799	0.1631
0.26154	0.25806	0.2
0.14118	0.14004	0.12963
0.29114	0.29114	0.26531
0.07965	0.06622	0.03646
0.19663	0.18883	0.1598
0.10256	0.09967	0.07515
0.14925	0.13818	0.12821
0.0495	0.04024	0.03881
0.18868	0.22153	0.18935
0.01351	0.00872	0.0
0.06742	0.06343	0.03571
0.10112	0.08662	0.07765
0.06849	0.0433	0.03369
0.25843	0.26856	0.24456
0.07692	0.07195	0.06935
0.136	0.12541	0.09509
0.43548	0.4271	0.34835
0.11667	0.12148	0.11034
0.10588	0.08082	0.08312
0.19802	0.17405	0.17203
0.10526	0.07172	0.0603
0.13514	0.13686	0.10264
0.13372	0.14028	0.12571
0.12727	0.10995	0.10947
0.26866	0.24264	0.25144
0.1875	0.18145	0.14583
0.19048	0.1669	0.14177
0.08065	0.06711	0.02703
0.43836	0.38219	0.45694
0.0	0.0	0.0
0.0597	0.06596	0.04878
0.13483	0.12322	0.10368
0.03297	0.03509	0.02867
0.07407	0.05296	0.05548
0.04918	0.04336	0.02778
0.16552	0.14303	0.12394
0.20513	0.19497	0.20018
0.1383	0.1304	0.12302
0.07558	0.07558	0.06542
0.0	0.0	0.0
0.18987	0.18865	0.15217
0.0	0.0	0.0
0.27941	0.27226	0.22722
0.3125	0.30341	0.29507
0.17442	0.17442	0.16981
0.2	0.19236	0.16127
0.38095	0.34356	0.32216
0.0	0.0	0.0
0.32203	0.35319	0.36126
0.45614	0.45102	0.45157
0.22581	0.21226	0.19092
0.33824	0.30357	0.25722
0.01639	0.00846	0.0
0.19048	0.18484	0.15789
0.22222	0.18933	0.19768
0.10256	0.10504	0.06317
0.0	0.0	0.0
0.21212	0.18083	0.18145
0.06667	0.07569	0.04348
0.08219	0.06848	0.05326
0.0979	0.08346	0.0626
0.0	0.0	0.0
0.1145	0.11376	0.10256
0.22727	0.22762	0.20175
0.10169	0.08092	0.10483
0.07407	0.05017	0.0233
0.25352	0.25352	0.21951
0.44898	0.42856	0.39021
0.05128	0.04301	0.03093
0.14815	0.14002	0.1143
0.0137	0.00707	0.0
0.20652	0.18933	0.13186
0.13889	0.1494	0.1675
0.29091	0.26333	0.19745
0.67097	0.66991	0.59869
0.0	0.0	0.0
0.21429	0.17318	0.11868
0.0	0.0	0.0
0.09091	0.09091	0.06977
0.42202	0.41431	0.40126
0.28182	0.26393	0.22818
0.09259	0.08243	0.06939
0.05455	0.06685	0.07874
0.29921	0.31115	0.29333
0.00613	0.00475	0.00806
0.21053	0.21053	0.25
0.46154	0.48973	0.44046
0.10714	0.10252	0.05714
0.46296	0.46801	0.46151
0.20896	0.18197	0.17859
0.44231	0.43235	0.41413
0.20635	0.20427	0.14684
0.23596	0.22508	0.21154
0.125	0.09738	0.06656
0.16071	0.144	0.13782
0.28571	0.28571	0.24242
0.24444	0.21253	0.17511
0.08	0.08419	0.08065
0.04717	0.05204	0.05
0.22222	0.1977	0.17594
0.22222	0.21631	0.17453
0.16522	0.15708	0.13889
0.17722	0.17722	0.16667
0.10227	0.10262	0.09265
0.06667	0.0731	0.05296
0.41429	0.34421	0.34864
0.12963	0.07824	0.06735
0.22785	0.16209	0.12096
0.32	0.27525	0.25104
0.18947	0.19319	0.17202
0.22892	0.22502	0.21154
0.48276	0.49162	0.49459
0.19192	0.19026	0.21467
0.20661	0.17755	0.15112
0.2549	0.25108	0.24083
0.23596	0.24319	0.25929
0.32	0.26578	0.17527
0.14	0.12322	0.09677
0.18182	0.16925	0.13043
0.12658	0.11473	0.1143
0.10769	0.07642	0.08767
0.13889	0.1335	0.10237
0.0678	0.06615	0.08333
0.02439	0.0236	0.01408
0.10169	0.08092	0.10483
0.2807	0.23144	0.27076
0.13793	0.16962	0.18709
0.1165	0.12182	0.12297
0.38043	0.35761	0.33047
0.16	0.14451	0.12285
0.32075	0.3186	0.25804
0.08108	0.05709	0.04587
0.17021	0.14206	0.10345
0.03774	0.03774	0.0303
0.0	0.0	0.0
0.21552	0.1888	0.13708
0.19	0.18322	0.15789
0.01818	0.00938	0.00737
0.08861	0.07349	0.0803
0.26087	0.26087	0.2381
0.0	0.0	0.0
0.09524	0.06092	0.02092
0.13869	0.11536	0.07317
0.07042	0.05679	0.04444
0.08434	0.07423	0.06122
0.09302	0.09001	0.10941
0.17045	0.15835	0.15094
0.08633	0.0789	0.05952
0.16883	0.14326	0.127
0.38462	0.39305	0.40361
0.125	0.13485	0.13133
0.39259	0.38398	0.35679
0.15152	0.13652	0.12192
0.03774	0.00974	0.00782
0.05455	0.03929	0.00782
0.09231	0.08585	0.05872
0.38596	0.36556	0.37691
0.04124	0.04124	0.03279
0.31944	0.21008	0.17067
0.09009	0.09009	0.08824
0.30612	0.26955	0.26162
0.30909	0.2956	0.25024
0.31746	0.28722	0.31557
0.15534	0.14375	0.09628
0.09474	0.07469	0.08583
0.14966	0.14987	0.14551
0.20779	0.1839	0.14726
0.32836	0.27633	0.27679
0.08571	0.0788	0.08576
0.10476	0.08294	0.07345
0.0	0.0	0.0
0.1049	0.10151	0.09302
0.11236	0.10909	0.11413
0.52336	0.51129	0.47025
0.43056	0.42337	0.38489
0.12727	0.11142	0.09012
0.22414	0.19019	0.13686
0.14865	0.14995	0.13619
0.24138	0.2041	0.17697
0.02941	0.02941	0.02439
0.12613	0.11682	0.10158
0.08333	0.04247	0.04211
0.28571	0.27707	0.24242
0.32394	0.26986	0.22873
0.21429	0.18534	0.16505
0.12346	0.08641	0.0858
0.39683	0.36916	0.32426
0.06977	0.06864	0.04082
0.38	0.3019	0.27884
0.05882	0.05882	0.04762
0.09722	0.09856	0.08551
0.13986	0.11955	0.09712
0.24615	0.17863	0.14868
0.06557	0.0608	0.07932
0.08621	0.07591	0.05724
0.10811	0.10157	0.09524
0.09483	0.06395	0.03181
0.23158	0.21424	0.19573
0.2973	0.2502	0.2172
0.28378	0.2428	0.2172
0.25758	0.22139	0.20779
0.0	0.0	0.0
0.08108	0.08019	0.08333
0.29464	0.23182	0.21011
0.13095	0.1298	0.13208
0.1039	0.08922	0.03926
0.13115	0.09095	0.073
0.04615	0.0516	0.06285
0.19753	0.16367	0.15188
0.07767	0.05198	0.03226
0.04706	0.04136	0.01961
0.43182	0.41532	0.34767
0.20588	0.16507	0.17151
0.03297	0.03048	0.01786
0.35897	0.35897	0.34783
0.12308	0.07889	0.048
0.02151	0.02046	0.01852
0.14815	0.133	0.13165
0.45679	0.45115	0.40766
0.05357	0.02995	0.01433
0.2844	0.2844	0.25
0.17204	0.13318	0.09796
0.0	0.0	0.0
0.01408	0.01408	0.02222
0.2	0.19148	0.17858
0.03488	0.02513	0.0286
0.32558	0.35594	0.32733
0.36842	0.34009	0.3151
0.19444	0.19444	0.17391
0.24272	0.23739	0.22157
0.16393	0.16921	0.16468
0.03846	0.01654	0.01647
0.32222	0.32077	0.25624
0.02899	0.0243	0.0
0.41818	0.35364	0.27467
0.29126	0.27495	0.25462
0.06154	0.06005	0.02564
0.09032	0.08574	0.06967
0.08974	0.08064	0.05661
0.16176	0.10103	0.07051
0.07143	0.08102	0.09612
0.0	0.0	0.0
0.19	0.1816	0.18613
0.22609	0.21374	0.18559
0.02632	0.00679	0.0
0.14925	0.11699	0.09435
0.10101	0.08731	0.06014
0.21622	0.15561	0.1752
0.12121	0.09529	0.0766
0.02581	0.01727	0.00567
0.20482	0.157	0.14019
0.20833	0.23048	0.25803
0.17391	0.16877	0.14286
0.0625	0.05308	0.04448
0.125	0.06128	0.02064
0.18	0.15612	0.14568
0.2037	0.19233	0.16224
0.0	0.0	0.0
0.95652	0.86674	0.82877
0.07576	0.09091	0.09524
0.0	0.0	0.0
0.09231	0.066	0.073
0.36471	0.35594	0.35286
0.07627	0.06369	0.04021
0.25532	0.1846	0.15119
0.29091	0.26333	0.19745
0.0625	0.05286	0.03907
0.02941	0.02941	0.02326
0.0274	0.0274	0.02273
0.13415	0.13451	0.11546
0.27957	0.28822	0.29806
0.1	0.08644	0.07284
0.04255	0.035	0.01754
0.08219	0.0749	0.05682
0.15493	0.13038	0.07813
0.16923	0.20892	0.22155
0.08929	0.08064	0.05405
0.13333	0.09515	0.07497
0.11828	0.1096	0.09737
0.15842	0.14882	0.13183
0.16667	0.12559	0.10541
0.0	0.0	0.0
0.375	0.36165	0.36177
0.22581	0.19873	0.19529
0.23377	0.20945	0.19074
0.0	0.0	0.0
0.06061	0.06061	0.025
0.24615	0.24018	0.22834
0.0	0.0	0.0
0.31884	0.2973	0.26757
0.0	0.0	0.0
0.15663	0.14729	0.10816
0.20769	0.18956	0.1383
0.30435	0.26296	0.31073
0.25	0.24012	0.23367
0.05263	0.05287	0.03614
0.2549	0.2549	0.23333
0.09574	0.09368	0.09733
0.17442	0.16128	0.15306
0.06579	0.07003	0.09817
0.06173	0.02986	0.01612
0.03774	0.03774	0.0303
0.0	0.0	0.0
0.09859	0.07496	0.03068
0.29126	0.26744	0.26098
0.35366	0.34776	0.33333
0.01235	0.00637	0.0
0.2028	0.2028	0.17857
0.08219	0.04197	0.03296
0.02353	0.01784	0.01961
0.11765	0.08347	0.07906
0.33028	0.31222	0.28743
0.0339	0.01968	0.0
0.42342	0.41759	0.38564
0.21519	0.14903	0.10173
0.22807	0.27105	0.27141
0.0	0.0	0.0
0.1165	0.1165	0.10938
0.19298	0.16693	0.111
0.16216	0.14643	0.125
0.35922	0.32347	0.23669
0.0	0.0	0.0
0.04615	0.04367	0.03951
0.19444	0.16844	0.18652
0.136	0.12954	0.09722
0.05814	0.05251	0.04838
0.20833	0.19444	0.15909
0.2	0.18955	0.16904
0.59155	0.592	0.55319
0.14894	0.13864	0.10345
0.05556	0.04086	0.04032
0.09615	0.05892	0.06158
0.1978	0.19105	0.19863
0.08602	0.07075	0.05513
0.24528	0.24252	0.18872
0.1	0.09314	0.08902
0.56522	0.56522	0.53333
0.00806	0.00728	0.0
0.05155	0.03691	0.01779
0.25352	0.22806	0.15052
0.22807	0.20881	0.17897
0.0	0.0	0.0
0.09649	0.09054	0.0925
0.09524	0.05887	0.0508
0.01695	0.00437	0.0
0.22093	0.20122	0.20359
0.04918	0.04548	0.02632
0.1519	0.1282	0.11872
0.01667	0.0086	0.0
0.54545	0.51902	0.48109
0.08824	0.09107	0.08968
0.31081	0.24104	0.20716
0.16667	0.15889	0.17076
0.38202	0.42946	0.3982
0.21311	0.21469	0.2016
0.05674	0.05101	0.08159
0.19231	0.1861	0.16327
0.15686	0.14798	0.18206
0.16667	0.14217	0.12903
0.22368	0.1808	0.10378
0.44444	0.40603	0.3019
0.07609	0.06766	0.05241
0.06604	0.03742	0.02445
0.03846	0.01944	0.03094
0.12712	0.10332	0.05689
0.15476	0.13901	0.11111
0.08046	0.08341	0.06938
0.28889	0.28994	0.27036
0.12727	0.08562	0.03226
0.05941	0.05941	0.05085
0.04255	0.04255	0.03333
0.05714	0.05161	0.04615
0.09211	0.09634	0.11991
0.41667	0.41832	0.46151
0.30682	0.2936	0.25044
0.25455	0.24633	0.19355
0.06897	0.03559	0.0516
0.15054	0.15054	0.14815
0.39474	0.35057	0.33267
0.23711	0.19587	0.16075
0.04132	0.04372	0.03749
0.0641	0.04549	0.02128
0.18182	0.11826	0.10066
0.20455	0.16566	0.20219
0.28205	0.28492	0.2631
0.21127	0.20807	0.19427
0.07273	0.05982	0.03226
0.29032	0.27521	0.23342
0.26829	0.20533	0.12902
0.24286	0.24374	0.25877
0.17647	0.16848	0.16633
0.16279	0.16279	0.13462
0.30588	0.2736	0.26083
0.23333	0.24873	0.27298
0.30612	0.24884	0.20527
0.01099	0.01099	0.01786
0.375	0.30037	0.27781
0.14062	0.11365	0.10473
0.21687	0.18887	0.15198
0.04762	0.07424	0.12992
0.2807	0.25605	0.22624
0.32468	0.35438	0.38635
0.27941	0.26043	0.20645
0.39286	0.35921	0.33986
0.10435	0.07489	0.05679
0.55556	0.43722	0.33721
0.10185	0.10185	0.08955
0.26374	0.22225	0.2001
0.03077	0.02332	0.025
0.22222	0.16606	0.12218
0.31633	0.28373	0.27887
0.22388	0.22772	0.1559
0.42308	0.43423	0.4593
0.08	0.05354	0.04338
0.29333	0.2688	0.24613
0.21429	0.16205	0.11662
0.09524	0.09165	0.09302
0.15789	0.1675	0.14316
0.17895	0.17895	0.13333
0.0	0.0	0.0
0.2126	0.2136	0.24064
0.05357	0.02995	0.01433
0.08784	0.06364	0.02711
0.16	0.15268	0.13674
0.12121	0.11632	0.07219
0.20619	0.21948	0.23316
0.19608	0.16127	0.10181
0.5614	0.52968	0.52317
0.15584	0.11184	0.09031
0.04	0.03011	0.02621
0.3	0.28322	0.25806
0.02727	0.01759	0.0
0.07407	0.05077	0.01906
0.04545	0.03623	0.02489
0.17391	0.17062	0.12273
0.33721	0.33119	0.34287
0.25882	0.2402	0.23868
0.21805	0.18141	0.148
0.0303	0.03258	0.02224
0.06849	0.06627	0.04762
0.0678	0.08692	0.07584
0.49351	0.54456	0.54763
0.11628	0.11815	0.12245
0.12	0.0903	0.0731
0.04762	0.07576	0.129
0.15116	0.15116	0.13462
0.03636	0.03636	0.0
0.36207	0.35314	0.3243
0.15789	0.15591	0.16176
0.15625	0.12448	0.12241
0.19565	0.16548	0.18874
0.04854	0.05762	0.06703
0.06494	0.05865	0.04444
0.16667	0.15161	0.12959
0.15909	0.13489	0.12658
0.36508	0.3584	0.39178
0.16	0.11311	0.0803
0.15556	0.11791	0.09446
0.18797	0.18723	0.19111
0.13333	0.13145	0.10959
0.1	0.06343	0.07497
0.05	0.02957	0.0
0.25641	0.25517	0.24074
0.06024	0.04469	0.02688
0.02667	0.01376	0.01098
0.03883	0.02599	0.02132
0.08333	0.07392	0.017
0.24675	0.2545	0.23199
0.08485	0.08152	0.05512
0.14815	0.17083	0.15653
0.08642	0.08084	0.05556
0.0177	0.02055	0.01817
0.16	0.10514	0.05053
0.22667	0.20256	0.20177
0.42045	0.39514	0.35422
0.12658	0.0837	0.09282
0.16541	0.14915	0.16052
0.1	0.09785	0.06522
0.02299	0.02299	0.01852
0.74026	0.69436	0.65454
0.23188	0.21832	0.14809
0.04082	0.04081	0.03656
0.04255	0.04255	0.0
0.14085	0.11811	0.09676
0.08421	0.073	0.04032
0.17778	0.18709	0.13793
0.30263	0.26271	0.23676
0.04938	0.04938	0.04
0.18367	0.18367	0.16949
0.20606	0.18668	0.15906
0.10667	0.09805	0.04255
0.42553	0.40834	0.34675
0.08929	0.05011	0.02276
0.30345	0.30345	0.28235
0.24528	0.20266	0.18974
0.07778	0.0896	0.06168
0.04412	0.04412	0.02326
0.16923	0.14143	0.11644
0.1	0.08483	0.06662
0.27642	0.24913	0.21379
0.13235	0.12524	0.09756
0.18605	0.17027	0.15801
0.16216	0.19703	0.16641
0.20588	0.23908	0.25258
0.04651	0.04126	0.02041
0.29885	0.26025	0.23368
0.09524	0.10099	0.08128
0.06838	0.05982	0.04076
0.16667	0.12398	0.1232
0.0	0.0	0.0
0.12977	0.12829	0.11538
0.23016	0.19482	0.19103
0.37113	0.31392	0.26639
0.13008	0.11224	0.09592
0.04615	0.03325	0.025
0.15909	0.15298	0.13022
0.10811	0.08412	0.07311
0.24324	0.21534	0.16702
0.088	0.08386	0.06154
0.20946	0.21578	0.19214
0.07353	0.07779	0.08918
0.04478	0.01925	0.01843
0.0	0.0	0.0
0.21505	0.18348	0.15015
0.11842	0.09379	0.09817
0.12791	0.10127	0.06634
0.11905	0.11981	0.13523
0.15079	0.14207	0.12225
0.04132	0.03945	0.0274
0.07368	0.06859	0.06452
0.07752	0.07752	0.06494
0.16901	0.14175	0.13404
0.0	0.0	0.0
0.09709	0.09395	0.05581
0.14433	0.12004	0.0772
0.25641	0.24772	0.22222
0.16176	0.14278	0.16128
0.22973	0.20181	0.22725
0.21239	0.19896	0.16866
0.23226	0.21143	0.1845
0.39024	0.3842	0.35255
0.06061	0.04789	0.025
0.0	0.0	0.0
0.00901	0.00901	0.0
0.23529	0.24288	0.24
0.08861	0.06757	0.04064
0.13846	0.11811	0.11644
0.29592	0.21591	0.18105
0.0	0.0	0.0
0.02151	0.01769	0.0
0.31579	0.30747	0.28972
0.07874	0.06578	0.06064
0.20588	0.157	0.09435
0.04545	0.03255	0.00759
0.27586	0.26555	0.24761
0.25714	0.24421	0.2397
0.19167	0.17982	0.12762
0.07692	0.06327	0.04838
0.13187	0.08862	0.09446
0.14516	0.13371	0.10568
0.26042	0.23587	0.2043
0.22785	0.2507	0.25673
0.14085	0.12403	0.12831
0.08182	0.07975	0.09122
0.55814	0.52663	0.48326
0.06604	0.05264	0.01935
0.08333	0.07794	0.05447
0.15556	0.12007	0.11232
0.37313	0.34422	0.28962
0.17857	0.19169	0.16742
0.13793	0.11828	0.10894
0.09574	0.08682	0.08912
0.04237	0.03116	0.02499
0.15333	0.1473	0.14428
0.13559	0.12684	0.12903
0.2027	0.2027	0.17778
0.17886	0.17754	0.16335
0.0	0.0	0.0
0.07692	0.0872	0.10582
0.01429	0.0258	0.042
0.08974	0.07444	0.05242
0.08333	0.06719	0.03861
0.19101	0.15185	0.13585
0.11765	0.1129	0.12602
0.00877	0.00679	0.0
0.21488	0.153	0.11268
0.03883	0.03695	0.04125
0.02222	0.02114	0.00862
0.12791	0.11458	0.10159
0.14679	0.1305	0.1011
0.14815	0.14933	0.16961
0.21805	0.19474	0.18964
0.27273	0.26652	0.22051
0.20588	0.14466	0.10934
0.15827	0.15154	0.13095
0.14286	0.14214	0.08363
0.06061	0.05792	0.03797
0.16667	0.13344	0.07403
0.27143	0.30319	0.33258
0.04286	0.03456	0.02326
0.01205	0.01205	0.0098
0.01538	0.00992	0.0
0.22222	0.17531	0.17236
0.06579	0.06451	0.04545
0.104	0.09032	0.07597
0.07792	0.07875	0.0638
0.19231	0.20715	0.18993
0.19333	0.18429	0.13604
0.26437	0.21948	0.16416
0.0	0.0	0.0
0.15702	0.14849	0.11857
0.10714	0.08255	0.09482
0.10169	0.10169	0.09722
0.38202	0.37476	0.34446
0.11656	0.11617	0.09198
0.28571	0.28018	0.21875
0.10204	0.10006	0.1
0.07634	0.07781	0.07962
0.32895	0.29496	0.23435
0.12	0.09999	0.08302
0.05714	0.03317	0.0
0.38983	0.36737	0.38429
0.02667	0.02021	0.0
0.16129	0.14202	0.11205
0.04717	0.05264	0.02977
0.34286	0.32626	0.29031
0.14151	0.12476	0.14759
0.03191	0.0247	0.02224
0.24468	0.19971	0.16298
0.05405	0.03618	0.02796
0.08434	0.06878	0.04771
0.04819	0.04411	0.04125
0.36538	0.33312	0.3
0.15	0.16643	0.17449
0.13821	0.11748	0.09592
0.0	0.0	0.0
0.30435	0.29522	0.24248
0.27273	0.27358	0.26382
0.21918	0.21032	0.21191
0.31532	0.3095	0.29899
0.08411	0.06813	0.05806
0.19737	0.18336	0.1757
0.16216	0.1482	0.09462
0.05714	0.04377	0.0
0.14545	0.10966	0.05597
0.09091	0.07885	0.07957
0.03571	0.03974	0.02544
0.33654	0.31262	0.33197
0.16364	0.11347	0.09525
0.08485	0.08367	0.06827
0.26415	0.23826	0.20462
0.31387	0.28112	0.25063
0.09722	0.11379	0.08735
0.10769	0.09875	0.07692
0.34328	0.35916	0.3137
0.10909	0.1214	0.14173
0.16883	0.14034	0.13096
0.0	0.0	0.0
0.02586	0.02503	0.01408
0.0	0.0	0.0
0.01754	0.03509	0.05714
0.34146	0.32885	0.26301
0.0	0.0	0.0
0.25773	0.21215	0.17429
0.36607	0.33553	0.30574
0.0	0.0	0.0
0.09286	0.10506	0.09869
0.06897	0.05811	0.04793
0.20968	0.18573	0.19092
0.21569	0.21313	0.18261
0.2043	0.21781	0.21107
0.05952	0.07411	0.08192
0.10791	0.10906	0.11213
0.125	0.12406	0.132
0.03409	0.02895	0.01887
0.32653	0.32751	0.28102
0.05	0.03354	0.00423
0.28571	0.23904	0.2433
0.02941	0.02419	0.0
0.03546	0.02677	0.04136
0.14474	0.12903	0.11364
0.05714	0.05207	0.02222
0.25949	0.24437	0.23178
0.01149	0.01149	0.0
0.15753	0.15355	0.14773
0.12727	0.11084	0.05644
0.1	0.08617	0.05718
0.27523	0.25745	0.24117
0.0	0.0	0.0
0.10638	0.07435	0.06912
0.09483	0.06812	0.0551
0.2028	0.18992	0.1654
0.1358	0.08202	0.04233
0.12941	0.10664	0.08516
0.11905	0.11654	0.10379
0.07767	0.05229	0.02957
0.05556	0.05331	0.039
0.25373	0.22194	0.1479
0.20325	0.19274	0.14432
0.08	0.08192	0.04838
0.22222	0.23459	0.21759
0.18056	0.19399	0.16129
0.43243	0.44765	0.39781
0.11268	0.11131	0.09756
0.22642	0.2118	0.20362
0.07576	0.07502	0.05
0.04255	0.04255	0.03509
0.08511	0.05147	0.0266
0.19018	0.17929	0.16863
0.21569	0.17582	0.14212
0.45098	0.46456	0.40895
0.15	0.13432	0.09677
0.15534	0.13559	0.14242
0.57616	0.57466	0.51111
0.03158	0.0292	0.01786
0.04237	0.03116	0.02499
0.10714	0.10207	0.09524
0.1	0.10575	0.1033
0.26627	0.2508	0.26559
0.29167	0.29167	0.26316
0.20833	0.20752	0.16216
0.09639	0.08608	0.07921
0.37681	0.35577	0.30368
0.30208	0.30208	0.26786
0.0	0.0	0.0
0.22581	0.18208	0.146
0.11215	0.10189	0.06698
0.32394	0.31438	0.26147
0.21311	0.21311	0.18421
0.14894	0.12079	0.10345
0.0411	0.0296	0.0
0.025	0.02258	0.0
0.08333	0.07794	0.05447
0.06195	0.03711	0.01906
0.08511	0.0844	0.0489
0.0	0.0	0.0
0.13043	0.10612	0.09902
0.16923	0.17915	0.2
0.20472	0.19888	0.20076
0.37778	0.30033	0.2091
0.40984	0.37331	0.24532
0.0339	0.0328	0.04054
0.02941	0.03225	0.03225
0.03704	0.03106	0.02
0.41748	0.36672	0.29378
0.22222	0.22259	0.20078
0.12346	0.07286	0.0458
0.38462	0.40404	0.4628
0.04762	0.07424	0.12992
0.12676	0.1213	0.07833
0.03788	0.03274	0.03146
0.10169	0.08802	0.05556
0.08784	0.08914	0.06802
0.12593	0.09438	0.09869
0.20879	0.23075	0.19295
0.29703	0.28616	0.24658
0.15625	0.14884	0.16426
0.25556	0.24586	0.20275
0.04839	0.03329	0.0
0.12644	0.10121	0.10102
0.19672	0.16869	0.11884
0.21127	0.19489	0.14882
0.12941	0.09182	0.07612
0.2027	0.19965	0.20405
0.01695	0.00437	0.0
0.12676	0.09539	0.06215
0.29091	0.35656	0.3502
0.22105	0.19998	0.13695
0.19192	0.15215	0.13063
0.19298	0.20627	0.19796
0.01429	0.0129	0.0
0.10687	0.10834	0.10494
0.1982	0.19353	0.15006
0.26761	0.26442	0.24444
0.09375	0.09677	0.06451
0.2314	0.22792	0.23771
0.30435	0.30435	0.25641
0.02	0.0129	0.0
0.39	0.37547	0.33186
0.07042	0.04997	0.05591
0.1	0.0883	0.05032
0.04819	0.03498	0.01923
0.12903	0.1044	0.07526
0.01786	0.01786	0.01449
0.03226	0.03226	0.0
0.15	0.12225	0.12687
0.09677	0.09677	0.09091
0.12791	0.12228	0.11538
0.29524	0.2992	0.30469
0.11921	0.10489	0.09358
0.23358	0.23662	0.22543
0.22989	0.24174	0.16646
0.22973	0.21141	0.16271
0.04444	0.02544	0.01358
0.03529	0.02694	0.01961
0.09929	0.08373	0.06298
0.28972	0.26679	0.24371
0.125	0.11782	0.09091
0.14729	0.11726	0.09257
0.04918	0.04918	0.02857
0.28	0.23181	0.17742
0.07843	0.07843	0.08065
0.15385	0.14474	0.13217
0.19481	0.20149	0.11991
0.19149	0.1606	0.10345
0.27957	0.25804	0.24998
0.39706	0.38376	0.38484
0.5	0.51444	0.45994
0.51087	0.48139	0.40632
0.09677	0.09296	0.07407
0.125	0.125	0.11628
0.26087	0.25327	0.21253
0.09677	0.10024	0.09677
0.0	0.0	0.0
0.18182	0.18766	0.15482
0.33333	0.32379	0.19354
0.15714	0.14009	0.09302
0.1383	0.1026	0.0713
0.24074	0.18935	0.15559
0.17424	0.15248	0.13333
0.31183	0.26845	0.22873
0.10256	0.07938	0.07852
0.05714	0.03317	0.0
0.08046	0.08898	0.08825
0.06154	0.05657	0.04549
0.2623	0.24907	0.2137
0.31579	0.27928	0.26164
0.10577	0.10577	0.09524
0.14085	0.11993	0.11216
0.28571	0.29721	0.304
0.2449	0.25608	0.28152
0.08451	0.07586	0.06818
0.16471	0.1552	0.14993
0.2037	0.20906	0.17929
0.10345	0.06395	0.03812
0.15942	0.14678	0.09236
0.02564	0.01323	0.0
0.05797	0.05048	0.02457
0.05714	0.05161	0.04615
0.20968	0.17532	0.15874
0.02273	0.02273	0.03774
0.1453	0.11937	0.09886
0.38889	0.38888	0.34376
0.0	0.0	0.0
0.10714	0.09216	0.10046
0.19149	0.18119	0.13793
0.29167	0.21369	0.19353
0.28182	0.27477	0.2473
0.08511	0.0844	0.0489
0.10714	0.10021	0.05714
0.14433	0.13834	0.12097
0.0	0.0	0.0
0.1	0.0516	0.0129
0.24658	0.24963	0.2507
0.3913	0.42401	0.37276
0.18519	0.13141	0.10012
0.13514	0.13514	0.11111
0.22047	0.21411	0.16904
0.32632	0.33174	0.33815
0.0	0.0	0.0
0.16216	0.13077	0.10036
0.20339	0.22086	0.19962
0.15556	0.14384	0.14217
0.07937	0.05478	0.06766
0.09091	0.08186	0.06329
0.10769	0.10272	0.0579
0.28	0.24901	0.21638
0.07143	0.05114	0.01122
0.2	0.19446	0.20612
0.3125	0.30508	0.26116
0.0	0.0	0.0
0.13333	0.11827	0.0892
0.31884	0.26177	0.26293
0.0	0.0	0.0
0.32787	0.28026	0.27079
0.13953	0.13878	0.13268
0.71591	0.7122	0.66521
0.24242	0.20918	0.17369
0.16949	0.11317	0.10483
0.25	0.24222	0.21812
0.32222	0.32221	0.30529
0.3494	0.32452	0.29342
0.27083	0.28963	0.26845
0.27632	0.22324	0.19017
0.03896	0.0377	0.02083
0.04225	0.02862	0.0
0.09589	0.08881	0.07426
0.01471	0.00759	0.0
0.01724	0.00445	0.00759
0.12308	0.11066	0.07862
0.27273	0.24102	0.15947
0.17143	0.1516	0.166
0.11957	0.10413	0.11528
0.29091	0.3038	0.33918
0.05814	0.05814	0.05556
0.06122	0.07965	0.06667
0.18571	0.20551	0.22211
0.01695	0.00437	0.0
0.01961	0.03922	0.0625
0.2625	0.25562	0.19934
0.19048	0.20352	0.24315
0.18391	0.1687	0.10714
0.1125	0.11209	0.1058
0.075	0.06571	0.03159
0.18487	0.14366	0.14303
0.08108	0.07454	0.04762
0.13158	0.10611	0.13183
0.04545	0.03445	0.05414
0.07792	0.06074	0.02174
0.19277	0.19313	0.22166
0.2	0.18806	0.21915
0.25641	0.24922	0.22538
0.03333	0.0172	0.01433
0.15686	0.14798	0.18206
0.04545	0.04582	0.03774
0.04211	0.03463	0.01786
0.27143	0.24653	0.19569
0.16346	0.13771	0.11951
0.35772	0.37134	0.34408
0.05952	0.04377	0.03774
0.30435	0.29826	0.2619
0.32609	0.2938	0.21503
0.05	0.04718	0.04255
0.16327	0.14812	0.13333
0.19718	0.18627	0.14553
0.17647	0.17646	0.1703
0.09091	0.06777	0.0661
0.11321	0.06755	0.06255
0.1375	0.09151	0.06698
0.34848	0.28102	0.23386
0.25373	0.24552	0.1774
0.07143	0.05621	0.02326
0.0	0.0	0.0
0.05797	0.04581	0.03369
0.06667	0.07598	0.03448
0.10714	0.08352	0.10046
0.01429	0.0129	0.0
0.21622	0.16041	0.13978
0.42424	0.40368	0.35041
0.37313	0.3654	0.32885
0.06667	0.05089	0.0
0.25	0.23559	0.20527
0.17808	0.18115	0.16617
0.22727	0.21405	0.15519
0.23077	0.18637	0.18503
0.01149	0.01186	0.0
0.14286	0.12543	0.13924
0.03333	0.02742	0.0
0.15942	0.12714	0.08024
0.06154	0.07245	0.07129
0.02752	0.02752	0.03077
0.11765	0.11005	0.10994
0.18023	0.16352	0.13583
0.16049	0.13221	0.13864
0.16129	0.13577	0.09337
0.19333	0.19225	0.19556
0.16393	0.20148	0.19184
0.17391	0.15286	0.15598
0.0493	0.02521	0.02309
0.04412	0.01707	0.01323
0.09677	0.0704	0.06111
0.12766	0.105	0.05529
0.02667	0.02193	0.0
0.275	0.25966	0.2458
0.16667	0.16546	0.12618
0.24074	0.23088	0.20558
0.33333	0.3364	0.25042
0.01961	0.03922	0.0625
0.07576	0.06695	0.06451
0.10909	0.0956	0.08824
0.18824	0.17038	0.15369
0.13821	0.12876	0.09056
0.21176	0.18555	0.15937
0.24324	0.22623	0.18161
0.0	0.0	0.0
0.0	0.0	0.0
0.05882	0.02276	0.01259
0.06803	0.0757	0.08083
0.08	0.08192	0.04838
0.07143	0.11059	0.11289
0.45	0.43829	0.40024
0.24194	0.19823	0.18189
0.22628	0.19801	0.16089
0.12644	0.10122	0.09548
2.5	2.46633	2.33171
0.44776	0.36397	0.33681
0.03896	0.01675	0.01612
0.28571	0.26403	0.19353
0.04615	0.06798	0.08997
0.08721	0.08158	0.08167
0.0	0.0	0.0
0.01429	0.0129	0.0
0.38462	0.35649	0.2766
0.16	0.16021	0.15154
0.15517	0.15878	0.12948
0.20988	0.18877	0.19011
0.1875	0.1885	0.18031
0.4086	0.37562	0.31142
0.175	0.14798	0.10373
0.2093	0.18115	0.14081
0.21212	0.20429	0.178
0.02353	0.01784	0.01961
0.14201	0.14201	0.13084
0.20619	0.2258	0.22014
0.15909	0.16934	0.20346
0.07895	0.06621	0.04444
0.19643	0.1947	0.14706
0.125	0.11773	0.09612
0.0	0.0	0.0
0.125	0.125	0.08824
0.18519	0.17622	0.15625
0.28682	0.26505	0.24381
0.28571	0.27394	0.1861
0.12766	0.12766	0.13333
0.13953	0.11052	0.10431
0.37736	0.34264	0.34724
0.03571	0.03594	0.03485
0.24762	0.19998	0.14876
0.02222	0.02222	0.01961
0.09195	0.07675	0.0566
0.27778	0.26463	0.21212
0.20968	0.18573	0.19092
0.35354	0.2994	0.28705
0.11688	0.11604	0.1178
0.10638	0.12285	0.10714
0.01987	0.01987	0.02222
0.0678	0.04537	0.01395
0.025	0.0254	0.01887
0.21429	0.17855	0.10783
0.19149	0.14995	0.12902
0.25926	0.22899	0.22514
0.07778	0.04408	0.04018
0.19298	0.21165	0.14041
0.17241	0.15962	0.16914
0.325	0.28303	0.25194
0.08108	0.07018	0.05018
0.07692	0.06782	0.04463
0.46364	0.44866	0.37521
0.09565	0.08303	0.07203
0.03226	0.03226	0.0
0.16176	0.1295	0.11367
0.07895	0.06918	0.05882
0.03488	0.02626	0.01961
0.15385	0.1237	0.11648
0.18462	0.15582	0.1637
0.09091	0.09091	0.05714
0.04	0.0329	0.0
0.26087	0.23233	0.24261
0.11667	0.08225	0.03494
0.08451	0.06042	0.06305
0.51351	0.47946	0.38167
0.06977	0.07614	0.07547
0.01333	0.00344	0.00573
0.17978	0.17615	0.13639
0.03529	0.02694	0.01961
0.30645	0.33297	0.32519
0.14925	0.14973	0.11981
0.03448	0.03448	0.01887
0.20472	0.18364	0.18375
0.33333	0.326	0.30769
0.16667	0.1387	0.111
0.26	0.25418	0.22257
0.38462	0.31858	0.23405
0.10185	0.11528	0.12372
0.02857	0.0235	0.0
0.04202	0.0225	0.01414
0.09091	0.08863	0.0678
0.25253	0.27206	0.27497
0.07595	0.07962	0.07
0.53846	0.54669	0.48162
0.18571	0.1705	0.16915
0.05882	0.05882	0.04878
0.12903	0.09416	0.08658
0.05063	0.04451	0.02128
0.1165	0.10272	0.08912
0.20513	0.21338	0.22981
0.25	0.26137	0.25723
0.21978	0.20805	0.19749
0.14493	0.12341	0.09302
0.39344	0.39446	0.365
0.0922	0.0764	0.05958
0.2013	0.19458	0.18572
0.24561	0.24672	0.2608
0.32857	0.35529	0.37958
0.04615	0.02928	0.00662
0.0198	0.01629	0.0
0.23232	0.21373	0.18533
0.22727	0.22505	0.21933
0.06494	0.06368	0.04167
0.17978	0.18954	0.17162
0.02941	0.02419	0.0
0.2381	0.22478	0.19272
0.03509	0.04923	0.0
0.06061	0.04789	0.025
0.27941	0.2974	0.31281
0.18644	0.17113	0.15636
0.09155	0.08814	0.08333
0.08065	0.07179	0.02703
0.0	0.0	0.0
0.03529	0.02694	0.01961
0.00971	0.00626	0.0
0.12	0.09633	0.04804
4.04167	3.98654	3.64286
0.0	0.0	0.0
0.29851	0.28981	0.26983
0.06061	0.04398	0.02132
0.15	0.14312	0.16329
0.21552	0.19854	0.18232
0.12222	0.12292	0.10886
0.08065	0.0515	0.00679
0.05882	0.04111	0.02062
0.27778	0.28315	0.21441
0.05952	0.04377	0.03774
0.0	0.0	0.0
0.17241	0.14738	0.13813
0.25	0.23904	0.21708
0.56757	0.59543	0.54096
0.06154	0.04665	0.03226
0.17647	0.15037	0.16128
0.42553	0.455	0.43444
0.2766	0.30815	0.29938
0.19298	0.19805	0.19561
0.4375	0.43882	0.39569
0.1453	0.11937	0.09886
0.0	0.0	0.0
0.10119	0.09446	0.09421
0.07692	0.07107	0.06215
0.34426	0.35377	0.3516
0.03922	0.03922	0.03333
0.10345	0.07007	0.08017
0.11494	0.09121	0.08
0.03797	0.03511	0.03942
0.128	0.12257	0.14375
0.0	0.0	0.0
0.63158	0.67172	0.62057
0.19737	0.22113	0.20833
0.36	0.33868	0.30644
0.072	0.08154	0.08202
0.12195	0.13374	0.13418
0.03077	0.03077	0.025
0.06383	0.04117	0.0
0.16667	0.13864	0.11889
0.15044	0.13588	0.12534
0.08594	0.07383	0.05152
0.12245	0.12704	0.08387
0.2043	0.18972	0.17316
0.09489	0.09323	0.09114
0.14493	0.14258	0.12828
0.06154	0.03572	0.04631
0.16993	0.16233	0.11408
0.15455	0.11671	0.08491
0.02747	0.02304	0.01628
0.05844	0.06368	0.05051
0.0	0.0	0.0
0.15789	0.12987	0.11859
0.04918	0.02538	0.0
0.12162	0.08914	0.07849
0.03478	0.02328	0.01772
0.14706	0.10768	0.08576
0.3619	0.36803	0.30442
0.30303	0.27465	0.26713
0.30769	0.33249	0.32571
0.31343	0.26527	0.24905
0.10309	0.09909	0.08513
0.28571	0.29117	0.2622
0.20349	0.17534	0.14758
0.10526	0.07707	0.06187
0.09091	0.06695	0.05
0.01449	0.0187	0.03071
0.14286	0.10259	0.07855
0.12222	0.12222	0.10909
0.0463	0.04569	0.0347
0.22222	0.21965	0.20882
0.22857	0.19167	0.20177
0.02469	0.02469	0.01961
0.02439	0.0173	0.01032
0.25688	0.27077	0.25615
0.34667	0.27224	0.24596
0.06452	0.06451	0.02867
0.10256	0.10132	0.06818
0.39506	0.41733	0.36836
0.50877	0.46175	0.38154
0.0	0.0	0.0
0.18182	0.18649	0.19255
0.0	0.0	0.0
0.10526	0.09478	0.11147
0.35556	0.33593	0.31233
0.22667	0.2144	0.19915
0.22314	0.19887	0.16003
0.41414	0.39165	0.37633
0.09028	0.06764	0.0473
0.22785	0.21927	0.18668
0.18072	0.178	0.16224
0.19048	0.17971	0.16164
0.03333	0.02258	0.00938
0.15217	0.15217	0.14815
0.08182	0.07536	0.0762
0.1194	0.07991	0.06137
0.18571	0.14976	0.08177
0.0473	0.03574	0.03333
0.1	0.09918	0.07411
0.36296	0.34167	0.32136
0.0	0.0	0.0
0.10667	0.11483	0.08921
0.05747	0.03225	0.02374
0.33333	0.29689	0.21326
0.01613	0.02081	0.03395
0.09774	0.07518	0.06868
0.16154	0.14093	0.12015
0.0	0.0	0.0
0.16471	0.11194	0.074
0.22667	0.20644	0.16724
0.06306	0.05143	0.05171
0.04444	0.02544	0.01358
0.14286	0.11484	0.08093
0.0	0.0	0.0
0.09091	0.05424	0.02434
0.10959	0.07644	0.03942
0.128	0.10941	0.0905
0.23077	0.23077	0.19643
0.15464	0.10474	0.082
0.11111	0.10905	0.15142
0.23894	0.21095	0.21397
0.1619	0.12963	0.13046
0.08696	0.06676	0.05997
0.06993	0.06586	0.06226
0.19863	0.1962	0.17204
0.04348	0.04348	0.03571
0.18447	0.13278	0.10561
0.22222	0.1756	0.1395
0.15	0.1145	0.0658
0.12791	0.10427	0.10373
0.0493	0.02521	0.02309
0.03448	0.03448	0.02857
0.26471	0.28082	0.28166
0.08696	0.06135	0.03621
0.19266	0.19266	0.16923
0.04167	0.03494	0.02326
0.25	0.22275	0.20119
0.0	0.0	0.0
0.23171	0.23405	0.22579
0.15152	0.11827	0.10752
0.03175	0.03635	0.03395
0.14706	0.12381	0.11644
0.15888	0.15888	0.13846
0.08861	0.08391	0.05774
0.06818	0.05669	0.0438
0.0	0.0	0.0
0.10667	0.07139	0.02796
0.12698	0.11827	0.07774
0.31429	0.30967	0.29707
0.1	0.07548	0.06452
0.14961	0.13613	0.11247
0.19643	0.15724	0.14071
0.09474	0.09474	0.10909
0.02105	0.01901	0.0
0.02062	0.01197	0.0
0.35593	0.38486	0.30216
0.11111	0.11469	0.10361
0.48333	0.48382	0.45837
0.24348	0.2126	0.19264
0.16216	0.14762	0.14399
0.22308	0.21365	0.20072
0.22581	0.23966	0.2403
0.2716	0.24649	0.18341
0.30909	0.28913	0.21861
0.1828	0.16926	0.17568
0.0125	0.01612	0.02745
0.16514	0.17696	0.20048
0.16406	0.15775	0.14072
0.02667	0.02667	0.02083
0.04717	0.03864	0.02029
0.05556	0.05062	0.02439
0.10769	0.10173	0.07632
0.20968	0.18053	0.13837
0.31579	0.30076	0.29029
0.04959	0.04479	0.0274
0.32911	0.3589	0.34363
0.42683	0.41895	0.40658
0.06977	0.07651	0.05721
0.26316	0.26806	0.24838
0.34667	0.34279	0.30577
0.12883	0.11774	0.10114
0.45238	0.49998	0.46115
0.11594	0.09116	0.06977
0.06081	0.04555	0.02162
0.0	0.0	0.0
0.10714	0.11405	0.08338
0.1134	0.10042	0.07841
0.19492	0.17958	0.1746
0.24638	0.2272	0.13907
0.14474	0.15618	0.13762
0.31061	0.27661	0.21886
0.0	0.0	0.0
0.25547	0.25333	0.22722
0.2	0.20469	0.22857
0.36364	0.35614	0.36031
0.01389	0.00358	0.0
0.3253	0.3039	0.26502
0.12931	0.11872	0.10284
0.12676	0.12403	0.02222
0.22807	0.24295	0.2164
0.13699	0.13211	0.11367
0.22619	0.16971	0.13833
0.2973	0.26181	0.19787
0.09615	0.10172	0.08448
0.125	0.10359	0.07987
0.10526	0.10259	0.08083
0.28	0.27609	0.22779
0.11579	0.07877	0.08529
0.16667	0.15248	0.11106
0.49123	0.46519	0.40322
0.09322	0.08802	0.08541
0.05208	0.04469	0.03509
0.16505	0.16317	0.15434
0.0339	0.0328	0.03942
0.09474	0.08183	0.05522
0.05747	0.03225	0.02374
0.04237	0.02624	0.00358
0.09375	0.07409	0.04287
0.16667	0.12611	0.10981
0.06667	0.04193	0.06272
0.10476	0.06543	0.05296
0.11905	0.11724	0.10778
0.15686	0.15718	0.14516
0.04255	0.04255	0.03125
0.15748	0.1242	0.1278
0.45562	0.41762	0.3606
0.04196	0.04353	0.03187
0.10059	0.09753	0.082
0.22222	0.17919	0.11826
0.14286	0.14286	0.13514
0.19298	0.16778	0.13363
0.34921	0.3479	0.25275
0.0177	0.02055	0.01817
0.06557	0.04864	0.03956
0.06	0.03548	0.04623
0.144	0.14244	0.1241
0.10127	0.06737	0.03226
0.20482	0.23161	0.20531
0.0	0.0	0.0
0.02521	0.01084	0.01046
0.05917	0.06107	0.0599
0.00613	0.00475	0.00806
0.01266	0.00816	0.0
0.14103	0.13522	0.0719
0.15476	0.16205	0.15548
0.04054	0.03749	0.04126
0.21698	0.21698	0.1791
0.43529	0.41745	0.38835
0.47799	0.4516	0.40214
0.05405	0.03618	0.02796
0.05882	0.0393	0.02784
0.32407	0.30853	0.27492
0.1453	0.12847	0.08484
0.08475	0.07435	0.05037
0.08955	0.09388	0.09977
0.04082	0.04378	0.03881
0.24719	0.23775	0.23576
0.03846	0.04135	0.03774
0.04706	0.04706	0.03704
0.11446	0.11096	0.09901
0.20388	0.18947	0.19968
0.136	0.13832	0.14176
0.14493	0.11172	0.09377
0.31111	0.28492	0.23833
0.10465	0.10277	0.09588
0.22222	0.22758	0.23
0.10145	0.10284	0.0953
0.14563	0.13967	0.13839
0.09286	0.1	0.08333
0.1831	0.13673	0.05452
0.0	0.0	0.0
0.2	0.18409	0.14429
0.29412	0.23004	0.20885
0.0	0.0	0.0
0.01724	0.02891	0.043
0.03797	0.03797	0.04082
0.15	0.14354	0.11088
0.11834	0.12196	0.11059
0.10588	0.11726	0.07096
0.08	0.05354	0.04338
0.12698	0.11776	0.14805
0.16	0.09482	0.0344
0.12766	0.09677	0.08676
0.14545	0.12725	0.09228
0.06757	0.05012	0.05539
0.0	0.0	0.0
0.11719	0.11643	0.10526
0.08929	0.06681	0.0402
0.0	0.0	0.0
0.06931	0.07026	0.05142
0.10811	0.09938	0.10591
0.03704	0.03704	0.03226
0.03371	0.02319	0.00487
0.35556	0.32831	0.27697
0.20513	0.19272	0.17241
0.0303	0.0303	0.02564
0.12371	0.09576	0.1016
0.11429	0.08617	0.0803
0.08696	0.06135	0.03621
0.18868	0.18197	0.1464
0.05	0.04919	0.0587
0.38462	0.39763	0.38493
0.09091	0.09091	0.05714
0.09783	0.0845	0.0747
0.32895	0.30963	0.28824
0.18557	0.15297	0.14925
0.13725	0.11827	0.10181
0.01031	0.00931	0.0
0.1	0.09612	0.06452
0.33333	0.32562	0.30605
0.06957	0.05694	0.04463
0.05839	0.05085	0.04634
0.35294	0.34582	0.28205
0.28889	0.30322	0.32143
0.28889	0.30322	0.32143
0.09836	0.09043	0.06621
0.34906	0.31556	0.29597
0.01429	0.00737	0.01259
0.20213	0.18564	0.16473
0.10784	0.09297	0.08672
0.08235	0.05654	0.07121
0.0	0.0	0.0
0.35088	0.32935	0.28754
0.28378	0.2428	0.2172
0.06897	0.08119	0.08112
0.14607	0.14425	0.14694
0.21277	0.18255	0.16517
0.12727	0.13108	0.13043
0.3617	0.30196	0.29938
0.00901	0.00901	0.0
0.16092	0.14683	0.1387
0.16	0.15613	0.13158
0.11494	0.11456	0.12365
0.1165	0.10366	0.08763
0.20588	0.17219	0.15549
0.02597	0.03896	0.06667
0.14912	0.14431	0.13085
0.05797	0.04955	0.03445
0.03419	0.03115	0.0137
0.0	0.0	0.0
0.0678	0.04537	0.01395
0.08738	0.07766	0.06919
0.23333	0.23977	0.19264
0.0	0.0	0.0
0.06452	0.05671	0.09767
0.44944	0.45958	0.41071
0.18889	0.17597	0.16128
0.03636	0.03636	0.0
0.17808	0.1657	0.1087
0.16949	0.18205	0.16042
0.18182	0.18182	0.1875
0.21739	0.22767	0.19354
0.23944	0.24304	0.20479
0.21918	0.22225	0.21176
0.18033	0.18033	0.15
0.14286	0.13327	0.07407
0.05479	0.02121	0.01122
0.07627	0.05849	0.03272
0.34884	0.31729	0.28911
0.17105	0.20201	0.20263
0.13924	0.15189	0.14482
0.03488	0.03526	0.01887
0.23301	0.22392	0.21311
0.02857	0.02396	0.018
0.02062	0.01197	0.0
0.21311	0.19195	0.1825
0.07042	0.07042	0.04545
0.03175	0.03635	0.03395
0.03448	0.03448	0.03774
0.43077	0.44168	0.37095
0.06557	0.0608	0.07932
0.22388	0.16801	0.10502
0.032	0.01832	0.01018
0.18571	0.17371	0.12902
0.18182	0.18084	0.12903
0.02326	0.01913	0.0
0.06154	0.04515	0.02517
0.07792	0.04943	0.03774
0.01031	0.00931	0.0
0.08594	0.07963	0.03947
0.20661	0.16314	0.14184
0.36709	0.30049	0.21131
0.07778	0.05089	0.05571
0.06723	0.06316	0.05634
0.075	0.04636	0.03696
0.07353	0.06546	0.02381
0.12821	0.11145	0.08545
0.05208	0.04469	0.03509
0.01449	0.01309	0.0
0.22222	0.16128	0.11436
0.3806	0.35505	0.31848
0.23913	0.21878	0.21123
0.07246	0.04628	0.02326
0.075	0.06652	0.06788
0.21429	0.19007	0.11595
0.18293	0.1353	0.09552
0.10526	0.10526	0.10256
0.06061	0.05327	0.06451
0.19048	0.16013	0.12963
0.16495	0.14066	0.12797
0.07547	0.06451	0.03077
0.4186	0.4186	0.34615
0.01471	0.00759	0.0
0.34375	0.30844	0.23159
0.17568	0.12858	0.07991
0.01075	0.00694	0.0
0.12195	0.11605	0.09032
0.14706	0.15037	0.15645
0.22857	0.24376	0.2617
0.05263	0.04216	0.02609
0.0367	0.02989	0.03421
0.06364	0.05953	0.04412
0.33146	0.33454	0.33222
0.23864	0.19574	0.1705
0.16049	0.15173	0.16
0.14754	0.11157	0.09932
0.22222	0.22222	0.21212
0.17308	0.17308	0.15625
0.23846	0.21486	0.19311
0.18421	0.20668	0.2399
0.08434	0.07423	0.06122
0.05085	0.04975	0.04054
0.10959	0.10251	0.11009
0.04478	0.01925	0.01843
0.3913	0.36883	0.28387
0.05607	0.05155	0.04762
0.25926	0.21743	0.22053
0.11268	0.11085	0.07833
0.03448	0.03448	0.02817
0.09016	0.06953	0.04387
0.48438	0.47175	0.38128
0.06748	0.06115	0.04548
0.07042	0.05861	0.02326
0.05932	0.041	0.03272
0.18605	0.16353	0.15749
0.15464	0.15693	0.11544
0.03774	0.0216	0.02772
0.71875	0.61084	0.43162
0.05455	0.05102	0.05976
0.2268	0.20352	0.1821
0.07273	0.02815	0.03127
0.59524	0.51533	0.43726
0.1	0.08617	0.05718
0.04854	0.04321	0.03578
0.07547	0.06634	0.074
0.11364	0.1063	0.09273
0.08642	0.05973	0.05242
0.14737	0.12597	0.12316
0.23913	0.23947	0.22975
0.10596	0.09911	0.07813
0.12712	0.10031	0.05689
0.17647	0.15102	0.1445
0.10606	0.08503	0.02632
0.49425	0.46008	0.41866
0.10588	0.08576	0.08841
0.33766	0.32886	0.30996
0.13978	0.13978	0.12727
0.02857	0.01797	0.02222
0.24719	0.24211	0.22702
0.18644	0.19572	0.22579
0.0	0.0	0.0
0.06329	0.0588	0.06522
0.08462	0.08982	0.07317
0.04854	0.03946	0.01613
0.08108	0.05709	0.04587
0.44186	0.42309	0.38212
0.1519	0.16863	0.17673
0.11765	0.11765	0.04878
0.0	0.0	0.0
0.16	0.12644	0.06452
0.03226	0.02029	0.02778
0.17204	0.13596	0.08884
0.10417	0.08904	0.08831
0.02439	0.0236	0.01408
0.26471	0.26471	0.23077
0.15873	0.15873	0.13158
0.35238	0.34713	0.33314
0.19737	0.19099	0.16396
0.3253	0.28561	0.26423
0.2233	0.1976	0.12754
0.26415	0.26841	0.22977
0.07895	0.06578	0.03702
0.04348	0.03197	0.02778
0.14085	0.09631	0.07477
0.11905	0.12057	0.08685
0.1	0.10193	0.08481
0.01099	0.01099	0.01786
0.19672	0.18877	0.15574
0.28846	0.25526	0.20686
0.0	0.0	0.0
0.0	0.0	0.0
0.06742	0.07429	0.07447
0.13462	0.1222	0.09778
0.32743	0.30288	0.30009
0.04762	0.02764	0.0089
0.19718	0.1799	0.12595
0.0	0.0	0.0
0.48718	0.47764	0.43894
0.08451	0.07178	0.05069
0.13187	0.12123	0.10909
0.18103	0.13791	0.09449
0.15132	0.14728	0.1644
0.06383	0.03156	0.02224
0.18182	0.15175	0.13523
0.38519	0.36915	0.36662
0.12963	0.11648	0.1051
0.36522	0.37446	0.37845
0.05263	0.04499	0.02273
0.02778	0.01792	0.0
0.04878	0.04878	0.05882
0.12121	0.0733	0.04641
0.0	0.0	0.0
0.02727	0.01994	0.0
0.54237	0.56747	0.52531
0.08451	0.07586	0.06818
0.05618	0.04167	0.00487
0.32787	0.30298	0.32175
0.23881	0.24649	0.19668
0.0	0.0	0.0
0.36782	0.3767	0.34708
0.14286	0.1365	0.13097
0.12308	0.13671	0.10345
0.06452	0.05774	0.04413
0.23214	0.23214	0.18182
0.15625	0.14783	0.17368
0.24138	0.20985	0.16666
0.16406	0.15397	0.13256
0.0	0.0	0.0
0.2	0.18063	0.15734
0.06604	0.07425	0.07018
0.1619	0.10935	0.06919
0.1	0.09058	0.0897
0.17778	0.14622	0.13234
0.10127	0.10248	0.09745
0.02667	0.03011	0.04348
0.34821	0.31652	0.2682
0.30303	0.29276	0.25586
0.15	0.13346	0.11187
0.38158	0.34674	0.29231
0.21795	0.22496	0.20365
0.11364	0.11509	0.12557
0.08197	0.07826	0.05263
0.22	0.21612	0.21852
0.19588	0.21581	0.1979
0.21739	0.1767	0.15541
0.12409	0.11136	0.1129
0.02941	0.00759	0.01229
0.09877	0.08084	0.09282
0.04348	0.06638	0.08654
0.08108	0.05492	0.05591
0.24	0.20998	0.19298
0.0	0.0	0.0
0.21649	0.19022	0.18698
0.02703	0.01569	0.0
0.23404	0.20864	0.17829
0.21277	0.20313	0.17234
0.24615	0.22182	0.22737
0.18919	0.20139	0.19565
0.08696	0.06077	0.04956
0.20833	0.16598	0.16186
0.08247	0.08413	0.08763
0.12727	0.12727	0.14706
0.33333	0.31109	0.27879
0.0	0.0	0.0
0.04054	0.01743	0.018
0.04706	0.03301	0.03336
0.15493	0.15493	0.13953
0.01333	0.01204	0.0
0.06579	0.07809	0.08031
0.27273	0.28527	0.23772
0.04706	0.04136	0.01961
0.10577	0.10825	0.09836
0.15094	0.13653	0.12257
0.37634	0.3347	0.33063
0.0339	0.0328	0.03942
0.31579	0.31579	0.25
0.10526	0.09592	0.06383
0.0	0.0	0.0
0.17949	0.10915	0.05375
0.02817	0.01999	0.0
0.07447	0.05593	0.04393
0.44068	0.43302	0.38709
0.09783	0.08976	0.06897
0.27941	0.3031	0.28098
0.08081	0.07493	0.02816
0.1519	0.13515	0.15053
0.15854	0.12312	0.05439
0.24837	0.24751	0.22716
0.16484	0.1719	0.18257
0.08861	0.07513	0.07481
0.23881	0.25757	0.25056
0.01754	0.00453	0.00679
0.30208	0.28896	0.25345
0.28358	0.30042	0.25729
0.10345	0.07924	0.08507
0.34884	0.36984	0.32143
0.26667	0.24427	0.21638
0.08333	0.06788	0.04338
0.04717	0.03864	0.02029
0.2766	0.26081	0.21214
0.24286	0.24699	0.26757
0.25373	0.23277	0.19428
0.0	0.0	0.0
0.01695	0.00875	0.0
0.02941	0.02941	0.02381
0.16129	0.15018	0.135
0.26471	0.21012	0.15812
0.0	0.0	0.0
0.10667	0.07139	0.02796
0.12632	0.12632	0.14545
0.12963	0.11469	0.09091
0.32099	0.33449	0.27804
0.02128	0.01921	0.0
0.13953	0.11302	0.11519
0.10769	0.10868	0.10725
0.38202	0.34647	0.32076
0.22388	0.20461	0.20376
0.12903	0.09468	0.073
0.18627	0.18784	0.1566
0.34483	0.36926	0.35028
0.12727	0.11965	0.10938
0.06154	0.08188	0.08997
0.12308	0.10272	0.09205
0.12037	0.10333	0.09577
0.29167	0.27954	0.22159
0.44828	0.44212	0.37299
0.04545	0.04398	0.02564
0.2459	0.20252	0.20542
0.06306	0.05143	0.05171
0.0	0.0	0.0
0.20755	0.17526	0.19158
0.14737	0.16672	0.12687
0.23188	0.21129	0.20198
0.21429	0.16818	0.13833
0.1746	0.16537	0.15787
0.0495	0.04727	0.03279
0.25926	0.24818	0.20159
0.02381	0.02419	0.02
0.36232	0.28561	0.25419
0.12088	0.13788	0.14341
0.13953	0.12488	0.14156
0.02247	0.02247	0.01754
0.20144	0.21999	0.20986
0.45	0.38115	0.29795
0.07759	0.05033	0.02499
0.0	0.0	0.0
0.19298	0.18391	0.06641
0.2027	0.18655	0.16714
0.12766	0.1019	0.07325
0.02326	0.02326	0.01887
0.0	0.0	0.0
0.08235	0.05958	0.07331
0.23377	0.19227	0.15287
0.21127	0.21399	0.16568
0.14667	0.15355	0.12766
0.09231	0.0794	0.05
0.05128	0.04673	0.02174
0.14286	0.12901	0.10264
0.15942	0.13277	0.15514
0.06944	0.06944	0.06818
0.375	0.34732	0.33774
0.33846	0.35185	0.2629
0.26087	0.27067	0.25926
0.10909	0.07682	0.05733
0.04706	0.02998	0.02756
0.2	0.1766	0.1351
0.3	0.29392	0.235
0.10256	0.11454	0.10079
0.175	0.19798	0.17032
0.08247	0.08213	0.08513
0.14912	0.15986	0.13918
0.64634	0.61563	0.53635
0.12879	0.11387	0.08064
0.18987	0.15638	0.13404
0.05096	0.04109	0.03156
0.15854	0.14632	0.14062
0.08088	0.08467	0.09259
0.38462	0.33346	0.26208
0.29333	0.28472	0.23913
0.01449	0.01309	0.0
0.0	0.0	0.0
0.09375	0.06703	0.0579
0.03261	0.01683	0.00461
0.18462	0.18238	0.1523
0.11724	0.1099	0.10112
0.09859	0.07996	0.04651
0.35556	0.35556	0.35714
0.15789	0.1259	0.05806
0.08824	0.06735	0.02062
0.05926	0.04061	0.00637
0.25455	0.23282	0.20054
0.32258	0.30314	0.28012
0.03409	0.03299	0.01887
0.02299	0.02299	0.01852
0.17273	0.14485	0.12191
0.09375	0.07761	0.0521
0.04762	0.04198	0.02632
0.35526	0.32086	0.29481
0.14286	0.14286	0.13559
0.21898	0.21215	0.19551
0.07547	0.06634	0.074
0.17266	0.17266	0.15476
0.18056	0.18501	0.15776
0.32353	0.30737	0.2591
0.22222	0.14027	0.10885
0.15789	0.14813	0.15686
0.04132	0.04372	0.03749
0.06494	0.05236	0.02128
0.35821	0.37021	0.34356
0.07292	0.06585	0.0339
0.24468	0.20674	0.19554
0.15116	0.14122	0.13897
0.02158	0.02645	0.03305
0.04225	0.03589	0.03857
0.14103	0.1464	0.13932
0.2803	0.24558	0.1895
0.18978	0.15962	0.12976
0.21538	0.18857	0.19767
0.23729	0.22471	0.16667
0.02727	0.01994	0.0
0.112	0.10193	0.0747
0.15534	0.13841	0.11214
0.1087	0.10764	0.08772
0.38776	0.36898	0.32616
0.27907	0.22841	0.20906
0.21359	0.16691	0.14247
0.23077	0.24612	0.25547
0.3125	0.28749	0.26386
0.09211	0.07639	0.04608
0.16667	0.13601	0.10992
0.22222	0.21289	0.18893
0.0354	0.0137	0.0077
0.03614	0.03614	0.02941
0.04938	0.04938	0.04
0.2029	0.2029	0.17391
0.32258	0.29029	0.25889
0.20968	0.24244	0.24932
0.16949	0.15198	0.136
0.22857	0.22396	0.20405
0.19101	0.15656	0.12415
0.19697	0.18767	0.13517
0.26882	0.24278	0.1895
0.02222	0.02222	0.01961
0.12088	0.10492	0.09389
0.07333	0.05268	0.03849
0.08108	0.07061	0.05842
0.37113	0.34619	0.33132
0.31818	0.28688	0.22286
0.0989	0.09889	0.11544
0.32	0.30224	0.2937
0.0	0.0	0.0
0.06977	0.0505	0.03309
0.19149	0.18152	0.18144
0.18367	0.16523	0.12957
0.0	0.0	0.0
0.17931	0.18241	0.1776
0.30909	0.2856	0.22578
0.2619	0.2135	0.22819
0.12903	0.12735	0.11023
0.16667	0.1747	0.14483
0.19	0.17838	0.18085
0.10897	0.10835	0.09574
0.12329	0.10781	0.08251
0.26804	0.22612	0.18402
0.13415	0.13452	0.13224
0.28873	0.26259	0.2519
0.18182	0.17535	0.15933
0.09375	0.09878	0.08436
0.1519	0.16128	0.1697
0.0	0.0	0.0
0.02222	0.02222	0.01754
0.07299	0.07039	0.07388
0.13043	0.13323	0.15335
0.18935	0.15535	0.11289
0.11765	0.07702	0.07485
0.1157	0.09063	0.06116
0.20968	0.20031	0.19779
0.08861	0.07513	0.07481
0.25	0.21349	0.1858
0.06061	0.05792	0.03797
0.05063	0.04451	0.02128
0.08065	0.06087	0.09767
0.0	0.0	0.0
0.24	0.23289	0.22815
0.21429	0.19911	0.1763
0.22642	0.20724	0.21925
0.01136	0.01136	0.0
0.32143	0.33407	0.24514
0.09402	0.08105	0.05479
0.06122	0.03521	0.0129
0.16667	0.14217	0.12903
0.1	0.09911	0.09676
0.28161	0.22912	0.19264
0.13014	0.11841	0.11584
0.07447	0.04598	0.0266
0.05926	0.04659	0.05376
0.10476	0.10752	0.08065
0.02222	0.01433	0.00461
0.17143	0.12625	0.08906
0.30769	0.25406	0.33041
0.07767	0.07673	0.04762
0.2	0.18923	0.16756
0.20536	0.18835	0.1622
0.2907	0.2815	0.24558
0.25397	0.21606	0.16565
0.23077	0.21935	0.20513
0.07285	0.0566	0.03904
0.29333	0.30364	0.29569
0.01282	0.01158	0.0
0.05634	0.03089	0.01147
0.1194	0.11796	0.1
0.12245	0.10861	0.09625
0.11957	0.10062	0.06279
0.02222	0.01887	0.00319
0.37226	0.35599	0.35088
0.43478	0.35199	0.24805
0.13462	0.11165	0.07937
0.41053	0.39761	0.36558
0.0411	0.03977	0.02326
0.02105	0.01901	0.0
0.01515	0.01515	0.01205
0.08247	0.07482	0.03827
0.12676	0.09381	0.06011
0.09859	0.07996	0.04651
0.13953	0.13315	0.13078
0.10569	0.09389	0.09305
0.22222	0.17919	0.11826
0.21739	0.19003	0.19807
0.12037	0.08392	0.06836
0.05825	0.04447	0.01667
0.29091	0.27769	0.23513
0.2605	0.24613	0.23047
0.02581	0.01727	0.00567
0.09677	0.07595	0.034
0.27922	0.29386	0.31885
0.0	0.0	0.0
0.2233	0.21075	0.13894
0.02667	0.02537	0.02128
0.17778	0.19318	0.20233
0.23077	0.14922	0.12902
0.16346	0.16346	0.14754
0.17105	0.14982	0.14206
0.05263	0.04482	0.02132
0.34667	0.3118	0.24258
0.12857	0.13869	0.17776
0.04717	0.05204	0.05
0.17021	0.15579	0.14573
0.09375	0.09677	0.06621
0.15385	0.131	0.09205
0.05512	0.04216	0.03397
0.18699	0.16023	0.1344
0.11538	0.08271	0.05718
0.21795	0.19685	0.13604
0.03968	0.02918	0.02564
0.04464	0.04147	0.02817
0.07778	0.05662	0.0266
0.41346	0.4128	0.40769
0.11321	0.10894	0.10341
0.30488	0.31312	0.28767
0.46032	0.44132	0.4073
0.04651	0.06451	0.0566
0.26316	0.29144	0.27708
0.08772	0.09422	0.06054
0.10843	0.09346	0.08719
0.11043	0.11359	0.10548
0.13445	0.13417	0.13793
0.02963	0.02413	0.02688
0.32911	0.3152	0.28767
0.02222	0.01433	0.00461
0.07477	0.08621	0.06041
0.10156	0.08316	0.09238
0.18182	0.1603	0.11524
0.19469	0.19069	0.15714
0.04396	0.03651	0.01433
0.35537	0.34231	0.31504
0.0	0.0	0.0
0.14935	0.14494	0.10903
0.13821	0.11906	0.09677
0.31959	0.3209	0.30397
0.05172	0.04032	0.02106
0.12621	0.11243	0.10607
0.1	0.07365	0.03494
0.21111	0.17381	0.11787
0.3125	0.28804	0.25609
0.03409	0.01612	0.0146
0.08772	0.07979	0.10046
0.06796	0.05605	0.04247
0.2426	0.23936	0.1942
0.34831	0.34974	0.29089
0.06364	0.03284	0.0
0.38095	0.34254	0.25723
0.30337	0.29773	0.26318
0.08081	0.07493	0.02816
0.38346	0.36113	0.35634
0.10345	0.09872	0.09094
0.06796	0.06764	0.01587
0.01075	0.00555	0.0
0.27536	0.25432	0.23856
0.25	0.24193	0.22222
0.26667	0.24256	0.20716
0.19286	0.17718	0.13292
0.19792	0.19118	0.19459
0.07778	0.05878	0.03225
0.20513	0.17286	0.15469
0.025	0.02701	0.0247
0.09091	0.08764	0.09113
0.11111	0.09904	0.05581
0.18182	0.17954	0.1715
0.20769	0.19032	0.177
0.19697	0.18767	0.13517
0.40909	0.391	0.37922
0.22892	0.19392	0.1805
0.11404	0.11742	0.12948
0.14407	0.14514	0.12815
0.14286	0.11734	0.08188
0.0125	0.00645	0.0
0.03077	0.02332	0.01282
0.1716	0.14524	0.10558
0.13223	0.09169	0.05214
0.1457	0.11491	0.08623
0.1831	0.13673	0.05452
0.03636	0.01642	0.0
0.22785	0.19515	0.16396
0.26087	0.24611	0.24707
0.02667	0.02667	0.02083
0.06977	0.06451	0.07143
0.36364	0.30262	0.29491
0.29545	0.29909	0.23134
0.0625	0.0625	0.05128
0.0	0.0	0.0
0.21739	0.16548	0.11827
0.0	0.0	0.0
0.04545	0.04582	0.03774
0.0	0.0	0.0
0.19277	0.15972	0.13788
0.01724	0.00445	0.00759
0.1	0.06738	0.04633
0.10811	0.09154	0.07813
0.60976	0.59752	0.50724
0.05556	0.05062	0.02439
0.28049	0.25687	0.29092
0.26804	0.26836	0.2679
0.35156	0.35004	0.32551
0.24638	0.19726	0.1459
0.22667	0.21633	0.20864
0.16923	0.16774	0.12821
0.2449	0.18629	0.1603
0.07353	0.04126	0.01888
0.1	0.07548	0.06452
0.52273	0.52268	0.53276
0.27941	0.26421	0.23995
0.0	0.0	0.0
0.06796	0.06514	0.06919
0.02632	0.01697	0.0
0.16327	0.17401	0.18428
0.01667	0.01667	0.02778
0.14773	0.11326	0.09446
0.12857	0.11381	0.07713
0.28182	0.31465	0.29318
0.07576	0.07086	0.04878
0.10526	0.13921	0.16667
0.24242	0.21894	0.18589
0.0	0.0	0.0
0.02083	0.02688	0.04448
0.18797	0.16808	0.15028
0.01695	0.01695	0.0
0.36364	0.35091	0.29031
0.24074	0.1768	0.11859
0.01653	0.02479	0.0274
0.20896	0.17909	0.18048
0.44156	0.39	0.38287
0.62162	0.61723	0.62496
0.09859	0.08359	0.07813
0.06349	0.03635	0.03989
0.1087	0.09747	0.05357
0.28283	0.31182	0.32156
0.06383	0.03774	0.02419
0.16162	0.12837	0.08897
0.29808	0.29094	0.2459
0.68919	0.65427	0.58413
0.05556	0.0384	0.02564
0.12329	0.10516	0.04651
0.13433	0.13721	0.11935
0.06154	0.05657	0.04549
0.06723	0.05421	0.04626
0.17442	0.17929	0.16698
0.24074	0.24669	0.24727
0.3125	0.3125	0.28571
0.17949	0.19519	0.19635
0.09524	0.09575	0.08108
0.0625	0.0625	0.05128
0.10606	0.08406	0.07219
0.14103	0.11537	0.09743
0.35455	0.40729	0.41451
3.16667	2.96767	2.73957
0.12766	0.10704	0.09272
0.12821	0.11662	0.07786
0.14141	0.11305	0.09359
0.47368	0.51156	0.55064
0.08929	0.06681	0.0402
0.10938	0.11239	0.06621
0.01449	0.0187	0.03071
0.09091	0.07135	0.02632
0.08738	0.05668	0.03225
0.01408	0.00727	0.0
0.06818	0.05718	0.08986
0.11111	0.10752	0.05882
0.14706	0.14847	0.11981
0.05556	0.05674	0.05536
0.10959	0.09853	0.0896
0.21084	0.19548	0.18764
0.11538	0.09387	0.0803
0.32727	0.33371	0.32903
0.29323	0.2908	0.28468
0.11429	0.09031	0.0
0.18072	0.17217	0.17308
0.34043	0.24704	0.19665
0.06061	0.07787	0.09892
0.17647	0.15102	0.1445
0.17143	0.17143	0.17778
0.18367	0.18431	0.2075
0.09589	0.08881	0.07426
0.48333	0.48063	0.40153
0.31373	0.29851	0.38706
0.06557	0.0608	0.07932
0.16162	0.16258	0.17902
0.19685	0.17676	0.16005
0.09	0.09032	0.06557
0.0354	0.0137	0.0077
0.08889	0.0835	0.08093
0.25926	0.25565	0.21265
0.01111	0.00287	0.00461
0.03774	0.03774	0.02941
0.09677	0.09885	0.08234
0.27068	0.26436	0.24193
0.14286	0.11826	0.11662
0.17949	0.18196	0.12567
0.0	0.0	0.0
0.1	0.07454	0.05044
0.0625	0.0629	0.02
0.25773	0.24208	0.22409
0.16	0.12601	0.11182
0.10714	0.06796	0.05218
0.0	0.0	0.0
0.03774	0.00974	0.00782
0.18889	0.17311	0.13882
0.17647	0.16982	0.07692
0.19231	0.16438	0.13108
0.69231	0.64015	0.53467
0.21154	0.19788	0.16232
0.14925	0.13673	0.125
0.14	0.1387	0.1559
0.07576	0.07967	0.07692
0.01923	0.01923	0.01587
0.20769	0.20495	0.20725
0.35593	0.27007	0.224
0.14085	0.1363	0.09756
0.32558	0.32293	0.3642
0.30208	0.27954	0.2156
0.25301	0.24135	0.24069
0.49425	0.50424	0.42644
0.23729	0.22907	0.21305
0.30657	0.29172	0.32614
0.15054	0.12695	0.13695
0.3209	0.26743	0.20836
0.13158	0.1409	0.1217
0.19118	0.21628	0.18707
0.15217	0.13885	0.10979
0.12	0.12257	0.10157
0.13372	0.12021	0.09464
0.19643	0.18432	0.19061
0.19828	0.17212	0.14946
0.03529	0.02694	0.01961
0.40476	0.39169	0.28793
0.07812	0.07106	0.05263
0.45745	0.46533	0.42218
0.08411	0.0823	0.06997
0.15625	0.13608	0.09759
0.0597	0.05633	0.02381
0.26389	0.21906	0.19765
0.2	0.20167	0.18808
0.20652	0.18301	0.14859
0.08108	0.05709	0.04587
0.09677	0.0933	0.07407
0.18605	0.14815	0.13268
0.15152	0.16177	0.16522
0.31	0.29933	0.27105
0.03488	0.02626	0.01961
0.0	0.0	0.0
0.30357	0.28973	0.27467
0.11905	0.12442	0.11032
0.0	0.0	0.0
0.48333	0.45078	0.35342
0.30769	0.29073	0.26075
0.14286	0.13662	0.10256
0.02521	0.01084	0.01046
0.0	0.0	0.0
0.1	0.08136	0.09424
0.20619	0.1656	0.16019
0.22581	0.20117	0.16298
0.1028	0.09737	0.07937
0.15238	0.12902	0.08521
0.35088	0.35481	0.33751
0.4	0.4634	0.44083
0.24468	0.2354	0.213
0.08861	0.07186	0.04342
0.08	0.05354	0.04338
0.0	0.0	0.0
0.15909	0.11289	0.03969
0.0339	0.02597	0.01449
0.05932	0.0585	0.05634
0.16667	0.1387	0.111
0.15942	0.15846	0.14554
0.1134	0.1134	0.11475
0.43956	0.41544	0.32683
0.30508	0.30615	0.23028
0.01961	0.02024	0.0
0.15126	0.13282	0.12358
0.1625	0.14757	0.12516
0.08257	0.09381	0.09487
0.09709	0.09457	0.08225
0.13846	0.1392	0.09916
0.01639	0.01348	0.0
0.20408	0.17445	0.13333
0.14925	0.14491	0.13225
0.35897	0.34946	0.33333
0.06667	0.06667	0.05556
0.04167	0.04872	0.04389
0.1039	0.08126	0.0603
0.19355	0.18418	0.15789
0.11029	0.11574	0.11915
0.07692	0.07543	0.05128
0.225	0.225	0.18
0.13208	0.12538	0.11667
0.07333	0.05268	0.03849
0.16438	0.13344	0.1068
0.18824	0.2	0.19902
0.10219	0.07463	0.03698
0.47059	0.42928	0.354
0.29032	0.25179	0.27755
0.16364	0.15953	0.12903
0.1573	0.17071	0.14488
0.11842	0.10673	0.08943
0.54878	0.55623	0.50535
0.11765	0.07304	0.05585
0.09333	0.08773	0.1055
0.12821	0.13978	0.13932
0.15534	0.13685	0.11667
0.11538	0.07236	0.06383
0.07229	0.04275	0.03696
0.23077	0.14554	0.05375
0.18462	0.18114	0.15
0.20588	0.14466	0.10934
0.12987	0.10765	0.10348
0.25556	0.21217	0.13429
0.61111	0.57404	0.5655
0.07634	0.0756	0.0641
0.22449	0.18498	0.14193
0.26087	0.26087	0.2381
0.0625	0.0551	0.0339
0.16327	0.15863	0.19783
0.07407	0.05286	0.03421
0.33333	0.32208	0.28005
0.27848	0.28991	0.27083
0.0	0.0	0.0
0.16964	0.16415	0.14351
0.12903	0.13423	0.07979
0.7191	0.69076	0.62898
0.03529	0.01518	0.0146
0.29032	0.33502	0.35392
0.475	0.41128	0.34064
0.14851	0.14532	0.13333
0.11667	0.1043	0.08824
0.28972	0.27975	0.24832
0.04878	0.04878	0.04167
0.0	0.0	0.0
0.28358	0.2749	0.22205
0.11828	0.09885	0.07604
0.25974	0.25301	0.19985
0.10101	0.10197	0.07065
0.08738	0.06732	0.05529
0.28767	0.27042	0.21739
0.28889	0.27168	0.27419
0.0	0.0	0.0
0.30769	0.31097	0.25133
0.1831	0.1531	0.12061
0.32432	0.27941	0.20644
0.20408	0.15733	0.1344
0.26667	0.25245	0.22579
0.06452	0.06452	0.05455
0.4	0.33868	0.30694
0.22378	0.21948	0.2326
0.12766	0.11255	0.0996
0.06383	0.04083	0.0089
0.05405	0.05259	0.0388
0.41111	0.37956	0.33582
0.15517	0.11734	0.10783
0.02941	0.02941	0.02326
0.04762	0.02764	0.0089
0.40217	0.37902	0.33842
0.0	0.0	0.0
0.41791	0.42315	0.40041
0.12658	0.13187	0.11598
0.20833	0.1765	0.12095
0.1828	0.17931	0.12053
0.13483	0.14243	0.14457
0.16071	0.12154	0.08159
0.13492	0.10547	0.09636
0.34783	0.31835	0.29692
0.57143	0.54912	0.46828
0.125	0.13479	0.08386
0.31111	0.30287	0.27742
0.28866	0.27967	0.24674
0.23913	0.19772	0.1779
0.15315	0.12902	0.12469
0.10687	0.0874	0.06533
0.08219	0.04197	0.03296
0.01786	0.02505	0.02544
0.1453	0.11938	0.09677
0.0303	0.03258	0.02224
0.1	0.06738	0.04633
0.13953	0.13259	0.11837
0.18519	0.18519	0.14706
0.20588	0.16666	0.17377
0.22857	0.22257	0.22372
0.15	0.08668	0.04962
0.18182	0.16861	0.13523
0.17045	0.16714	0.1554
0.16216	0.16912	0.14955
0.27586	0.2814	0.24842
0.18182	0.14074	0.12077
0.45122	0.4221	0.4059
0.23636	0.23548	0.21053
0.15854	0.15223	0.13337
1.0	0.89896	0.87092
0.15702	0.15702	0.12987
0.04717	0.05264	0.02977
0.21951	0.21951	0.19231
0.15	0.14708	0.11105
0.26	0.2232	0.19511
0.12766	0.10981	0.09904
0.03158	0.02648	0.01639
0.04054	0.034	0.05591
0.43662	0.42389	0.41523
0.69565	0.64235	0.63523
0.02143	0.02995	0.03077
0.21154	0.20408	0.16335
0.07362	0.07164	0.06
0.04478	0.01925	0.01843
0.10345	0.10455	0.11544
0.07595	0.07595	0.08247
0.12245	0.13757	0.19188
0.075	0.08521	0.07247
0.29545	0.27492	0.26623
0.04706	0.03149	0.02467
0.2	0.17131	0.17887
0.02326	0.02326	0.01961
0.13846	0.13474	0.11111
0.20354	0.1767	0.14203
0.0	0.0	0.0
0.30208	0.30811	0.32626
0.19658	0.18003	0.17158
0.07586	0.07007	0.05908
0.08235	0.06565	0.03922
0.28409	0.26684	0.23342
0.11333	0.09677	0.06941
0.08911	0.09453	0.0698
0.05952	0.05721	0.07096
0.22078	0.21385	0.21948
0.13483	0.10437	0.06147
0.33766	0.36989	0.40352
0.11429	0.08501	0.07823
0.06944	0.07303	0.06932
0.05479	0.04993	0.02326
0.08485	0.06392	0.06609
0.60748	0.58847	0.52266
0.07143	0.07741	0.03296
0.17526	0.13767	0.12321
0.22835	0.22426	0.16249
0.71818	0.67387	0.61148
0.0641	0.02646	0.01053
0.04673	0.04009	0.02729
0.19595	0.17086	0.14754
0.36066	0.3543	0.28754
0.07317	0.07041	0.05769
0.25	0.25234	0.27381
0.10959	0.09721	0.07833
0.21649	0.20118	0.14051
0.25556	0.24086	0.20204
0.0873	0.06783	0.04579
0.1195	0.10102	0.0814
0.1519	0.12044	0.09128
0.14474	0.10737	0.08027
0.15646	0.14768	0.1409
0.11719	0.11264	0.09598
0.14423	0.12251	0.11571
0.10596	0.0848	0.05813
0.42969	0.42412	0.40173
0.38462	0.34091	0.25483
0.29139	0.27771	0.26917
0.24074	0.19352	0.13696
0.25439	0.20966	0.164
0.17204	0.18243	0.18332
0.05941	0.06132	0.05142
0.29008	0.26814	0.23778
0.2037	0.16813	0.11024
0.34021	0.33119	0.24298
0.04878	0.03068	0.02467
0.22222	0.16286	0.14717
0.12245	0.10861	0.09625
0.1828	0.17898	0.2
0.21053	0.18539	0.19823
0.06364	0.06364	0.04412
0.16867	0.15584	0.13027
0.03774	0.0426	0.05882
0.26804	0.30096	0.28635
0.21333	0.18665	0.15357
0.04878	0.03973	0.04167
0.07914	0.0775	0.05952
0.09494	0.08799	0.05774
0.12048	0.10143	0.08163
0.03448	0.0393	0.03774
0.14035	0.14544	0.16468
0.19388	0.184	0.15254
0.23841	0.20998	0.16908
0.11842	0.10866	0.125
0.14894	0.12456	0.07654
0.19149	0.16609	0.15725
0.25694	0.25738	0.2335
0.07432	0.07475	0.06311
0.08602	0.06139	0.03168
0.17021	0.13794	0.06117
0.17568	0.19005	0.20429
0.24615	0.21437	0.19039
0.24051	0.25805	0.24596
0.13924	0.10657	0.09743
0.32787	0.3268	0.3
0.14634	0.1424	0.12245
0.15464	0.14965	0.13115
0.08108	0.08368	0.05329
0.09677	0.0933	0.07407
0.21154	0.19477	0.17613
0.41011	0.42112	0.41721
0.13445	0.11412	0.08263
0.23077	0.25062	0.25
0.18349	0.18051	0.198
0.21053	0.19821	0.21032
0.05825	0.07046	0.0897
0.13636	0.14536	0.15525
0.4486	0.45161	0.42288
0.088	0.07973	0.07605
0.43056	0.43186	0.32398
0.15556	0.14264	0.12053
0.29487	0.28036	0.2755
0.24359	0.16127	0.11849
0.13861	0.12647	0.09193
0.15385	0.14995	0.13793
0.0	0.0	0.0
0.42667	0.41115	0.36019
0.23308	0.20857	0.20684
0.01493	0.01348	0.0
0.05085	0.02842	0.01395
0.11504	0.10504	0.07868
0.25714	0.24852	0.20446
0.08182	0.06098	0.03628
0.20619	0.17092	0.14247
0.125	0.08669	0.0599
0.07339	0.08108	0.08015
0.22785	0.2507	0.25673
0.14286	0.14286	0.12766
0.12745	0.12745	0.11475
0.14504	0.12065	0.13433
0.09554	0.09615	0.10231
0.10791	0.10535	0.07795
0.31068	0.28559	0.2512
0.14286	0.16943	0.16818
0.18045	0.1734	0.15168
0.03185	0.02465	0.01248
0.16667	0.15688	0.14186
0.2	0.19191	0.17482
0.08955	0.09773	0.08777
0.08182	0.06422	0.0402
0.11258	0.08394	0.06484
0.06667	0.03655	0.02092
0.08772	0.08121	0.08814
0.1134	0.09643	0.0672
0.40496	0.37055	0.28779
0.13986	0.11616	0.09712
0.09877	0.07685	0.06008
0.44737	0.43205	0.37707
0.03333	0.03423	0.02809
0.12727	0.07682	0.03583
0.2268	0.27401	0.27233
0.12308	0.12257	0.10256
0.0	0.0	0.0
0.05085	0.06123	0.07996
0.04706	0.03301	0.03336
0.11364	0.1102	0.09763
0.40909	0.39514	0.37887
0.12245	0.12309	0.14924
0.17021	0.12147	0.07633
0.03419	0.03115	0.0137
0.19512	0.18056	0.15243
0.22642	0.20571	0.18569
0.05263	0.04754	0.04839
0.5618	0.57844	0.51728
0.18681	0.14745	0.10278
0.10256	0.06368	0.03094
0.01639	0.00846	0.0
0.75309	0.71681	0.68198
0.06931	0.038	0.02908
0.0202	0.01173	0.0
0.1087	0.08204	0.1258
0.08046	0.07193	0.04181
0.21622	0.21336	0.17203
0.04808	0.04342	0.03175
0.01667	0.01667	0.02778
0.2907	0.26255	0.2469
0.02198	0.01949	0.0
0.17857	0.14457	0.08422
0.10112	0.09061	0.11165
0.375	0.30819	0.30373
0.18478	0.16899	0.13069
0.31897	0.30197	0.23442
0.02151	0.01353	0.02287
0.16667	0.16667	0.16071
0.04	0.03118	0.01648
0.17742	0.18313	0.174
0.19178	0.18448	0.19244
0.02941	0.03225	0.03225
0.17797	0.16975	0.12231
0.02198	0.01808	0.01628
0.0	0.0	0.0
0.18421	0.16976	0.15287
0.22727	0.21919	0.20309
0.13043	0.13136	0.12828
0.00855	0.01709	0.02778
0.14925	0.14154	0.11443
0.05618	0.06742	0.07692
0.23944	0.21806	0.17937
0.14894	0.12696	0.11345
0.13462	0.11879	0.12197
0.16923	0.13149	0.08626
0.24272	0.23989	0.26203
0.01099	0.00992	0.0
0.37736	0.37126	0.39468
0.13333	0.06397	0.03583
0.26667	0.23117	0.18159
0.27027	0.2332	0.20107
0.11765	0.07447	0.04327
0.11111	0.1029	0.10695
0.0	0.0	0.0
0.10588	0.09715	0.09434
0.5	0.50296	0.46269
0.08333	0.06719	0.04726
0.26724	0.24888	0.23715
0.13008	0.11617	0.09889
0.02913	0.02693	0.01667
0.24286	0.22211	0.19941
0.10687	0.0911	0.06823
0.22857	0.22349	0.162
0.30435	0.30435	0.25352
0.23022	0.25083	0.22896
0.17241	0.14126	0.09873
0.49565	0.48583	0.44233
0.18519	0.18786	0.15394
0.12766	0.11633	0.09677
0.27586	0.3012	0.29219
0.18978	0.17918	0.16527
0.12	0.10515	0.10094
0.01429	0.0129	0.0
0.0	0.0	0.0
0.16393	0.19934	0.17316
0.18947	0.15007	0.12246
0.0597	0.0231	0.01985
0.21898	0.20648	0.18791
0.16949	0.11917	0.1152
0.06667	0.04892	0.00717
0.22414	0.28584	0.27027
0.17355	0.12102	0.10074
0.2125	0.17256	0.09555
0.16949	0.15527	0.16216
0.0	0.0	0.0
0.27835	0.26968	0.26121
0.11515	0.10185	0.09835
0.10959	0.10516	0.08696
0.02344	0.01966	0.0125
0.16429	0.16429	0.14607
0.14667	0.13935	0.115
0.01724	0.00445	0.00697
0.2037	0.19472	0.14666
0.09184	0.08953	0.06667
0.12727	0.12755	0.12454
0.1625	0.14191	0.12514
0.175	0.12901	0.10544
0.15152	0.16177	0.16522
0.19328	0.17701	0.18166
0.24194	0.21069	0.20371
0.0	0.0	0.0
0.15152	0.14726	0.1415
0.09375	0.09702	0.07218
0.0	0.0	0.0
0.28947	0.28309	0.26679
0.02667	0.02021	0.0
0.03883	0.03883	0.03125
0.11881	0.1153	0.09524
0.18644	0.123	0.08663
0.1625	0.15968	0.11765
0.16822	0.1667	0.11059
0.25974	0.24296	0.20966
0.65333	0.71864	0.65352
0.21277	0.15715	0.07633
0.25974	0.24465	0.22861
0.35714	0.35575	0.3146
0.07627	0.05877	0.03093
0.17442	0.16053	0.15243
0.32	0.31523	0.26342
0.14545	0.11114	0.09629
0.18644	0.15198	0.0905
0.05797	0.03178	0.01843
0.22785	0.24866	0.19825
0.28571	0.26601	0.23913
0.01653	0.02479	0.0274
0.03488	0.033	0.02729
0.16071	0.16071	0.11429
0.24211	0.25363	0.22012
0.17089	0.16863	0.1706
0.27723	0.2571	0.22097
0.07975	0.07282	0.05749
0.13534	0.12344	0.13862
0.2	0.14376	0.13877
0.21875	0.2147	0.19407
0.14737	0.1314	0.12003
0.36538	0.32442	0.24436
0.0875	0.07822	0.06383
0.21649	0.21646	0.20464
0.15	0.14258	0.13763
0.04396	0.04396	0.01852
0.01099	0.00709	0.0
0.09231	0.09231	0.07692
0.5	0.49424	0.42
0.03077	0.03077	0.02564
0.18627	0.2261	0.2389
0.12	0.12128	0.09677
0.18293	0.13295	0.0898
0.14286	0.11135	0.0909
0.31915	0.29989	0.32577
0.2193	0.22465	0.1849
0.17143	0.11059	0.06935
0.31313	0.27467	0.20834
0.37662	0.33639	0.30504
0.28788	0.28055	0.239
0.2625	0.25846	0.28273
0.23611	0.21458	0.14551
0.18519	0.13827	0.11216
0.31944	0.33692	0.33333
0.02727	0.01759	0.0
0.01429	0.0258	0.042
0.01031	0.01031	0.0
0.16667	0.16329	0.15503
0.04762	0.07576	0.129
0.17881	0.18115	0.14086
0.1831	0.16446	0.12258
0.1	0.1016	0.09549
0.45614	0.47423	0.50229
0.30769	0.27583	0.25133
0.31818	0.31011	0.24138
0.14103	0.11827	0.1068
0.21212	0.19939	0.16872
0.26027	0.2523	0.26105
0.14458	0.14418	0.13177
0.3125	0.30367	0.27273
0.275	0.30361	0.28358
0.16667	0.15661	0.09915
0.28571	0.28571	0.24561
0.23404	0.17155	0.18383
0.12766	0.12489	0.119
0.22093	0.19766	0.148
0.11927	0.11719	0.08955
0.125	0.08121	0.05422
0.16234	0.16338	0.15809
0.06977	0.06451	0.07143
0.32927	0.3265	0.31006
0.01724	0.00445	0.00759
0.15789	0.15167	0.13685
0.02649	0.02414	0.02222
0.12037	0.08392	0.06836
0.04167	0.03797	0.01695
0.02326	0.01913	0.0
0.02727	0.01613	0.01935
0.44186	0.44933	0.4615
0.10526	0.1177	0.10613
0.2963	0.27298	0.30359
0.16364	0.16364	0.18182
0.29167	0.28829	0.25181
0.25	0.22456	0.2
0.12844	0.14885	0.18509
0.21687	0.19237	0.17865
0.22047	0.2197	0.17067
0.07092	0.05307	0.03955
0.09333	0.0744	0.07481
0.06897	0.06874	0.05618
0.1875	0.18412	0.23125
