0.07273	0.06627	0.03333
0.44231	0.40073	0.43086
0.0678	0.04319	0.02941
0.32432	0.30424	0.30005
0.11765	0.08016	0.073
0.12308	0.09726	0.06103
0.21687	0.16945	0.13674
0.0678	0.0749	0.06061
0.03226	0.02445	0.0
0.05556	0.04516	0.04771
0.0	0.0	0.0
0.18644	0.18697	0.18767
0.125	0.09408	0.1129
0.23077	0.17988	0.144
0.08421	0.0584	0.04659
0.13861	0.12582	0.14054
0.09091	0.07565	0.03333
0.08791	0.09074	0.0721
0.04854	0.05605	0.08151
0.07843	0.03035	0.01843
0.0	0.0	0.0
0.08434	0.07772	0.09475
0.21277	0.24981	0.2348
0.01538	0.00992	0.0
0.24324	0.22143	0.22805
0.02614	0.0175	0.0
0.09091	0.08504	0.09247
0.22	0.19676	0.19231
0.37778	0.34049	0.33467
0.12195	0.0885	0.07956
0.5	0.43594	0.56238
0.11842	0.10143	0.10227
0.03448	0.02836	0.0
0.27835	0.28963	0.3333
0.05983	0.05073	0.01587
0.50943	0.49962	0.44948
0.20339	0.18261	0.19355
0.16667	0.13439	0.09004
0.16296	0.15435	0.1252
0.13208	0.13753	0.13526
0.01695	0.00875	0.0
0.12	0.0916	0.1029
0.24286	0.21843	0.21011
0.30909	0.26918	0.22486
0.34646	0.32587	0.33211
0.24138	0.23469	0.27116
0.44444	0.35769	0.32392
0.18	0.13612	0.12654
0.1519	0.13882	0.12622
0.44737	0.43121	0.32334
0.375	0.37045	0.41108
0.08108	0.05797	0.06451
0.15054	0.13005	0.14745
0.43636	0.37887	0.37633
0.13208	0.13753	0.13526
0.37615	0.35246	0.34108
0.19608	0.13218	0.14514
0.31683	0.28232	0.22975
0.60377	0.58547	0.54629
0.13559	0.14105	0.11894
0.1519	0.16127	0.18636
0.26761	0.25215	0.29898
0.0	0.0	0.0
0.05455	0.04575	0.03333
0.08824	0.08112	0.11713
0.2	0.15655	0.15974
0.30508	0.27554	0.31632
0.4	0.38296	0.31334
0.15663	0.14769	0.15121
0.14865	0.14865	0.13953
0.07216	0.07115	0.05375
0.37778	0.34049	0.33467
0.09639	0.09639	0.08696
0.0	0.0	0.0
0.08497	0.08497	0.07955
0.07595	0.07146	0.04348
0.0	0.0	0.0
0.59375	0.52264	0.54421
0.02632	0.01018	0.018
0.04274	0.0408	0.01587
0.0	0.0	0.0
0.275	0.26692	0.2982
0.16	0.16	0.15385
0.0	0.0	0.0
0.01852	0.01852	0.03448
0.0	0.0	0.0
0.13333	0.12043	0.11905
0.21429	0.2129	0.18919
0.26829	0.25649	0.24444
0.21818	0.19118	0.17417
0.22293	0.21409	0.19837
0.08475	0.07161	0.05241
0.14444	0.13547	0.16127
0.08434	0.08783	0.08204
0.0339	0.02788	0.02941
0.07595	0.07146	0.04348
0.02632	0.01018	0.018
0.07895	0.07767	0.06667
0.18812	0.16447	0.17146
0.4537	0.46534	0.4791
0.13187	0.11342	0.10751
0.05825	0.05824	0.04633
0.09639	0.09327	0.09004
0.12766	0.1647	0.1548
0.15033	0.1577	0.15285
0.18803	0.16403	0.12646
0.05556	0.04898	0.03448
0.03947	0.03692	0.012
0.19048	0.1646	0.15759
0.17105	0.15618	0.15556
0.27143	0.247	0.23714
0.28889	0.28136	0.27688
0.28889	0.27561	0.29775
0.28814	0.29688	0.32353
0.10638	0.12628	0.1174
0.27692	0.23969	0.25719
0.16456	0.16659	0.18136
0.15789	0.15662	0.15556
0.32394	0.32394	0.31707
0.08911	0.07409	0.04414
0.20755	0.19962	0.22371
0.0	0.0	0.0
0.29114	0.30256	0.29891
0.225	0.25079	0.23511
0.14013	0.12389	0.12384
0.15385	0.15582	0.12903
0.51546	0.50614	0.50989
0.05769	0.04838	0.08387
0.25743	0.25423	0.23214
0.15254	0.16785	0.15152
0.40157	0.40106	0.4089
0.08621	0.07397	0.05544
0.04054	0.01743	0.018
0.0202	0.0202	0.01887
0.22018	0.2113	0.2258
0.05769	0.04838	0.08387
0.07692	0.04863	0.04097
0.05556	0.04898	0.03448
0.15596	0.14382	0.12003
0.39024	0.35638	0.37844
0.38028	0.35299	0.35717
0.14737	0.12054	0.10215
0.22222	0.19532	0.20842
0.16667	0.15097	0.1137
0.46341	0.3792	0.37058
0.24603	0.22785	0.20737
0.13043	0.08835	0.10829
0.14815	0.15889	0.18507
0.11765	0.11053	0.11884
0.34646	0.32484	0.31211
0.04054	0.01743	0.018
0.0202	0.0202	0.01887
0.0	0.0	0.0
0.34921	0.36119	0.33636
0.19802	0.15169	0.14918
0.03659	0.03894	0.0344
0.0303	0.03193	0.03774
0.275	0.25684	0.27167
0.19108	0.18696	0.15757
0.15789	0.15789	0.14815
0.20833	0.20161	0.175
0.09259	0.12574	0.13802
0.36538	0.33685	0.33064
0.03297	0.03332	0.01961
0.16505	0.16066	0.16364
0.01613	0.01613	0.0
0.10526	0.09295	0.10227
0.30909	0.30498	0.26667
0.11852	0.11517	0.09592
0.23704	0.2253	0.25549
0.16949	0.15692	0.16129
0.05556	0.04516	0.04771
0.0	0.0	0.0
0.18644	0.18697	0.18767
0.23077	0.17988	0.144
0.27835	0.28963	0.3333
0.07843	0.03035	0.01843
0.225	0.25079	0.23511
0.50943	0.49962	0.44948
0.0678	0.0749	0.06061
0.24286	0.21843	0.21011
0.20339	0.18261	0.19355
0.24138	0.23469	0.27116
0.51546	0.50614	0.50989
0.44444	0.35769	0.32392
0.03659	0.03894	0.0344
0.375	0.37045	0.41108
0.18	0.13612	0.12654
0.18803	0.16403	0.12646
0.08108	0.05797	0.06451
0.15054	0.13005	0.14745
0.12308	0.09726	0.06103
0.1519	0.16127	0.18636
0.275	0.25684	0.27167
0.43636	0.37887	0.37633
0.17105	0.15618	0.15556
0.19608	0.13218	0.14514
0.46341	0.3792	0.37058
0.26761	0.25215	0.29898
0.31683	0.28232	0.22975
0.23704	0.2253	0.25549
0.13208	0.13753	0.13526
0.4	0.38296	0.31334
0.0	0.0	0.0
0.15789	0.15789	0.14815
0.28889	0.27561	0.29775
0.20833	0.20161	0.175
0.25743	0.25423	0.23214
0.15254	0.16785	0.15152
0.09259	0.12574	0.13802
0.08824	0.08112	0.11713
0.09639	0.09639	0.08696
0.16505	0.16066	0.16364
0.14865	0.14865	0.13953
0.0	0.0	0.0
0.0	0.0	0.0
0.40157	0.40106	0.4089
0.08497	0.08497	0.07955
0.07595	0.07146	0.04348
0.10526	0.09295	0.10227
0.37778	0.34049	0.33467
0.0	0.0	0.0
0.59375	0.52264	0.54421
0.16	0.16	0.15385
0.27692	0.23969	0.25719
0.16456	0.16659	0.18136
0.275	0.26692	0.2982
0.01852	0.01852	0.03448
0.24603	0.22785	0.20737
0.30909	0.30498	0.26667
0.15789	0.15662	0.15556
0.0	0.0	0.0
0.32394	0.32394	0.31707
0.20755	0.19962	0.22371
0.0	0.0	0.0
0.08475	0.07161	0.05241
0.13333	0.12043	0.11905
0.21429	0.2129	0.18919
0.16949	0.15692	0.16129
0.21818	0.19118	0.17417
0.01538	0.00992	0.0
0.34646	0.32484	0.31211
0.07595	0.07146	0.04348
0.02632	0.01018	0.018
0.16296	0.15435	0.1252
0.22222	0.19532	0.20842
0.44231	0.40073	0.43086
0.21687	0.16945	0.13674
0.03947	0.03692	0.012
0.37615	0.35246	0.34108
0.60377	0.58547	0.54629
0.30508	0.27554	0.31632
0.28889	0.28136	0.27688
0.05455	0.04575	0.03333
0.36538	0.33685	0.33064
0.28814	0.29688	0.32353
0.10638	0.12628	0.1174
0.07216	0.07115	0.05375
0.04054	0.01743	0.018
0.0202	0.0202	0.01887
0.0	0.0	0.0
0.22293	0.21409	0.19837
0.08421	0.0584	0.04659
0.14444	0.13547	0.16127
0.125	0.09408	0.1129
0.13861	0.12582	0.14054
0.09091	0.07565	0.03333
0.14815	0.15889	0.18507
0.11765	0.11053	0.11884
0.08434	0.08783	0.08204
0.08791	0.09074	0.0721
0.0339	0.02788	0.02941
0.04854	0.05605	0.08151
0.08434	0.07772	0.09475
0.24324	0.22143	0.22805
0.21277	0.24981	0.2348
0.0	0.0	0.0
0.02614	0.0175	0.0
0.11842	0.10143	0.10227
0.03448	0.02836	0.0
0.37778	0.34049	0.33467
0.12195	0.0885	0.07956
0.5	0.43594	0.56238
0.22	0.19676	0.19231
0.05983	0.05073	0.01587
0.05769	0.04838	0.08387
0.04054	0.01743	0.018
0.0202	0.0202	0.01887
0.0	0.0	0.0
0.07692	0.04863	0.04097
0.29114	0.30256	0.29891
0.05556	0.04898	0.03448
0.34921	0.36119	0.33636
0.09091	0.08504	0.09247
0.15596	0.14382	0.12003
0.07895	0.07767	0.06667
0.39024	0.35638	0.37844
0.38028	0.35299	0.35717
0.18812	0.16447	0.17146
0.14013	0.12389	0.12384
0.13208	0.13753	0.13526
0.01695	0.00875	0.0
0.12	0.0916	0.1029
0.30909	0.26918	0.22486
0.16667	0.13439	0.09004
0.13043	0.08835	0.10829
0.14737	0.12054	0.10215
0.16667	0.15097	0.1137
0.19802	0.15169	0.14918
0.07273	0.06627	0.03333
0.4537	0.46534	0.4791
0.11765	0.08016	0.073
0.13187	0.11342	0.10751
0.0678	0.04319	0.02941
0.05825	0.05824	0.04633
0.09639	0.09327	0.09004
0.32432	0.30424	0.30005
0.12766	0.1647	0.1548
0.03226	0.02445	0.0
0.15385	0.15582	0.12903
0.34646	0.32587	0.33211
0.15033	0.1577	0.15285
0.1519	0.13882	0.12622
0.44737	0.43121	0.32334
0.05769	0.04838	0.08387
0.0303	0.03193	0.03774
0.05556	0.04898	0.03448
0.19048	0.1646	0.15759
0.19108	0.18696	0.15757
0.13559	0.14105	0.11894
0.2	0.15655	0.15974
0.27143	0.247	0.23714
0.03297	0.03332	0.01961
0.15663	0.14769	0.15121
0.01613	0.01613	0.0
0.08621	0.07397	0.05544
0.04274	0.0408	0.01587
0.02632	0.01018	0.018
0.22018	0.2113	0.2258
0.26829	0.25649	0.24444
0.08911	0.07409	0.04414
0.11852	0.11517	0.09592
0.125	0.09408	0.1129
0.0	0.0	0.0
0.14444	0.13547	0.16127
0.18644	0.18697	0.18767
0.225	0.25079	0.23511
0.08791	0.09074	0.0721
0.04854	0.05605	0.08151
0.11765	0.11053	0.11884
0.23077	0.17988	0.144
0.08434	0.08783	0.08204
0.08434	0.07772	0.09475
0.24324	0.22143	0.22805
0.34646	0.32484	0.31211
0.04054	0.01743	0.018
0.0202	0.0202	0.01887
0.12195	0.0885	0.07956
0.22	0.19676	0.19231
0.03448	0.02836	0.0
0.37778	0.34049	0.33467
0.05769	0.04838	0.08387
0.01695	0.00875	0.0
0.24286	0.21843	0.21011
0.07895	0.07767	0.06667
0.34921	0.36119	0.33636
0.05556	0.04898	0.03448
0.02632	0.01018	0.018
0.38028	0.35299	0.35717
0.14013	0.12389	0.12384
0.16296	0.15435	0.1252
0.13043	0.08835	0.10829
0.20339	0.18261	0.19355
0.30909	0.26918	0.22486
0.16667	0.13439	0.09004
0.14737	0.12054	0.10215
0.16667	0.15097	0.1137
0.19802	0.15169	0.14918
0.4537	0.46534	0.4791
0.21687	0.16945	0.13674
0.12766	0.1647	0.1548
0.32432	0.30424	0.30005
0.0678	0.04319	0.02941
0.09639	0.09327	0.09004
0.03226	0.02445	0.0
0.51546	0.50614	0.50989
0.05825	0.05824	0.04633
0.34646	0.32587	0.33211
0.44737	0.43121	0.32334
0.24138	0.23469	0.27116
0.18803	0.16403	0.12646
0.05769	0.04838	0.08387
0.12308	0.09726	0.06103
0.19608	0.13218	0.14514
0.375	0.37045	0.41108
0.18	0.13612	0.12654
0.275	0.25684	0.27167
0.43636	0.37887	0.37633
0.37615	0.35246	0.34108
0.13208	0.13753	0.13526
0.13559	0.14105	0.11894
0.2	0.15655	0.15974
0.4	0.38296	0.31334
0.27143	0.247	0.23714
0.28889	0.28136	0.27688
0.0	0.0	0.0
0.46341	0.3792	0.37058
0.31683	0.28232	0.22975
0.60377	0.58547	0.54629
0.28889	0.27561	0.29775
0.15254	0.16785	0.15152
0.36538	0.33685	0.33064
0.10638	0.12628	0.1174
0.25743	0.25423	0.23214
0.05455	0.04575	0.03333
0.03297	0.03332	0.01961
0.28814	0.29688	0.32353
0.08824	0.08112	0.11713
0.09639	0.09639	0.08696
0.37778	0.34049	0.33467
0.16	0.16	0.15385
0.0	0.0	0.0
0.0	0.0	0.0
0.08621	0.07397	0.05544
0.07216	0.07115	0.05375
0.04054	0.01743	0.018
0.0202	0.0202	0.01887
0.07595	0.07146	0.04348
0.10526	0.09295	0.10227
0.59375	0.52264	0.54421
0.02632	0.01018	0.018
0.01852	0.01852	0.03448
0.22018	0.2113	0.2258
0.27692	0.23969	0.25719
0.0	0.0	0.0
0.26829	0.25649	0.24444
0.20755	0.19962	0.22371
0.0	0.0	0.0
0.08475	0.07161	0.05241
0.13333	0.12043	0.11905
0.08421	0.0584	0.04659
0.13861	0.12582	0.14054
0.14815	0.15889	0.18507
0.27835	0.28963	0.3333
0.05983	0.05073	0.01587
0.39024	0.35638	0.37844
0.44231	0.40073	0.43086
0.0303	0.03193	0.03774
0.26761	0.25215	0.29898
0.19108	0.18696	0.15757
0.15789	0.15789	0.14815
0.40157	0.40106	0.4089
0.16456	0.16659	0.18136
0.0339	0.02788	0.02941
0.0	0.0	0.0
0.02614	0.0175	0.0
0.07843	0.03035	0.01843
0.18812	0.16447	0.17146
0.07273	0.06627	0.03333
0.13187	0.11342	0.10751
0.44444	0.35769	0.32392
0.1519	0.16127	0.18636
0.03947	0.03692	0.012
0.17105	0.15618	0.15556
0.09259	0.12574	0.13802
0.16505	0.16066	0.16364
0.14865	0.14865	0.13953
0.01613	0.01613	0.0
0.04274	0.0408	0.01587
0.0	0.0	0.0
0.275	0.26692	0.2982
0.24603	0.22785	0.20737
0.30909	0.30498	0.26667
0.15789	0.15662	0.15556
0.32394	0.32394	0.31707
0.08911	0.07409	0.04414
0.22293	0.21409	0.19837
0.11852	0.11517	0.09592
0.16949	0.15692	0.16129
0.05556	0.04516	0.04771
0.21277	0.24981	0.2348
0.01538	0.00992	0.0
0.07595	0.07146	0.04348
0.11842	0.10143	0.10227
0.07692	0.04863	0.04097
0.29114	0.30256	0.29891
0.09091	0.08504	0.09247
0.15596	0.14382	0.12003
0.50943	0.49962	0.44948
0.13208	0.13753	0.13526
0.12	0.0916	0.1029
0.22222	0.19532	0.20842
0.11765	0.08016	0.073
0.15385	0.15582	0.12903
0.15033	0.1577	0.15285
0.15054	0.13005	0.14745
0.30508	0.27554	0.31632
0.20833	0.20161	0.175
0.21818	0.19118	0.17417
0.09091	0.07565	0.03333
0.5	0.43594	0.56238
0.0	0.0	0.0
0.0678	0.0749	0.06061
0.1519	0.13882	0.12622
0.03659	0.03894	0.0344
0.08108	0.05797	0.06451
0.05556	0.04898	0.03448
0.19048	0.1646	0.15759
0.23704	0.2253	0.25549
0.15663	0.14769	0.15121
0.08497	0.08497	0.07955
0.0	0.0	0.0
0.21429	0.2129	0.18919
0.0	0.0	0.0
0.32759	0.31921	0.29214
0.34483	0.33479	0.35409
0.2	0.2	0.21429
0.22449	0.21592	0.19711
0.43636	0.39354	0.40398
0.0	0.0	0.0
0.36538	0.40073	0.45157
0.5098	0.50408	0.545
0.27451	0.25804	0.27169
0.37097	0.33295	0.30262
0.01887	0.00974	0.0
0.21429	0.20795	0.19355
0.26667	0.2272	0.27855
0.11594	0.11874	0.07774
0.0	0.0	0.0
0.24138	0.20578	0.22681
0.07812	0.0887	0.05714
0.08955	0.07461	0.06189
0.10769	0.09181	0.07406
0.0	0.0	0.0
0.13158	0.13073	0.13115
0.25316	0.25356	0.24122
0.11538	0.09181	0.13014
0.08571	0.05806	0.02926
0.28125	0.28125	0.26471
0.51163	0.48836	0.48386
0.05882	0.04933	0.03893
0.17241	0.16296	0.14932
0.01562	0.00806	0.0
0.23171	0.21241	0.15991
0.16129	0.17349	0.21676
0.32653	0.29557	0.24133
0.78788	0.78664	0.77752
0.0	0.0	0.0
0.24658	0.19927	0.14976
0.0	0.0	0.0
0.10345	0.10345	0.08571
0.46465	0.45616	0.47291
0.31959	0.2993	0.28211
0.10638	0.0947	0.08808
0.06122	0.07504	0.09561
0.33333	0.34663	0.35484
0.00685	0.0053	0.0098
0.23529	0.23529	0.3
0.52747	0.55969	0.55975
0.125	0.1196	0.07407
0.51546	0.52108	0.55552
0.23729	0.20664	0.22188
0.5	0.48874	0.51352
0.22807	0.22577	0.17438
0.2625	0.2504	0.25581
0.1383	0.10773	0.07911
0.18	0.16128	0.16844
0.32653	0.32653	0.30769
0.28947	0.25168	0.23348
0.09091	0.09567	0.1
0.05319	0.05868	0.0625
0.25532	0.22715	0.22331
0.25373	0.24698	0.21816
0.19388	0.18433	0.18182
0.2029	0.2029	0.21053
0.11392	0.11432	0.11078
0.08333	0.09138	0.07713
0.49153	0.40839	0.45517
0.15556	0.09389	0.0916
0.28125	0.20008	0.17
0.375	0.32256	0.32994
0.21176	0.21592	0.20862
0.26389	0.2594	0.26829
0.54902	0.5591	0.60278
0.21591	0.21405	0.2619
0.23364	0.20078	0.18698
0.29545	0.29102	0.31413
0.2625	0.27055	0.31356
0.39024	0.32412	0.25038
0.16279	0.14328	0.125
0.20896	0.19451	0.16667
0.14286	0.12949	0.14211
0.12281	0.08714	0.11029
0.15873	0.15257	0.12727
0.07843	0.07653	0.10714
0.02727	0.02639	0.01724
0.11538	0.09181	0.13014
0.33333	0.27483	0.35479
0.15686	0.1929	0.23386
0.13483	0.14098	0.1574
0.4321	0.40617	0.4095
0.17647	0.15938	0.14435
0.36559	0.36314	0.32017
0.08955	0.06306	0.05432
0.2	0.16692	0.13636
0.04167	0.04167	0.03571
0.0	0.0	0.0
0.25	0.21901	0.17625
0.21348	0.20587	0.19565
0.02128	0.01098	0.00956
0.1	0.08294	0.09932
0.30508	0.30508	0.3125
0.0	0.0	0.0
0.11111	0.07107	0.02764
0.15702	0.13062	0.09091
0.07812	0.063	0.05263
0.09589	0.0844	0.07692
0.10667	0.10321	0.1395
0.19231	0.17865	0.18605
0.09677	0.08844	0.07246
0.19118	0.16222	0.15631
0.4386	0.44821	0.50145
0.14062	0.1517	0.16224
0.43089	0.42144	0.41796
0.16854	0.15185	0.1468
0.04255	0.01098	0.00956
0.06122	0.0441	0.00956
0.10526	0.09789	0.07387
0.44898	0.42524	0.48859
0.04651	0.04651	0.04
0.37097	0.24397	0.21558
0.10101	0.10101	0.10714
0.34884	0.30716	0.32318
0.34694	0.3318	0.30585
0.35088	0.31746	0.37665
0.17582	0.1627	0.11808
0.11111	0.0876	0.11253
0.16667	0.1669	0.17461
0.23188	0.20522	0.17826
0.39286	0.33061	0.37194
0.09677	0.08897	0.10655
0.11702	0.09265	0.08841
0.0	0.0	0.0
0.11811	0.1143	0.11429
0.125	0.12136	0.13802
0.58333	0.56988	0.56785
0.49206	0.48386	0.48386
0.14894	0.13038	0.11785
0.25	0.21213	0.16335
0.17188	0.17338	0.1751
0.26923	0.22765	0.21123
0.03509	0.03509	0.03333
0.14141	0.13098	0.12375
0.09615	0.049	0.05414
0.33333	0.32325	0.32
0.37705	0.3141	0.296
0.24107	0.20851	0.20173
0.14925	0.10446	0.11917
0.44643	0.4153	0.39748
0.07895	0.07767	0.05128
0.44186	0.35105	0.36017
0.06557	0.06557	0.05714
0.1129	0.11445	0.11142
0.16	0.13676	0.1214
0.2807	0.2037	0.18473
0.07273	0.06744	0.09468
0.1	0.08805	0.07389
0.1194	0.11218	0.11429
0.10377	0.06998	0.03694
0.2716	0.25127	0.25662
0.34921	0.29389	0.28747
0.33333	0.28519	0.28747
0.2931	0.25193	0.25529
0.0	0.0	0.0
0.09677	0.09571	0.11111
0.33	0.25964	0.25359
0.15068	0.14936	0.16667
0.1194	0.10254	0.05017
0.14545	0.10087	0.08669
0.05263	0.05884	0.07906
0.21622	0.17915	0.1778
0.08889	0.05949	0.04082
0.05405	0.04751	0.025
0.50667	0.48731	0.4579
0.22951	0.18402	0.20682
0.03704	0.03425	0.02174
0.4	0.4	0.42105
0.14815	0.09496	0.0645
0.0241	0.02293	0.02273
0.17143	0.1539	0.16976
0.52113	0.51469	0.51784
0.0625	0.03494	0.01843
0.31633	0.31633	0.29825
0.19753	0.15291	0.12595
0.0	0.0	0.0
0.01613	0.01613	0.02778
0.22449	0.21493	0.21618
0.04	0.02881	0.0361
0.38356	0.41933	0.43112
0.42857	0.39561	0.39642
0.22581	0.22581	0.22222
0.27473	0.26869	0.27584
0.18519	0.19115	0.20187
0.04286	0.01843	0.01985
0.35802	0.35641	0.30749
0.03226	0.02705	0.0
0.46939	0.39694	0.3357
0.32609	0.30783	0.30555
0.07143	0.0697	0.03333
0.10606	0.10067	0.09048
0.10294	0.0925	0.07113
0.18644	0.11644	0.08918
0.07895	0.08955	0.11443
0.0	0.0	0.0
0.22093	0.21116	0.24157
0.26263	0.24828	0.23768
0.02941	0.00759	0.0
0.17241	0.13514	0.12174
0.11364	0.09823	0.07392
0.25397	0.18278	0.23361
0.14035	0.11033	0.09884
0.02878	0.01926	0.00688
0.22973	0.17609	0.16953
0.2439	0.26983	0.33329
0.19672	0.1909	0.17647
0.07143	0.06067	0.05609
0.15152	0.07427	0.02867
0.2093	0.18153	0.18817
0.23404	0.22098	0.2043
0.0	0.0	0.0
1.04762	0.94929	0.97945
0.08929	0.10714	0.125
0.0	0.0	0.0
0.10909	0.078	0.09907
0.41892	0.40885	0.45238
0.08738	0.07296	0.0506
0.31579	0.22832	0.21035
0.32653	0.29557	0.24133
0.07143	0.06041	0.04883
0.0339	0.0339	0.02941
0.03125	0.03125	0.02857
0.15278	0.15319	0.14432
0.31325	0.32294	0.3658
0.11628	0.10051	0.09408
0.04819	0.03964	0.02174
0.09231	0.08412	0.06944
0.17742	0.14931	0.09767
0.19298	0.23825	0.28063
0.10417	0.09408	0.06897
0.15686	0.11194	0.09907
0.13415	0.1243	0.12228
0.17978	0.16889	0.15958
0.18644	0.14049	0.12712
0.0	0.0	0.0
0.44828	0.43232	0.4899
0.25301	0.22267	0.23869
0.26087	0.23374	0.23089
0.0	0.0	0.0
0.06897	0.06897	0.03125
0.2807	0.27389	0.28923
0.0	0.0	0.0
0.36066	0.3363	0.32703
0.0	0.0	0.0
0.18841	0.17717	0.14908
0.24107	0.22003	0.17845
0.35897	0.31015	0.4053
0.28125	0.27014	0.28419
0.05932	0.05959	0.04412
0.29545	0.29545	0.30435
0.10976	0.10739	0.12329
0.19231	0.17782	0.18153
0.07576	0.08064	0.12544
0.06944	0.0336	0.01985
0.04167	0.04167	0.03571
0.0	0.0	0.0
0.1129	0.08584	0.03931
0.32609	0.29941	0.31318
0.38667	0.38021	0.39024
0.0137	0.00707	0.0
0.22308	0.22308	0.21127
0.09677	0.04942	0.04331
0.02632	0.01995	0.02381
0.13636	0.09675	0.10212
0.37113	0.35085	0.35015
0.03922	0.02276	0.0
0.47	0.46353	0.46139
0.26562	0.18395	0.14297
0.26531	0.31531	0.33721
0.0	0.0	0.0
0.13187	0.13187	0.13462
0.21154	0.18298	0.13014
0.19355	0.17477	0.16667
0.40659	0.36612	0.29028
0.0	0.0	0.0
0.05263	0.0498	0.04939
0.22581	0.19561	0.23833
0.15888	0.15134	0.12963
0.06667	0.06021	0.06137
0.24194	0.2258	0.20588
0.22609	0.21428	0.20866
0.68852	0.68905	0.7027
0.17949	0.16708	0.14286
0.06329	0.04654	0.05018
0.11111	0.06809	0.07815
0.225	0.21733	0.24613
0.09639	0.07928	0.06738
0.27957	0.27642	0.23415
0.11268	0.10494	0.10856
0.61905	0.61905	0.61538
0.00901	0.00814	0.0
0.05682	0.04068	0.02106
0.3	0.26987	0.20394
0.26531	0.2429	0.24122
0.0	0.0	0.0
0.1134	0.10641	0.12333
0.10909	0.06744	0.0635
0.01923	0.00496	0.0
0.25333	0.23073	0.25507
0.0566	0.05234	0.03333
0.17391	0.14678	0.15081
0.01961	0.01012	0.0
0.61224	0.58257	0.58062
0.10526	0.10865	0.12257
0.35385	0.27442	0.25894
0.19149	0.18255	0.21504
0.44156	0.49639	0.50933
0.24074	0.24252	0.24436
0.06452	0.05801	0.10199
0.22727	0.21994	0.21622
0.18182	0.17152	0.23517
0.2	0.1706	0.18182
0.26154	0.2114	0.1364
0.53846	0.49192	0.4205
0.08434	0.075	0.06245
0.07447	0.0422	0.03032
0.04688	0.02369	0.04331
0.14563	0.11837	0.07186
0.1831	0.16446	0.14634
0.09091	0.09425	0.08551
0.325	0.32619	0.33044
0.14894	0.10019	0.04181
0.06818	0.06818	0.06522
0.04762	0.04762	0.04
0.06383	0.05765	0.05556
0.10606	0.11094	0.15322
0.49383	0.49579	0.59996
0.34177	0.32705	0.29943
0.29167	0.28225	0.25
0.07692	0.03969	0.06228
0.16867	0.16867	0.18182
0.47619	0.4229	0.44647
0.27381	0.22618	0.20429
0.04673	0.04944	0.04623
0.07463	0.05296	0.02778
0.21176	0.13774	0.13268
0.23684	0.19182	0.26285
0.31884	0.32209	0.31948
0.2459	0.24218	0.25141
0.08333	0.06854	0.04167
0.32143	0.3047	0.27719
0.30556	0.23385	0.16049
0.26984	0.27083	0.30773
0.19737	0.18843	0.20198
0.18667	0.18667	0.17073
0.3662	0.32755	0.34382
0.2561	0.273	0.32046
0.35714	0.29031	0.26054
0.0125	0.0125	0.02222
0.43902	0.35166	0.35883
0.16071	0.12988	0.13051
0.25	0.21772	0.19276
0.05455	0.08504	0.16704
0.31068	0.2834	0.26842
0.36765	0.40128	0.48032
0.31148	0.29031	0.25024
0.44715	0.40885	0.42609
0.12	0.08612	0.072
0.65217	0.51326	0.44512
0.11579	0.11579	0.11111
0.29268	0.24665	0.23612
0.03636	0.02756	0.03333
0.26087	0.19493	0.16128
0.36047	0.32333	0.3458
0.25	0.25428	0.18709
0.47143	0.48386	0.556
0.09302	0.06226	0.05718
0.32353	0.29647	0.29031
0.24324	0.18395	0.14438
0.11321	0.10894	0.12121
0.18	0.19095	0.17714
0.20988	0.20988	0.17391
0.0	0.0	0.0
0.23276	0.23385	0.28137
0.0625	0.03494	0.01843
0.10078	0.07301	0.03397
0.19048	0.18176	0.185
0.14286	0.13709	0.09475
0.23256	0.24756	0.28891
0.22222	0.18278	0.12531
0.65306	0.61616	0.65
0.1791	0.12854	0.11611
0.04839	0.03642	0.03594
0.34091	0.32184	0.32
0.03061	0.01974	0.0
0.08247	0.05653	0.02287
0.05185	0.04133	0.03137
0.2	0.19622	0.15725
0.39189	0.38489	0.44083
0.2973	0.27591	0.306
0.2437	0.20275	0.17718
0.03529	0.03794	0.02932
0.07937	0.07679	0.0625
0.07547	0.09675	0.09052
0.56716	0.62584	0.69975
0.13158	0.1337	0.15385
0.13333	0.10033	0.08772
0.05263	0.08374	0.15397
0.17333	0.17333	0.17073
0.04167	0.04167	0.0
0.41176	0.40161	0.39997
0.17647	0.17425	0.19643
0.18519	0.14754	0.16462
0.225	0.1903	0.24267
0.05495	0.06522	0.0825
0.07463	0.0674	0.05714
0.18987	0.17272	0.15991
0.17949	0.15218	0.15602
0.42593	0.41813	0.50197
0.1791	0.12661	0.09677
0.18421	0.13963	0.12595
0.20833	0.20751	0.22819
0.14815	0.14606	0.13115
0.11765	0.07463	0.09907
0.05556	0.03285	0.0
0.30303	0.30156	0.30952
0.06944	0.05151	0.03486
0.03077	0.01588	0.01395
0.04348	0.0291	0.02621
0.09434	0.08368	0.02097
0.28358	0.29249	0.29072
0.0979	0.09406	0.07009
0.17021	0.19628	0.19711
0.1	0.09354	0.06977
0.02	0.02322	0.02224
0.19512	0.12822	0.07219
0.25	0.22341	0.23708
0.49333	0.46363	0.46654
0.14286	0.09446	0.1137
0.18644	0.16811	0.19491
0.11538	0.1129	0.08333
0.02597	0.02597	0.02273
0.82014	0.76929	0.77575
0.27119	0.25532	0.19165
0.04545	0.04545	0.04387
0.04819	0.04819	0.0
0.16393	0.13748	0.12364
0.09639	0.08355	0.05132
0.20513	0.21587	0.17391
0.34328	0.298	0.28873
0.05333	0.05333	0.04545
0.2093	0.2093	0.21277
0.22973	0.20813	0.19087
0.12121	0.11142	0.05263
0.52632	0.50505	0.48243
0.10204	0.05727	0.02867
0.34109	0.34109	0.34783
0.28261	0.2335	0.23893
0.08861	0.10208	0.07643
0.05085	0.05085	0.02941
0.19298	0.16128	0.14467
0.11628	0.09864	0.08647
0.31193	0.28113	0.26056
0.15789	0.1494	0.13333
0.21333	0.19524	0.19797
0.18182	0.22091	0.20339
0.22826	0.26507	0.30412
0.05263	0.04668	0.02564
0.34211	0.29792	0.29488
0.10526	0.11162	0.09676
0.07767	0.06795	0.0506
0.19048	0.14169	0.15337
0.0	0.0	0.0
0.1405	0.13889	0.13235
0.25893	0.21917	0.23348
0.4557	0.38544	0.37536
0.15238	0.13148	0.12569
0.05455	0.03929	0.03333
0.18103	0.17408	0.16228
0.12308	0.09577	0.09139
0.26471	0.23434	0.19272
0.0991	0.09444	0.07544
0.23664	0.24378	0.23569
0.08333	0.08817	0.10986
0.05085	0.02186	0.02276
0.0	0.0	0.0
0.24096	0.20559	0.18351
0.13636	0.108	0.12544
0.14667	0.11612	0.08371
0.13514	0.136	0.16743
0.17757	0.1673	0.15971
0.04673	0.04462	0.0339
0.08434	0.07851	0.08
0.0885	0.0885	0.08197
0.20339	0.17058	0.18279
0.0	0.0	0.0
0.11364	0.10997	0.07325
0.17284	0.14375	0.10464
0.30303	0.29276	0.28571
0.18333	0.16182	0.19814
0.26984	0.23705	0.303
0.24242	0.22709	0.21082
0.27273	0.24827	0.23961
0.43636	0.4296	0.43157
0.07018	0.05546	0.03226
0.0	0.0	0.0
0.01031	0.01031	0.0
0.26316	0.27164	0.29268
0.10294	0.0785	0.0521
0.16071	0.13709	0.14919
0.33721	0.24603	0.2245
0.0	0.0	0.0
0.02469	0.02031	0.0
0.36	0.35052	0.35808
0.08772	0.07328	0.07335
0.22951	0.17502	0.11436
0.05102	0.03653	0.00921
0.30476	0.29337	0.293
0.29032	0.27573	0.29297
0.21905	0.20551	0.16307
0.08696	0.07152	0.0599
0.14815	0.09956	0.115
0.16216	0.14937	0.12749
0.28736	0.26028	0.24516
0.25352	0.27894	0.30683
0.16949	0.14925	0.17497
0.09375	0.09139	0.11676
0.63158	0.59592	0.59309
0.07447	0.05936	0.02374
0.09375	0.08769	0.06624
0.17284	0.13341	0.13383
0.42373	0.3909	0.34903
0.20833	0.22363	0.21973
0.15385	0.13192	0.13123
0.10843	0.09833	0.10954
0.04808	0.03536	0.03112
0.17164	0.16489	0.17426
0.14953	0.13988	0.1512
0.23438	0.23438	0.22857
0.21569	0.21409	0.22353
0.0	0.0	0.0
0.0875	0.09919	0.13113
0.01667	0.0301	0.05473
0.1	0.08294	0.0629
0.09278	0.07481	0.04633
0.20988	0.16685	0.16055
0.13333	0.12795	0.15483
0.0098	0.00759	0.0
0.2549	0.1815	0.14959
0.04396	0.04182	0.05135
0.02532	0.02409	0.01064
0.14286	0.12797	0.12213
0.16495	0.14665	0.12316
0.17021	0.17157	0.21908
0.24576	0.21949	0.23147
0.30682	0.29983	0.26902
0.23729	0.16673	0.14009
0.17742	0.16987	0.15942
0.1625	0.16169	0.10502
0.0678	0.06479	0.04615
0.18889	0.15123	0.09216
0.30159	0.33687	0.39384
0.04918	0.03966	0.02941
0.01379	0.01379	0.01235
0.01754	0.01132	0.0
0.25263	0.19929	0.21629
0.07463	0.07318	0.05714
0.11712	0.10171	0.09313
0.08633	0.08725	0.07639
0.20833	0.22442	0.21915
0.21805	0.20785	0.16688
0.32857	0.27279	0.23572
0.0	0.0	0.0
0.17757	0.16792	0.14623
0.125	0.09631	0.12476
0.11429	0.11429	0.11864
0.43038	0.4222	0.41935
0.13014	0.12969	0.1106
0.32258	0.31633	0.26923
0.11628	0.11402	0.125
0.08547	0.08712	0.09677
0.37879	0.33965	0.29444
0.13953	0.11627	0.10774
0.06452	0.03745	0.0
0.44231	0.41683	0.48036
0.02941	0.02229	0.0
0.18519	0.16306	0.14193
0.05376	0.06	0.03721
0.384	0.36541	0.35435
0.15957	0.14069	0.18039
0.03704	0.02867	0.02867
0.2875	0.23466	0.21605
0.06061	0.04056	0.034
0.09722	0.07929	0.06189
0.05517	0.0505	0.05169
0.43182	0.39368	0.40909
0.16854	0.187	0.21288
0.1619	0.13762	0.12569
0.0	0.0	0.0
0.35	0.3395	0.30574
0.30303	0.30398	0.31564
0.25197	0.24179	0.26632
0.35	0.34354	0.35771
0.09375	0.07594	0.06989
0.22059	0.20493	0.21174
0.1875	0.17136	0.12166
0.06557	0.05023	0.0
0.16667	0.12566	0.07048
0.10112	0.08771	0.09548
0.04082	0.04542	0.03168
0.4023	0.3737	0.44954
0.1875	0.13002	0.12192
0.0979	0.09655	0.08681
0.30108	0.27157	0.25678
0.37391	0.3349	0.33546
0.1129	0.13215	0.11034
0.125	0.11462	0.1
0.40351	0.42218	0.41827
0.12245	0.13627	0.17322
0.19697	0.16373	0.1679
0.0	0.0	0.0
0.02857	0.02765	0.01667
0.0	0.0	0.0
0.02083	0.04167	0.07692
0.41176	0.39656	0.35991
0.0	0.0	0.0
0.31646	0.26049	0.24559
0.41837	0.38346	0.38356
0.0	0.0	0.0
0.10833	0.12258	0.12953
0.08	0.06741	0.06162
0.2549	0.22578	0.27169
0.24176	0.23889	0.222
0.22619	0.24114	0.25065
0.06944	0.08646	0.10779
0.12097	0.12226	0.13651
0.14943	0.1483	0.17875
0.03846	0.03267	0.02326
0.37209	0.37321	0.35277
0.05814	0.039	0.00549
0.32	0.26772	0.29364
0.03279	0.02697	0.0
0.04032	0.03044	0.05171
0.16418	0.14636	0.14286
0.06452	0.05879	0.02703
0.29496	0.27777	0.28824
0.01316	0.01316	0.0
0.17692	0.17245	0.18056
0.14	0.12192	0.06555
0.11667	0.10053	0.074
0.3125	0.29231	0.30146
0.0	0.0	0.0
0.12097	0.08454	0.08666
0.11	0.07902	0.07084
0.22835	0.21384	0.2032
0.15278	0.09228	0.0521
0.14865	0.12249	0.10918
0.13514	0.13229	0.12942
0.08696	0.05854	0.0362
0.06452	0.0619	0.05082
0.28333	0.24783	0.17835
0.22936	0.2175	0.17589
0.09302	0.09526	0.06192
0.24719	0.26094	0.262
0.20312	0.21823	0.19924
0.51613	0.53429	0.53042
0.12903	0.12747	0.125
0.25806	0.24141	0.25553
0.08772	0.08687	0.06452
0.04878	0.04878	0.04444
0.09639	0.05829	0.03296
0.21233	0.20017	0.20276
0.24444	0.19927	0.17492
0.5	0.51505	0.49241
0.168	0.15044	0.11812
0.18182	0.1587	0.18514
0.63971	0.63804	0.61333
0.03614	0.03342	0.02273
0.04808	0.03536	0.03112
0.12195	0.11618	0.1194
0.11382	0.12037	0.12951
0.29605	0.27885	0.31576
0.33019	0.33019	0.32258
0.23585	0.23493	0.2
0.11111	0.09924	0.10127
0.41935	0.39594	0.36621
0.34118	0.34118	0.33333
0.0	0.0	0.0
0.25	0.20159	0.17338
0.12766	0.11598	0.08373
0.37705	0.36592	0.33214
0.23636	0.23636	0.21875
0.175	0.14192	0.13636
0.04688	0.03377	0.0
0.0303	0.02736	0.0
0.09375	0.08769	0.06624
0.07	0.04193	0.02374
0.09756	0.09676	0.06064
0.0	0.0	0.0
0.14516	0.1181	0.11828
0.19298	0.2043	0.25
0.22414	0.21774	0.23474
0.44737	0.35566	0.27564
0.4717	0.42966	0.31073
0.03846	0.03721	0.05068
0.0339	0.03717	0.04161
0.04478	0.03755	0.02778
0.5	0.43921	0.39783
0.24658	0.24699	0.23995
0.14925	0.08809	0.06361
0.42857	0.45021	0.56024
0.05455	0.08504	0.16704
0.14754	0.14118	0.10281
0.0431	0.03726	0.0392
0.11765	0.10182	0.07143
0.09924	0.10071	0.08344
0.13934	0.10443	0.11676
0.23457	0.25923	0.23582
0.34091	0.32843	0.31626
0.17241	0.16424	0.19711
0.30263	0.29114	0.27033
0.05357	0.03686	0.0
0.14667	0.1174	0.13059
0.22222	0.19056	0.14568
0.23438	0.2162	0.17697
0.14474	0.1027	0.09283
0.22727	0.22385	0.25069
0.02083	0.00538	0.0
0.14516	0.10924	0.07962
0.32653	0.40022	0.42266
0.25301	0.22889	0.17347
0.22353	0.17721	0.17039
0.22	0.23515	0.24493
0.01667	0.01505	0.0
0.11966	0.12131	0.12754
0.2268	0.22146	0.18825
0.29688	0.29334	0.28947
0.11111	0.11469	0.08676
0.26415	0.26017	0.29919
0.33333	0.33333	0.30303
0.02326	0.015	0.0
0.43333	0.41719	0.39959
0.08065	0.05723	0.06989
0.11765	0.10388	0.06621
0.05714	0.04147	0.02564
0.14458	0.11698	0.09128
0.02041	0.02041	0.01818
0.03571	0.03571	0.0
0.16854	0.13736	0.15535
0.11392	0.11392	0.12195
0.14103	0.13482	0.13636
0.33333	0.33781	0.37368
0.13235	0.11646	0.11205
0.26891	0.27241	0.28179
0.28571	0.30044	0.23903
0.26154	0.24068	0.20339
0.05063	0.02899	0.01683
0.03947	0.03013	0.02381
0.1129	0.09521	0.07896
0.32292	0.29736	0.29527
0.14754	0.13907	0.12121
0.16379	0.13041	0.11138
0.05556	0.05556	0.03571
0.33871	0.28042	0.24331
0.08791	0.08791	0.09804
0.17647	0.16603	0.16695
0.22388	0.23157	0.15322
0.23077	0.19354	0.14286
0.325	0.29998	0.31913
0.44262	0.4278	0.45967
0.59091	0.60797	0.59136
0.58025	0.54677	0.50348
0.11111	0.10673	0.09524
0.14516	0.14516	0.15152
0.29126	0.28278	0.25434
0.10976	0.11368	0.11849
0.0	0.0	0.0
0.21212	0.21894	0.19849
0.37681	0.36603	0.23821
0.1746	0.15565	0.11111
0.1625	0.12055	0.09451
0.28889	0.22722	0.2116
0.19328	0.16914	0.16129
0.36709	0.31603	0.30683
0.11429	0.08846	0.09505
0.06452	0.03745	0.0
0.09091	0.10053	0.10877
0.07018	0.06451	0.05723
0.30769	0.29217	0.27574
0.35821	0.31679	0.32706
0.11957	0.11957	0.11765
0.16393	0.13959	0.14515
0.32	0.33288	0.37156
0.28571	0.29876	0.35731
0.09375	0.08416	0.08108
0.18667	0.17589	0.184
0.23404	0.24019	0.22578
0.11765	0.07273	0.04838
0.18644	0.17166	0.11953
0.02857	0.01474	0.0
0.0678	0.05903	0.03225
0.06383	0.05765	0.05556
0.23214	0.19411	0.1885
0.02564	0.02564	0.04651
0.17172	0.14107	0.12902
0.44211	0.44209	0.42652
0.0	0.0	0.0
0.12766	0.10981	0.13523
0.23077	0.21836	0.19048
0.33333	0.24421	0.24192
0.31313	0.3053	0.29421
0.09756	0.09676	0.06064
0.125	0.11692	0.07407
0.16279	0.15603	0.14812
0.0	0.0	0.0
0.11667	0.0602	0.0172
0.28125	0.28473	0.31517
0.46552	0.50443	0.49335
0.2027	0.14384	0.11722
0.16393	0.16393	0.15625
0.25225	0.24497	0.21197
0.38272	0.38907	0.44107
0.0	0.0	0.0
0.19672	0.15864	0.14112
0.22642	0.24587	0.23826
0.17355	0.16049	0.17188
0.09259	0.06391	0.08669
0.10169	0.09158	0.07692
0.125	0.11923	0.07527
0.31818	0.28297	0.26631
0.08065	0.05774	0.01358
0.22222	0.21606	0.24856
0.34884	0.34056	0.31138
0.0	0.0	0.0
0.14876	0.13195	0.10784
0.37288	0.30614	0.33597
0.0	0.0	0.0
0.37736	0.32257	0.343
0.15385	0.15301	0.15627
0.79747	0.79334	0.80127
0.2807	0.24221	0.2258
0.19231	0.1284	0.13014
0.27778	0.26913	0.26263
0.35802	0.35801	0.36374
0.39189	0.36399	0.35484
0.31707	0.33907	0.34675
0.31818	0.25706	0.24021
0.04412	0.04269	0.02564
0.04688	0.03175	0.0
0.10938	0.1013	0.09391
0.01639	0.00846	0.0
0.01923	0.00496	0.00921
0.14286	0.12845	0.10145
0.3125	0.27617	0.19797
0.19355	0.17116	0.20624
0.1375	0.11975	0.14351
0.32653	0.341	0.41456
0.06757	0.06757	0.07143
0.06977	0.09077	0.08333
0.20312	0.22478	0.25718
0.01923	0.00496	0.0
0.02273	0.04545	0.08
0.30882	0.30074	0.26229
0.22222	0.23744	0.3161
0.22857	0.20967	0.15385
0.12676	0.1263	0.12902
0.08451	0.07404	0.0387
0.20755	0.16127	0.17254
0.08955	0.08233	0.05714
0.15625	0.126	0.17835
0.05128	0.03887	0.06591
0.08955	0.06981	0.02778
0.21333	0.21373	0.26713
0.22034	0.20719	0.259
0.30303	0.29454	0.29414
0.03922	0.02024	0.01911
0.18182	0.17152	0.23517
0.05128	0.05169	0.04651
0.04819	0.03964	0.02273
0.30645	0.27834	0.238
0.1828	0.154	0.1458
0.3964	0.41149	0.40664
0.07246	0.05329	0.05263
0.34426	0.33738	0.32353
0.38462	0.34654	0.28048
0.05556	0.05242	0.05128
0.18605	0.16879	0.16667
0.22222	0.20992	0.1788
0.19737	0.19736	0.20768
0.10843	0.08083	0.0896
0.12766	0.07617	0.07644
0.15714	0.10459	0.08293
0.42593	0.34346	0.32156
0.29825	0.2886	0.23653
0.08197	0.06451	0.02941
0.0	0.0	0.0
0.06897	0.0545	0.04459
0.07692	0.08767	0.04348
0.12766	0.09951	0.13523
0.01562	0.01411	0.0
0.23529	0.17456	0.16128
0.48276	0.45936	0.42828
0.41667	0.40803	0.39656
0.07692	0.05872	0.0
0.29167	0.27485	0.27096
0.20635	0.2099	0.21233
0.25316	0.23843	0.18693
0.26471	0.21377	0.23372
0.01316	0.01358	0.0
0.16667	0.14633	0.17841
0.03774	0.03104	0.0
0.17742	0.1415	0.09676
0.06897	0.08119	0.08739
0.03125	0.03125	0.03846
0.13462	0.12592	0.13939
0.20667	0.18751	0.17017
0.1831	0.15083	0.17611
0.18182	0.15305	0.11445
0.21805	0.21683	0.23765
0.18519	0.22759	0.23516
0.2	0.17579	0.19418
0.056	0.02864	0.02862
0.05085	0.01968	0.0172
0.10976	0.07984	0.07572
0.14634	0.12037	0.07036
0.0303	0.02492	0.0
0.31884	0.30106	0.31513
0.2	0.19856	0.1716
0.27368	0.26247	0.25507
0.36842	0.37181	0.29738
0.02273	0.04545	0.08
0.08621	0.07619	0.08116
0.12766	0.11187	0.11538
0.20779	0.18808	0.18228
0.15596	0.14529	0.11038
0.23377	0.20483	0.18902
0.27273	0.25365	0.21984
0.0	0.0	0.0
0.0	0.0	0.0
0.0678	0.02624	0.01612
0.07463	0.08304	0.09503
0.09302	0.09526	0.06192
0.07937	0.12287	0.13424
0.50704	0.49385	0.4903
0.26786	0.21946	0.21827
0.2541	0.22236	0.19745
0.13924	0.11147	0.11367
2.72727	2.69055	2.72033
0.53571	0.43546	0.45259
0.04286	0.01843	0.01888
0.31746	0.29337	0.23117
0.05455	0.08035	0.12211
0.09804	0.09171	0.09891
0.0	0.0	0.0
0.01667	0.01505	0.0
0.46154	0.42778	0.38235
0.18045	0.18068	0.18415
0.18	0.18418	0.16715
0.23944	0.21535	0.24149
0.21429	0.21543	0.22684
0.45783	0.42088	0.38062
0.2029	0.17157	0.13225
0.23077	0.19973	0.16641
0.25	0.24077	0.23451
0.02632	0.01995	0.02381
0.15789	0.15789	0.15556
0.23256	0.25469	0.27278
0.18421	0.19608	0.2645
0.08955	0.0751	0.05556
0.22917	0.22715	0.19231
0.14085	0.13265	0.11722
0.0	0.0	0.0
0.14583	0.14583	0.11538
0.21739	0.20687	0.20833
0.31897	0.29476	0.29333
0.34615	0.33188	0.25921
0.14634	0.14634	0.16667
0.15929	0.12617	0.13167
0.43478	0.39478	0.43726
0.04098	0.04125	0.04394
0.30952	0.24998	0.21667
0.025	0.025	0.02439
0.10256	0.0856	0.06818
0.32609	0.31065	0.28
0.2549	0.22578	0.27169
0.41176	0.34872	0.37441
0.13235	0.1314	0.14646
0.11905	0.13748	0.13043
0.02273	0.02273	0.02817
0.07407	0.04957	0.01612
0.02857	0.02903	0.02326
0.25	0.20831	0.13978
0.21687	0.16982	0.15858
0.3	0.26497	0.29032
0.08642	0.04898	0.04771
0.21154	0.232	0.16462
0.19608	0.18153	0.2086
0.37143	0.32346	0.31053
0.09375	0.08114	0.06451
0.08571	0.07557	0.05341
0.53684	0.51951	0.46748
0.1068	0.0927	0.0862
0.03571	0.03571	0.0
0.18033	0.14436	0.1364
0.09524	0.08346	0.07895
0.04	0.03011	0.025
0.175	0.14071	0.14628
0.21053	0.17768	0.20462
0.10417	0.10417	0.07143
0.04651	0.03826	0.0
0.30508	0.27171	0.31
0.12963	0.09139	0.04193
0.09524	0.0681	0.07706
0.6129	0.57226	0.50889
0.07895	0.08616	0.09302
0.01562	0.00403	0.00759
0.20513	0.20099	0.169
0.03947	0.03013	0.02381
0.35849	0.38951	0.42971
0.16667	0.1672	0.14377
0.03846	0.03846	0.02273
0.23423	0.21011	0.23041
0.38596	0.37747	0.4
0.18519	0.15411	0.13479
0.31707	0.30998	0.31795
0.46296	0.38348	0.3145
0.1236	0.13989	0.17269
0.03226	0.02653	0.0
0.04762	0.0255	0.01749
0.10227	0.0997	0.08333
0.28409	0.30607	0.33546
0.08571	0.08986	0.08658
0.61765	0.62709	0.58196
0.20635	0.18944	0.20397
0.0678	0.0678	0.0625
0.14815	0.10811	0.10967
0.05797	0.05096	0.02703
0.13043	0.115	0.10954
0.22857	0.23777	0.27578
0.27419	0.28666	0.30262
0.27027	0.25585	0.28143
0.16667	0.14192	0.11765
0.44444	0.44559	0.44742
0.10484	0.08688	0.07447
0.23134	0.22363	0.23273
0.29167	0.29298	0.35108
0.38333	0.4145	0.49461
0.05172	0.03281	0.00806
0.02222	0.01828	0.0
0.26437	0.24321	0.22894
0.2521	0.24964	0.26532
0.07353	0.0721	0.05128
0.20253	0.21353	0.21153
0.0339	0.02788	0.0
0.26786	0.25288	0.23488
0.03922	0.05502	0.0
0.07018	0.05546	0.03226
0.31148	0.33152	0.37364
0.20952	0.19231	0.19081
0.10236	0.09855	0.10145
0.09091	0.08093	0.03333
0.0	0.0	0.0
0.03947	0.03013	0.02381
0.01087	0.00701	0.0
0.13433	0.10784	0.0579
4.40909	4.34895	4.25
0.0	0.0	0.0
0.33333	0.32362	0.32538
0.06818	0.04948	0.02621
0.16901	0.16127	0.20097
0.24272	0.2236	0.22464
0.13924	0.14004	0.13547
0.09091	0.05805	0.00832
0.06667	0.04659	0.02567
0.33333	0.33978	0.2916
0.07246	0.05329	0.05263
0.0	0.0	0.0
0.19608	0.16761	0.16834
0.29167	0.27888	0.27697
0.67742	0.71068	0.72128
0.06897	0.05228	0.03931
0.2	0.17042	0.19814
0.5	0.53462	0.55608
0.325	0.36208	0.3832
0.22449	0.23039	0.26365
0.5	0.50151	0.49461
0.17172	0.14107	0.12902
0.0	0.0	0.0
0.11486	0.10722	0.11747
0.08642	0.07985	0.07611
0.38889	0.39963	0.42618
0.04545	0.04545	0.04348
0.11538	0.07815	0.09676
0.12658	0.10044	0.09524
0.04348	0.0402	0.05069
0.14286	0.13679	0.17124
0.0	0.0	0.0
0.72	0.76576	0.74469
0.22727	0.25464	0.26316
0.4186	0.39381	0.39224
0.08036	0.091	0.09771
0.13699	0.15023	0.16363
0.03509	0.03509	0.03125
0.07317	0.0472	0.0
0.18447	0.15345	0.14105
0.17172	0.15509	0.15668
0.09821	0.08438	0.06402
0.13953	0.14477	0.10483
0.22619	0.21005	0.20563
0.11304	0.11107	0.12247
0.16667	0.16397	0.16224
0.06897	0.04003	0.05644
0.19403	0.18534	0.14261
0.17708	0.13373	0.10693
0.03086	0.02588	0.01993
0.06716	0.07318	0.06329
0.0	0.0	0.0
0.18557	0.15263	0.15812
0.0566	0.02921	0.0
0.13953	0.10226	0.09949
0.04	0.02677	0.02246
0.16949	0.1241	0.10988
0.4086	0.41552	0.37467
0.35088	0.31802	0.34727
0.35088	0.37916	0.40467
0.375	0.31737	0.33466
0.12346	0.11867	0.1154
0.31683	0.32288	0.31108
0.22436	0.19332	0.17382
0.12048	0.08822	0.07702
0.10345	0.07619	0.0625
0.01613	0.02081	0.03686
0.16304	0.11709	0.09939
0.1375	0.1375	0.13333
0.05155	0.05088	0.04164
0.25	0.24711	0.25597
0.26667	0.22362	0.26291
0.02778	0.02778	0.02381
0.02778	0.01971	0.0129
0.28571	0.30116	0.30558
0.41935	0.32932	0.33731
0.07317	0.07316	0.036
0.11429	0.1129	0.08333
0.43836	0.46307	0.43852
0.59184	0.53714	0.49459
0.0	0.0	0.0
0.20408	0.20933	0.23533
0.0	0.0	0.0
0.12371	0.11139	0.14863
0.39024	0.36871	0.36587
0.25564	0.2418	0.24429
0.25962	0.23137	0.20537
0.47126	0.44567	0.46488
0.10317	0.0773	0.05912
0.26087	0.25104	0.23714
0.2069	0.20378	0.2043
0.21212	0.20014	0.19397
0.03704	0.02509	0.01122
0.175	0.175	0.19048
0.09184	0.08459	0.09225
0.13559	0.09075	0.07624
0.20635	0.1664	0.09767
0.05426	0.04101	0.04225
0.11111	0.11019	0.08931
0.40496	0.3812	0.38851
0.0	0.0	0.0
0.12121	0.13048	0.11034
0.06579	0.03692	0.02995
0.37805	0.33672	0.26781
0.01852	0.02389	0.043
0.11017	0.08474	0.0834
0.18421	0.16071	0.15019
0.0	0.0	0.0
0.18919	0.12858	0.09435
0.26154	0.2382	0.21369
0.07071	0.05767	0.06279
0.05063	0.02899	0.01683
0.16049	0.12901	0.09891
0.0	0.0	0.0
0.10256	0.06119	0.03
0.12121	0.08455	0.04668
0.14953	0.12781	0.12067
0.2625	0.2625	0.24444
0.17647	0.11953	0.10294
0.12727	0.12491	0.19468
0.27	0.23837	0.26193
0.19767	0.15827	0.1821
0.1	0.07677	0.07604
0.07874	0.07416	0.07649
0.22835	0.22555	0.21622
0.04938	0.04938	0.04444
0.21111	0.15196	0.13363
0.25455	0.20115	0.17438
0.16901	0.12901	0.08024
0.14103	0.11496	0.12302
0.056	0.02864	0.02862
0.03922	0.03922	0.03571
0.29508	0.31305	0.33965
0.09756	0.06883	0.04391
0.21875	0.21875	0.21154
0.04615	0.03871	0.02778
0.2963	0.264	0.26406
0.0	0.0	0.0
0.26761	0.27031	0.28637
0.17007	0.13275	0.13056
0.03571	0.04089	0.04161
0.16949	0.14269	0.14919
0.17708	0.17708	0.16667
0.10294	0.09748	0.07403
0.07759	0.06451	0.05458
0.0	0.0	0.0
0.12121	0.08112	0.03494
0.14286	0.13305	0.09475
0.35484	0.34963	0.36497
0.11628	0.08777	0.08333
0.16379	0.14904	0.13151
0.22	0.17611	0.17033
0.10714	0.10714	0.13636
0.0241	0.02176	0.0
0.02326	0.0135	0.0
0.40385	0.43667	0.37039
0.12371	0.12769	0.12433
0.56863	0.5692	0.60062
0.28283	0.24696	0.24672
0.18947	0.17248	0.18745
0.24786	0.23738	0.23909
0.2561	0.2718	0.29424
0.30556	0.27731	0.22271
0.35417	0.33129	0.27138
0.2125	0.19676	0.22879
0.01449	0.0187	0.03583
0.1875	0.20093	0.2506
0.18919	0.18191	0.1787
0.03226	0.03226	0.02857
0.05319	0.04357	0.02516
0.06061	0.05523	0.02857
0.12174	0.115	0.0934
0.23636	0.20351	0.16961
0.36735	0.34987	0.38318
0.05607	0.05064	0.0339
0.3662	0.39934	0.41068
0.48611	0.47714	0.51358
0.07692	0.08436	0.06738
0.3	0.30559	0.30699
0.40625	0.4017	0.39668
0.14384	0.13145	0.1229
0.51351	0.56754	0.56595
0.14035	0.11035	0.09677
0.06977	0.05226	0.02709
0.0	0.0	0.0
0.12329	0.13123	0.10521
0.125	0.11069	0.09282
0.21495	0.19805	0.20461
0.2931	0.27029	0.18406
0.16418	0.17716	0.17203
0.35043	0.31208	0.27016
0.0	0.0	0.0
0.29412	0.29165	0.28403
0.22449	0.22976	0.27586
0.40449	0.39616	0.43384
0.01695	0.00437	0.0
0.3913	0.36557	0.3653
0.14563	0.13371	0.12671
0.15254	0.14925	0.0303
0.26	0.27697	0.26746
0.15873	0.15308	0.14919
0.29231	0.21932	0.21797
0.33	0.29061	0.23673
0.10989	0.11625	0.10644
0.14286	0.11838	0.10064
0.11864	0.11563	0.09866
0.31818	0.31374	0.28036
0.1358	0.09238	0.11182
0.18803	0.17203	0.13709
0.54902	0.51992	0.48387
0.10577	0.09987	0.10639
0.05952	0.05107	0.04444
0.19318	0.19098	0.20064
0.03922	0.03794	0.05068
0.10843	0.09366	0.06932
0.06579	0.03692	0.02995
0.04762	0.02949	0.00437
0.10811	0.08543	0.05522
0.2	0.15133	0.14746
0.08	0.05032	0.08685
0.12791	0.07988	0.07392
0.13636	0.13429	0.13516
0.17778	0.17813	0.18
0.05263	0.05263	0.04348
0.18018	0.1421	0.16025
0.51678	0.47367	0.44447
0.04615	0.04788	0.0377
0.11184	0.10844	0.09749
0.25806	0.20809	0.15111
0.16667	0.16667	0.17857
0.21359	0.1857	0.15854
0.4	0.39851	0.31694
0.02	0.02322	0.02224
0.07339	0.05444	0.04785
0.06742	0.03987	0.05661
0.16822	0.1664	0.16546
0.11594	0.07713	0.04097
0.23611	0.267	0.26039
0.0	0.0	0.0
0.02857	0.01229	0.0129
0.06803	0.07021	0.07724
0.00685	0.0053	0.0098
0.01408	0.00908	0.0
0.15714	0.15067	0.08628
0.18056	0.18906	0.20458
0.04545	0.04203	0.05069
0.24731	0.24731	0.22222
0.48052	0.46082	0.4606
0.56296	0.53188	0.5213
0.06061	0.04056	0.034
0.06667	0.04454	0.03444
0.36082	0.34352	0.33093
0.16667	0.14736	0.10678
0.09709	0.08517	0.0634
0.10714	0.11232	0.13406
0.04494	0.0482	0.0458
0.28571	0.27481	0.30156
0.04412	0.04743	0.04795
0.05333	0.05333	0.04545
0.13194	0.12791	0.12658
0.23077	0.21445	0.24667
0.15315	0.15577	0.17377
0.17544	0.13525	0.13006
0.34146	0.31272	0.27978
0.11765	0.11554	0.11612
0.25806	0.26429	0.29389
0.11475	0.11633	0.11647
0.17045	0.16348	0.18255
0.10833	0.11667	0.10938
0.21667	0.1618	0.07387
0.0	0.0	0.0
0.22414	0.20631	0.17687
0.32258	0.25231	0.24571
0.0	0.0	0.0
0.01961	0.03288	0.05241
0.04225	0.04225	0.04878
0.16901	0.16173	0.13646
0.13605	0.14022	0.14261
0.12162	0.13469	0.09097
0.09302	0.06226	0.05718
0.14286	0.13248	0.18044
0.17778	0.10536	0.04128
0.15	0.1137	0.11436
0.16	0.13998	0.10716
0.07576	0.0562	0.06705
0.0	0.0	0.0
0.13514	0.13426	0.13559
0.1	0.07483	0.04867
0.0	0.0	0.0
0.07865	0.07973	0.06225
0.12121	0.11142	0.12902
0.04255	0.04255	0.04167
0.03797	0.02613	0.006
0.42105	0.38879	0.36509
0.23529	0.22106	0.20833
0.03509	0.03509	0.03333
0.14118	0.10928	0.127
0.13559	0.10224	0.10483
0.09756	0.06883	0.04391
0.21277	0.2052	0.17955
0.05634	0.05542	0.07159
0.45455	0.46993	0.52491
0.10417	0.10417	0.07143
0.10714	0.09255	0.0869
0.36765	0.34605	0.34813
0.2093	0.17253	0.18346
0.15556	0.13404	0.12531
0.01149	0.01038	0.0
0.11364	0.10923	0.08
0.39623	0.38706	0.39879
0.07767	0.06357	0.05341
0.06957	0.06058	0.06203
0.40678	0.39858	0.36667
0.33333	0.34987	0.40909
0.33333	0.34987	0.40909
0.11111	0.10215	0.08116
0.39785	0.35967	0.35905
0.01613	0.00832	0.01564
0.22619	0.20774	0.20054
0.12222	0.10537	0.10796
0.09091	0.06242	0.08387
0.0	0.0	0.0
0.40816	0.38312	0.37274
0.33333	0.28519	0.28747
0.07843	0.09233	0.10296
0.16456	0.16251	0.18034
0.24096	0.20675	0.20383
0.14286	0.14713	0.15789
0.41463	0.34615	0.36846
0.01031	0.01031	0.0
0.17722	0.1617	0.16512
0.18018	0.17582	0.16129
0.12987	0.12944	0.15175
0.13043	0.11605	0.10731
0.23729	0.19846	0.20213
0.02985	0.04478	0.08571
0.16505	0.15972	0.15483
0.06557	0.05605	0.04211
0.0381	0.03471	0.01639
0.0	0.0	0.0
0.07407	0.04957	0.01612
0.10227	0.0909	0.09128
0.26415	0.27143	0.23914
0.0	0.0	0.0
0.07407	0.06511	0.12557
0.50633	0.51776	0.5
0.21519	0.20047	0.19985
0.04167	0.04167	0.0
0.20635	0.192	0.13889
0.19231	0.20656	0.19665
0.2	0.2	0.21951
0.2381	0.24935	0.22873
0.26984	0.2739	0.2516
0.25397	0.25752	0.27058
0.21154	0.21154	0.19355
0.15854	0.1479	0.08889
0.06452	0.02497	0.01474
0.08491	0.06511	0.03961
0.41096	0.37379	0.3786
0.2	0.2362	0.26631
0.15493	0.169	0.17307
0.04	0.04043	0.02381
0.26374	0.25345	0.26531
0.03226	0.02705	0.02211
0.02326	0.0135	0.0
0.24074	0.21683	0.22371
0.08197	0.08197	0.05882
0.03571	0.04089	0.04161
0.04	0.04	0.04878
0.49123	0.50367	0.46987
0.07273	0.06744	0.09468
0.26786	0.20102	0.14112
0.03604	0.02063	0.01248
0.20635	0.19302	0.15559
0.2069	0.20578	0.16
0.02597	0.02136	0.0
0.07018	0.05149	0.03127
0.08696	0.05516	0.04549
0.01149	0.01038	0.0
0.0991	0.09183	0.05085
0.23585	0.18623	0.17852
0.40845	0.33435	0.25254
0.08642	0.05654	0.06661
0.07692	0.07227	0.07143
0.08219	0.05081	0.04327
0.08197	0.07297	0.02857
0.14706	0.12784	0.10854
0.05952	0.05107	0.04444
0.01613	0.01456	0.0
0.26087	0.18933	0.15096
0.44348	0.41371	0.40747
0.26829	0.24546	0.25185
0.08772	0.05602	0.03226
0.08571	0.07603	0.08574
0.25	0.22175	0.14793
0.21127	0.15627	0.12115
0.12245	0.12245	0.12903
0.06897	0.06062	0.08116
0.22535	0.18945	0.17073
0.19048	0.16243	0.16262
0.08511	0.07274	0.03774
0.48649	0.48649	0.45
0.01639	0.00846	0.0
0.38596	0.34632	0.28225
0.20635	0.15103	0.10655
0.0122	0.00787	0.0
0.13699	0.13036	0.11015
0.16949	0.17331	0.20187
0.25806	0.27521	0.31986
0.05882	0.04712	0.03168
0.0404	0.03291	0.04032
0.07143	0.06682	0.05357
0.3642	0.36758	0.39064
0.26582	0.21804	0.20315
0.17333	0.16387	0.18182
0.16364	0.12375	0.11794
0.26087	0.26087	0.28
0.19565	0.19565	0.19231
0.26957	0.24289	0.23837
0.21212	0.238	0.30303
0.09589	0.0844	0.07692
0.05769	0.05644	0.05068
0.12698	0.11878	0.14067
0.05085	0.02186	0.02276
0.42857	0.40395	0.32754
0.06522	0.05996	0.0625
0.3	0.2516	0.28437
0.13115	0.12902	0.10281
0.0396	0.0396	0.03571
0.10092	0.07783	0.05306
0.54386	0.52968	0.46469
0.07586	0.06874	0.05546
0.08065	0.06711	0.02941
0.06604	0.04564	0.03961
0.21053	0.18505	0.1959
0.17442	0.177	0.14304
0.04301	0.02462	0.03478
0.85185	0.72396	0.5665
0.06122	0.05727	0.07257
0.27848	0.24989	0.25659
0.08163	0.03159	0.03822
0.67568	0.58497	0.53664
0.11667	0.10053	0.074
0.05495	0.04891	0.04404
0.08696	0.07643	0.09319
0.12658	0.11841	0.11049
0.09722	0.06719	0.06451
0.16667	0.14246	0.15395
0.26829	0.26867	0.27864
0.12121	0.11338	0.09904
0.14563	0.11492	0.07186
0.2027	0.17347	0.18526
0.12281	0.09846	0.03448
0.55844	0.51983	0.52333
0.12	0.0972	0.1085
0.38235	0.37238	0.38535
0.15663	0.15663	0.15556
0.03175	0.01997	0.02632
0.28205	0.27626	0.28648
0.20561	0.21584	0.26459
0.0	0.0	0.0
0.07143	0.06636	0.08108
0.09565	0.10154	0.08955
0.05556	0.04516	0.02041
0.08955	0.06306	0.05432
0.51351	0.4917	0.49675
0.17391	0.19307	0.22324
0.13559	0.13559	0.0625
0.0	0.0	0.0
0.18605	0.14702	0.08333
0.03704	0.0233	0.03571
0.19277	0.15234	0.10774
0.11905	0.10176	0.10994
0.02727	0.02639	0.01724
0.30508	0.30508	0.3
0.17544	0.17544	0.15625
0.39785	0.39192	0.41002
0.22727	0.21992	0.20711
0.36486	0.32035	0.31953
0.25275	0.22366	0.15642
0.30108	0.30592	0.28721
0.08824	0.07352	0.04525
0.05102	0.03752	0.03636
0.16393	0.1121	0.09676
0.13514	0.13686	0.10752
0.11364	0.11583	0.10516
0.0125	0.0125	0.02222
0.22222	0.21324	0.19468
0.31915	0.28241	0.24589
0.0	0.0	0.0
0.0	0.0	0.0
0.07792	0.08587	0.09526
0.15217	0.13814	0.12035
0.37	0.34225	0.3737
0.05882	0.03415	0.01229
0.22951	0.20939	0.16531
0.0	0.0	0.0
0.55072	0.53994	0.533
0.09449	0.08026	0.06171
0.14815	0.1362	0.13333
0.21	0.15998	0.12198
0.16912	0.1646	0.19856
0.07407	0.03663	0.02867
0.21053	0.17571	0.1758
0.42276	0.40516	0.42947
0.14894	0.13383	0.13575
0.41176	0.42219	0.46328
0.0597	0.05103	0.02857
0.03077	0.01985	0.0
0.05479	0.05479	0.07143
0.13559	0.082	0.05597
0.0	0.0	0.0
0.0303	0.02215	0.0
0.61538	0.64387	0.65664
0.09375	0.08416	0.08108
0.06329	0.04695	0.006
0.37037	0.34226	0.39
0.26667	0.27525	0.23718
0.0	0.0	0.0
0.41558	0.42562	0.43385
0.16	0.15288	0.16007
0.13913	0.15454	0.12661
0.07143	0.06393	0.05241
0.26531	0.26531	0.23077
0.18519	0.17521	0.22578
0.27632	0.24022	0.20929
0.1875	0.17596	0.1647
0.0	0.0	0.0
0.23214	0.20966	0.20159
0.07527	0.08462	0.08513
0.18478	0.1248	0.08755
0.11111	0.10065	0.10734
0.21053	0.17316	0.17445
0.11429	0.11566	0.12053
0.02941	0.03321	0.05128
0.39	0.3545	0.32369
0.37037	0.35781	0.35181
0.17391	0.15474	0.14606
0.43939	0.39927	0.36924
0.24638	0.2543	0.24729
0.12821	0.12985	0.15287
0.09434	0.09008	0.06667
0.25581	0.2513	0.28225
0.22093	0.24342	0.24325
0.25424	0.20664	0.20112
0.13934	0.12506	0.13895
0.03279	0.00846	0.01474
0.10959	0.0897	0.11093
0.05	0.07633	0.11088
0.09375	0.0635	0.07189
0.26667	0.23331	0.23237
0.0	0.0	0.0
0.24419	0.21455	0.22983
0.0303	0.01759	0.0
0.2619	0.23348	0.21791
0.2439	0.23285	0.21212
0.2807	0.25295	0.28248
0.21212	0.2258	0.23684
0.09677	0.06763	0.05976
0.23529	0.18746	0.20142
0.09302	0.0949	0.10731
0.14433	0.14433	0.18182
0.39474	0.36839	0.37171
0.0	0.0	0.0
0.04545	0.01955	0.02211
0.05634	0.03952	0.04398
0.1746	0.1746	0.17143
0.01493	0.01348	0.0
0.07576	0.08992	0.1009
0.31343	0.32785	0.30375
0.05405	0.04751	0.025
0.11828	0.12105	0.12
0.17778	0.1608	0.15889
0.4375	0.38909	0.42209
0.03922	0.03794	0.05068
0.35294	0.35294	0.3
0.11765	0.10721	0.07692
0.0	0.0	0.0
0.2	0.12163	0.0645
0.03175	0.02252	0.0
0.08642	0.0649	0.05662
0.5	0.49131	0.48386
0.1125	0.10322	0.08696
0.32759	0.35536	0.36126
0.09195	0.08526	0.03478
0.17391	0.15474	0.19354
0.19118	0.14847	0.07497
0.28358	0.2826	0.28395
0.1875	0.19554	0.2272
0.09859	0.08359	0.09015
0.28571	0.30816	0.33669
0.02083	0.00538	0.0089
0.34118	0.32635	0.3154
0.32759	0.34703	0.32745
0.1165	0.08924	0.10482
0.40541	0.42981	0.40909
0.3125	0.28625	0.2807
0.09524	0.07757	0.0547
0.05319	0.04357	0.02516
0.31325	0.29537	0.26075
0.27419	0.27885	0.32703
0.29565	0.27123	0.24856
0.0	0.0	0.0
0.01923	0.00992	0.0
0.03279	0.03279	0.02857
0.18293	0.17033	0.16953
0.30508	0.24217	0.20259
0.0	0.0	0.0
0.12121	0.08112	0.03494
0.14286	0.14286	0.18182
0.14894	0.13177	0.11538
0.35616	0.37115	0.331
0.02439	0.02202	0.0
0.15517	0.12568	0.13859
0.12281	0.12393	0.13406
0.43038	0.39033	0.39366
0.25	0.22848	0.24571
0.14286	0.10482	0.08669
0.21111	0.21289	0.19418
0.37975	0.40666	0.40747
0.14583	0.13709	0.14
0.07273	0.09676	0.12211
0.14286	0.11923	0.11794
0.13402	0.11505	0.11528
0.33333	0.31948	0.27549
0.52	0.51286	0.48149
0.05263	0.05093	0.03333
0.28302	0.23309	0.2602
0.07071	0.05767	0.06279
0.0	0.0	0.0
0.22917	0.19352	0.22579
0.17284	0.19553	0.16548
0.27119	0.2471	0.26509
0.27692	0.21734	0.21797
0.19643	0.18604	0.19352
0.05682	0.05425	0.04167
0.29474	0.28214	0.25298
0.02778	0.02822	0.02632
0.42373	0.33402	0.33362
0.1375	0.15684	0.17847
0.16216	0.14514	0.182
0.02564	0.02564	0.02174
0.22222	0.24269	0.24999
0.52941	0.44841	0.39041
0.09	0.05838	0.03225
0.0	0.0	0.0
0.21154	0.2016	0.07786
0.22727	0.20917	0.20428
0.14458	0.11541	0.09004
0.02564	0.02564	0.02222
0.0	0.0	0.0
0.09722	0.07033	0.096
0.26087	0.21457	0.18505
0.2459	0.24907	0.21441
0.16667	0.17448	0.15789
0.10909	0.09384	0.06667
0.05797	0.05283	0.02703
0.15873	0.14335	0.12205
0.18033	0.15018	0.19165
0.08197	0.08197	0.09091
0.4375	0.40521	0.44165
0.4	0.41582	0.35053
0.3	0.31128	0.33333
0.12	0.0845	0.06658
0.05556	0.03539	0.0361
0.22857	0.20183	0.17263
0.33803	0.33118	0.28788
0.11429	0.12763	0.12095
0.20588	0.23291	0.22411
0.09877	0.09836	0.1154
0.17	0.18224	0.1722
0.73611	0.70114	0.66717
0.14912	0.13185	0.10405
0.21739	0.17904	0.17234
0.05797	0.04675	0.03966
0.18056	0.16664	0.17578
0.09167	0.09596	0.11406
0.45455	0.39409	0.34943
0.34375	0.33366	0.31429
0.01613	0.01456	0.0
0.0	0.0	0.0
0.11111	0.07944	0.07786
0.03614	0.01865	0.00549
0.2087	0.20617	0.188
0.13178	0.12353	0.12329
0.1129	0.09156	0.05882
0.39506	0.39506	0.42553
0.18182	0.14498	0.07548
0.1	0.07633	0.02567
0.06897	0.04727	0.00832
0.28283	0.25869	0.23857
0.35714	0.33562	0.33265
0.03846	0.03722	0.02326
0.02597	0.02597	0.02273
0.19792	0.16598	0.15352
0.10526	0.08714	0.0635
0.05357	0.04723	0.03226
0.39706	0.35861	0.35606
0.15854	0.15854	0.16
0.24793	0.2402	0.24291
0.08696	0.07643	0.09319
0.19512	0.19512	0.19118
0.20635	0.21144	0.19614
0.36667	0.34836	0.32255
0.25455	0.16067	0.13606
0.19048	0.1787	0.21053
0.04673	0.04944	0.04623
0.07246	0.05843	0.02564
0.42857	0.44293	0.46166
0.08235	0.07438	0.04167
0.27219	0.22998	0.23549
0.16883	0.15772	0.16708
0.02381	0.02918	0.03937
0.04918	0.04177	0.04928
0.16923	0.17568	0.19259
0.32456	0.28436	0.24452
0.22609	0.19016	0.17368
0.24561	0.21504	0.24868
0.29167	0.27621	0.24
0.0303	0.02215	0.0
0.12613	0.11478	0.09156
0.18605	0.16577	0.15185
0.12195	0.12077	0.10638
0.43678	0.41563	0.39515
0.32877	0.26908	0.27534
0.23913	0.18687	0.17445
0.25862	0.27583	0.31316
0.36232	0.33332	0.33828
0.10606	0.08797	0.0579
0.18868	0.15397	0.13474
0.25641	0.24564	0.24045
0.0396	0.01533	0.00938
0.04138	0.04138	0.03704
0.05333	0.05333	0.04545
0.23729	0.23729	0.22222
0.36364	0.32724	0.31735
0.24528	0.2836	0.32946
0.19048	0.1708	0.16498
0.25806	0.25285	0.25069
0.21795	0.17864	0.15667
0.23636	0.2252	0.18313
0.3125	0.28224	0.24679
0.025	0.025	0.02439
0.1358	0.11788	0.1143
0.08209	0.05897	0.04649
0.09375	0.08165	0.07511
0.4186	0.39047	0.40725
0.36207	0.32645	0.27239
0.1125	0.11249	0.14304
0.35955	0.3396	0.36393
0.0	0.0	0.0
0.07965	0.05765	0.04177
0.21302	0.20193	0.21851
0.21176	0.19051	0.1654
0.0	0.0	0.0
0.20155	0.20504	0.21878
0.34343	0.31733	0.2686
0.30986	0.25259	0.30054
0.14388	0.14201	0.13375
0.2029	0.21268	0.202
0.21348	0.20043	0.22064
0.125	0.12429	0.12162
0.13846	0.12108	0.10137
0.30952	0.26112	0.23385
0.15068	0.15111	0.16127
0.32283	0.29361	0.30667
0.20408	0.19682	0.19474
0.11111	0.11707	0.11345
0.17143	0.18201	0.21097
0.0	0.0	0.0
0.02532	0.02532	0.02174
0.08696	0.08386	0.09928
0.14286	0.14592	0.17839
0.21477	0.1762	0.13914
0.13699	0.08968	0.09676
0.13725	0.10751	0.08119
0.23636	0.2258	0.24245
0.09859	0.08359	0.09015
0.28358	0.24216	0.22659
0.0678	0.06479	0.04615
0.05797	0.05096	0.02703
0.09259	0.06989	0.12557
0.0	0.0	0.0
0.27068	0.26265	0.27724
0.24324	0.22601	0.21983
0.25806	0.2362	0.27514
0.01266	0.01266	0.0
0.36735	0.3818	0.30643
0.10784	0.09297	0.06897
0.07059	0.0406	0.01647
0.2	0.1706	0.18182
0.11458	0.11356	0.12012
0.32237	0.26228	0.24192
0.14961	0.13613	0.14558
0.08434	0.05207	0.03296
0.06557	0.05156	0.06361
0.11957	0.12272	0.10204
0.02581	0.01665	0.00593
0.2093	0.15414	0.12431
0.35088	0.28972	0.41052
0.09091	0.08981	0.0625
0.24	0.22708	0.232
0.22772	0.20886	0.19244
0.32051	0.31037	0.28924
0.29907	0.25442	0.21642
0.26316	0.25014	0.25806
0.08397	0.06524	0.04945
0.33333	0.34505	0.36392
0.01493	0.01348	0.0
0.06452	0.03537	0.01433
0.13115	0.12956	0.11765
0.13793	0.12234	0.11662
0.1358	0.11428	0.07813
0.02586	0.02197	0.00416
0.42857	0.40984	0.4386
0.50847	0.41164	0.32556
0.15385	0.1276	0.1
0.45882	0.44439	0.44336
0.04615	0.04466	0.02857
0.0241	0.02176	0.0
0.01786	0.01786	0.01587
0.09412	0.08539	0.04804
0.144	0.10657	0.07451
0.1129	0.09156	0.05882
0.16438	0.15686	0.17126
0.11712	0.10404	0.10997
0.25806	0.20809	0.15111
0.2439	0.21321	0.24021
0.13402	0.09343	0.08179
0.06742	0.05146	0.02174
0.33684	0.32154	0.29295
0.30392	0.28716	0.29688
0.02878	0.01926	0.00688
0.10909	0.08562	0.04193
0.30935	0.32557	0.3779
0.0	0.0	0.0
0.26744	0.25241	0.18815
0.02941	0.02799	0.025
0.2	0.21732	0.24729
0.28378	0.1835	0.18385
0.18681	0.18681	0.1875
0.19118	0.16744	0.17121
0.06024	0.0513	0.02677
0.39394	0.35432	0.29856
0.14286	0.1541	0.2105
0.05319	0.05868	0.0625
0.18935	0.17331	0.17551
0.10526	0.10865	0.08116
0.17544	0.14939	0.11436
0.0614	0.04696	0.0411
0.22549	0.19322	0.18391
0.12857	0.09216	0.06989
0.24638	0.22252	0.16914
0.04673	0.03436	0.0339
0.05102	0.0474	0.03509
0.08642	0.06291	0.03158
0.47253	0.47177	0.5181
0.13043	0.12552	0.13022
0.33333	0.34235	0.33562
0.54717	0.52458	0.53073
0.05263	0.073	0.06977
0.30612	0.33902	0.34858
0.10101	0.10849	0.0787
0.125	0.10774	0.11147
0.12414	0.12769	0.12863
0.15094	0.15062	0.1664
0.03279	0.0267	0.0318
0.3662	0.35072	0.3438
0.02581	0.01665	0.00593
0.08696	0.10027	0.07929
0.11607	0.09504	0.11512
0.20979	0.18496	0.14654
0.22222	0.21766	0.19643
0.04878	0.04051	0.0172
0.41346	0.39826	0.4043
0.0	0.0	0.0
0.17037	0.16533	0.13741
0.15315	0.13193	0.11436
0.36047	0.36194	0.37362
0.0566	0.04412	0.02445
0.1413	0.12587	0.13037
0.11111	0.08183	0.04193
0.23457	0.19312	0.14093
0.35714	0.32919	0.31817
0.03846	0.01819	0.018
0.10417	0.09475	0.13523
0.07609	0.06275	0.052
0.27891	0.27518	0.25042
0.39241	0.39401	0.35413
0.07447	0.03843	0.0
0.46154	0.415	0.35829
0.33333	0.32714	0.30945
0.09195	0.08526	0.03478
0.42857	0.40361	0.42661
0.11321	0.10803	0.10561
0.07692	0.07656	0.01961
0.0122	0.00629	0.0
0.30645	0.28303	0.28494
0.28302	0.27389	0.27586
0.30303	0.27564	0.25894
0.216	0.19844	0.16224
0.22619	0.21849	0.24224
0.0875	0.06612	0.03942
0.23529	0.19828	0.19436
0.02899	0.03132	0.03225
0.10465	0.10088	0.11482
0.12644	0.1127	0.06894
0.21176	0.20911	0.2237
0.23478	0.21514	0.21914
0.23636	0.2252	0.18313
0.45	0.4301	0.44423
0.26389	0.22354	0.22893
0.12621	0.12996	0.15322
0.1619	0.16311	0.15546
0.16129	0.13248	0.10042
0.01429	0.00737	0.0
0.03478	0.02637	0.01587
0.19463	0.16474	0.13014
0.15094	0.10467	0.06562
0.16794	0.13246	0.10923
0.21667	0.1618	0.07387
0.04255	0.01921	0.0
0.26087	0.22343	0.20711
0.28916	0.2728	0.29438
0.03226	0.03226	0.02857
0.08108	0.07497	0.09091
0.41667	0.34675	0.36864
0.36111	0.36556	0.31948
0.07143	0.07143	0.06452
0.0	0.0	0.0
0.2381	0.18124	0.13646
0.0	0.0	0.0
0.05128	0.05169	0.04651
0.0	0.0	0.0
0.23188	0.19213	0.19005
0.01923	0.00496	0.00921
0.1125	0.0758	0.05662
0.13115	0.11105	0.10988
0.73529	0.72054	0.69916
0.06061	0.05523	0.02857
0.31944	0.29254	0.36019
0.29885	0.29921	0.32257
0.40909	0.40732	0.42481
0.27419	0.21953	0.17509
0.25758	0.24583	0.25805
0.19643	0.1947	0.16667
0.28571	0.21733	0.20346
0.08197	0.046	0.02276
0.11628	0.08777	0.08333
0.63889	0.63883	0.73571
0.31148	0.29452	0.28935
0.0	0.0	0.0
0.07955	0.07624	0.09128
0.03077	0.01985	0.0
0.1791	0.1909	0.21665
0.02	0.02	0.03846
0.16456	0.12616	0.11255
0.14516	0.1285	0.09337
0.31313	0.34961	0.35077
0.08475	0.07927	0.05882
0.11765	0.15559	0.2
0.2807	0.25351	0.24359
0.0	0.0	0.0
0.02381	0.03071	0.05609
0.21008	0.18785	0.17992
0.01923	0.01923	0.0
0.43636	0.42109	0.39332
0.28889	0.21216	0.16128
0.01887	0.0283	0.03448
0.23333	0.19998	0.21657
0.5	0.44162	0.476
0.74194	0.73669	0.83328
0.1129	0.09573	0.09767
0.07143	0.04089	0.0489
0.12346	0.1107	0.06667
0.32184	0.35483	0.39722
0.07317	0.04327	0.02977
0.18391	0.14608	0.11032
0.33333	0.32535	0.3
0.77273	0.73358	0.70711
0.06542	0.04521	0.0339
0.14062	0.11995	0.05882
0.15517	0.1585	0.154
0.07018	0.06451	0.05723
0.07843	0.06325	0.05959
0.19231	0.19768	0.19805
0.28261	0.28959	0.3264
0.34653	0.34653	0.33898
0.2	0.2175	0.23768
0.11111	0.1117	0.10714
0.07143	0.07143	0.06452
0.125	0.09907	0.09475
0.17188	0.14061	0.1364
0.39394	0.45255	0.49593
3.45455	3.23745	3.19617
0.15	0.12578	0.11868
0.14706	0.13376	0.09408
0.16867	0.13484	0.12687
0.54	0.58318	0.66077
0.1	0.07483	0.04867
0.12281	0.12619	0.08116
0.01613	0.02081	0.03686
0.10526	0.08261	0.03448
0.10227	0.06634	0.04233
0.01587	0.00819	0.0
0.07692	0.06451	0.10939
0.12766	0.12353	0.07407
0.16393	0.16551	0.14377
0.06742	0.06885	0.07727
0.12121	0.10898	0.10611
0.24138	0.22379	0.23512
0.13433	0.10928	0.10483
0.375	0.38238	0.41129
0.325	0.32231	0.33991
0.12903	0.10197	0.0
0.21429	0.20414	0.23077
0.39024	0.2832	0.24384
0.06742	0.08662	0.1187
0.2027	0.17347	0.18526
0.19355	0.19355	0.21622
0.2093	0.21002	0.25937
0.10938	0.1013	0.09391
0.56863	0.56545	0.52614
0.36364	0.346	0.49544
0.07273	0.06744	0.09468
0.17978	0.18084	0.21482
0.22523	0.20224	0.2007
0.10465	0.10502	0.08511
0.0396	0.01533	0.00938
0.1	0.09394	0.09891
0.3	0.29583	0.26705
0.01316	0.00339	0.00614
0.04348	0.04348	0.03704
0.10811	0.11042	0.09933
0.31034	0.3031	0.30331
0.16667	0.13797	0.1516
0.2029	0.2057	0.15467
0.0	0.0	0.0
0.1125	0.08386	0.06164
0.07353	0.074	0.02632
0.2907	0.27305	0.27767
0.1875	0.14767	0.148
0.12245	0.07767	0.0657
0.0	0.0	0.0
0.04255	0.01098	0.00956
0.22368	0.205	0.1851
0.20339	0.19573	0.1
0.21978	0.18787	0.16516
0.8	0.73973	0.67862
0.23913	0.2237	0.20128
0.16393	0.15018	0.14706
0.15556	0.15411	0.18708
0.08621	0.09066	0.09677
0.02174	0.02174	0.01961
0.24107	0.23788	0.26742
0.4375	0.33196	0.32256
0.15625	0.1512	0.11765
0.38356	0.38044	0.47693
0.34524	0.31948	0.27309
0.28767	0.27441	0.298
0.55844	0.56973	0.53305
0.26923	0.2599	0.26116
0.34426	0.32758	0.40026
0.16667	0.14055	0.16262
0.37391	0.31161	0.26657
0.15306	0.16391	0.16064
0.22414	0.25357	0.24051
0.16667	0.15207	0.12771
0.13235	0.13519	0.11935
0.14744	0.13254	0.11147
0.22449	0.21065	0.24192
0.22772	0.19768	0.1895
0.03947	0.03013	0.02381
0.45946	0.44462	0.35336
0.08772	0.07979	0.06452
0.53086	0.54001	0.54691
0.09375	0.09173	0.08422
0.18519	0.16128	0.13124
0.06897	0.06507	0.0303
0.31667	0.26287	0.26541
0.22549	0.22737	0.23024
0.2375	0.21046	0.18498
0.08955	0.06306	0.05432
0.10976	0.10582	0.09302
0.21053	0.16764	0.16353
0.16667	0.17795	0.19354
0.34831	0.33633	0.33587
0.04	0.03011	0.025
0.0	0.0	0.0
0.35417	0.33802	0.36256
0.13158	0.13751	0.13133
0.0	0.0	0.0
0.55238	0.51518	0.45159
0.34286	0.32396	0.3129
0.16393	0.15678	0.12856
0.02857	0.01229	0.0129
0.0	0.0	0.0
0.1125	0.09152	0.11722
0.23529	0.18898	0.20109
0.25301	0.22541	0.19766
0.11458	0.10853	0.09615
0.19048	0.16127	0.12411
0.40816	0.41273	0.41933
0.45283	0.5246	0.54724
0.27711	0.2666	0.26285
0.10938	0.0887	0.06103
0.09302	0.06226	0.05718
0.0	0.0	0.0
0.18421	0.13071	0.0516
0.03774	0.02891	0.01754
0.06731	0.06638	0.07018
0.18519	0.15411	0.13479
0.18333	0.18223	0.18647
0.13095	0.13095	0.14583
0.49383	0.46673	0.40284
0.34615	0.34737	0.28586
0.02222	0.02293	0.0
0.17308	0.15198	0.15668
0.18841	0.1711	0.16046
0.09184	0.10434	0.11318
0.1087	0.10588	0.10071
0.15385	0.15467	0.11812
0.01835	0.01509	0.0
0.23256	0.19879	0.16667
0.17241	0.1674	0.17065
0.38889	0.37858	0.38462
0.07843	0.07843	0.07407
0.04762	0.05568	0.05463
0.11594	0.09068	0.073
0.21429	0.20391	0.1875
0.125	0.13117	0.14678
0.08929	0.08755	0.06667
0.26471	0.26471	0.23684
0.14894	0.14138	0.14583
0.08209	0.05897	0.04649
0.18182	0.14759	0.12647
0.20779	0.22078	0.2344
0.1157	0.0845	0.04594
0.52459	0.47854	0.42909
0.32727	0.28384	0.34023
0.1875	0.18279	0.16667
0.17949	0.19478	0.17952
0.13235	0.11929	0.10931
0.6	0.60815	0.59163
0.13333	0.08278	0.06939
0.1129	0.10613	0.14469
0.15385	0.16774	0.19259
0.17978	0.15838	0.15217
0.13433	0.08424	0.08281
0.08333	0.04928	0.04795
0.25714	0.16217	0.0645
0.21053	0.20656	0.1875
0.23729	0.16673	0.14009
0.14286	0.11841	0.12115
0.2875	0.23869	0.16413
0.71739	0.67387	0.754
0.08772	0.08687	0.08197
0.25581	0.21079	0.17742
0.30508	0.30508	0.3125
0.07059	0.06224	0.04167
0.18605	0.18077	0.24729
0.08247	0.05886	0.04105
0.40741	0.39365	0.38506
0.30986	0.32258	0.325
0.0	0.0	0.0
0.19388	0.1876	0.18004
0.14286	0.14861	0.09475
0.82051	0.78818	0.78273
0.0411	0.01767	0.01888
0.33962	0.39191	0.46768
0.57576	0.49852	0.47311
0.16484	0.16129	0.16
0.12963	0.11589	0.10714
0.33696	0.32536	0.32592
0.05556	0.05556	0.05263
0.0	0.0	0.0
0.33929	0.32889	0.29837
0.1375	0.11491	0.09902
0.29412	0.2865	0.24846
0.11628	0.11738	0.08902
0.0989	0.0762	0.06829
0.33333	0.31335	0.27778
0.31707	0.29818	0.32187
0.0	0.0	0.0
0.34286	0.34651	0.3016
0.21311	0.1782	0.15411
0.35294	0.30406	0.23821
0.23256	0.17928	0.168
0.30303	0.28688	0.2779
0.07595	0.07595	0.07317
0.45455	0.38486	0.3806
0.256	0.25108	0.29075
0.14815	0.13062	0.12902
0.07229	0.04624	0.01098
0.06316	0.06145	0.05051
0.47742	0.44078	0.43232
0.17647	0.13345	0.13479
0.03279	0.03279	0.02778
0.05882	0.03415	0.01229
0.45679	0.43049	0.41935
0.0	0.0	0.0
0.46667	0.47252	0.48285
0.14085	0.14673	0.13977
0.2459	0.20833	0.16127
0.20238	0.19852	0.14312
0.15385	0.16251	0.17991
0.18367	0.1389	0.10274
0.15888	0.1242	0.12739
0.38095	0.34867	0.35091
0.70588	0.67832	0.64667
0.14286	0.15404	0.10482
0.34568	0.33652	0.3317
0.32558	0.31544	0.30574
0.26829	0.22183	0.21212
0.17172	0.14466	0.15189
0.1157	0.09463	0.07494
0.09677	0.04942	0.04331
0.02041	0.02863	0.03168
0.16667	0.13693	0.12316
0.03529	0.03794	0.02932
0.1125	0.0758	0.05662
0.15686	0.14905	0.14336
0.21277	0.21277	0.18519
0.23077	0.1868	0.21125
0.27119	0.26407	0.29208
0.17143	0.09906	0.06143
0.21053	0.19524	0.1758
0.18987	0.18618	0.1858
0.18182	0.18962	0.18278
0.3038	0.3099	0.28898
0.2069	0.16016	0.14837
0.49333	0.46149	0.4752
0.27368	0.27266	0.2623
0.1831	0.17582	0.16915
1.09524	0.98457	1.02927
0.18627	0.18627	0.17241
0.05376	0.06	0.03721
0.25	0.25	0.2381
0.17442	0.17102	0.14413
0.29213	0.25079	0.23804
0.14815	0.12743	0.1283
0.03614	0.03031	0.02041
0.04688	0.03931	0.07189
0.5082	0.49338	0.52746
0.7619	0.70352	0.75073
0.02459	0.03437	0.0388
0.23913	0.2307	0.20256
0.08276	0.08053	0.07317
0.05085	0.02186	0.02276
0.11392	0.11514	0.13429
0.08633	0.08633	0.10256
0.13483	0.15148	0.22642
0.08333	0.09468	0.08672
0.33333	0.31017	0.32862
0.05263	0.03522	0.02995
0.22222	0.19035	0.21387
0.02597	0.02597	0.02381
0.15385	0.14971	0.13235
0.22772	0.19769	0.17302
0.0	0.0	0.0
0.34524	0.35213	0.40616
0.22549	0.2065	0.21674
0.08527	0.07876	0.07203
0.09211	0.07342	0.04762
0.31646	0.29724	0.27909
0.13077	0.11165	0.08869
0.10227	0.1085	0.08871
0.06944	0.06675	0.09337
0.25185	0.24395	0.2766
0.15385	0.11909	0.07757
0.3741	0.40981	0.47825
0.13115	0.09756	0.09864
0.08333	0.08763	0.09309
0.06154	0.05608	0.02857
0.09524	0.07175	0.08025
0.67708	0.6559	0.63113
0.08065	0.0874	0.03989
0.20238	0.15898	0.15658
0.26126	0.25659	0.20376
0.81443	0.76419	0.75343
0.07576	0.03127	0.01395
0.05319	0.04564	0.03412
0.22481	0.19602	0.18492
0.40741	0.40022	0.35943
0.08333	0.08019	0.07143
0.27869	0.2813	0.32706
0.12698	0.11263	0.10281
0.24419	0.22691	0.17271
0.28395	0.26762	0.23992
0.1028	0.07988	0.05982
0.14074	0.11898	0.10552
0.17391	0.1379	0.11595
0.16176	0.12001	0.09811
0.17164	0.16201	0.16565
0.13393	0.12873	0.1196
0.16484	0.14001	0.1458
0.11765	0.09415	0.06961
0.5	0.49352	0.52429
0.45455	0.40289	0.33977
0.32353	0.30834	0.323
0.27957	0.22473	0.175
0.28713	0.23664	0.20076
0.19512	0.2069	0.22447
0.06742	0.06958	0.06225
0.33333	0.30812	0.30405
0.2268	0.1872	0.13189
0.38372	0.37355	0.29753
0.05882	0.037	0.034
0.24324	0.17827	0.17229
0.13793	0.12234	0.11662
0.2125	0.20806	0.25532
0.24096	0.21219	0.2458
0.07216	0.07216	0.05455
0.19178	0.17719	0.16129
0.04348	0.04909	0.07407
0.30233	0.33945	0.35483
0.25397	0.22221	0.20776
0.05556	0.04525	0.05263
0.08943	0.08759	0.07353
0.11029	0.10222	0.07403
0.13699	0.11533	0.10256
0.03896	0.0444	0.04651
0.16667	0.17271	0.21579
0.22093	0.20967	0.19149
0.26471	0.23314	0.20245
0.13433	0.12325	0.15385
0.16867	0.14107	0.09408
0.21429	0.18586	0.19143
0.29839	0.2989	0.30218
0.08397	0.08445	0.07741
0.09524	0.06796	0.03762
0.18605	0.15077	0.07096
0.19403	0.20991	0.24514
0.2807	0.24446	0.23655
0.26761	0.28713	0.29515
0.15493	0.11858	0.11644
0.38462	0.38337	0.3871
0.16	0.15569	0.14286
0.17857	0.17281	0.16667
0.09474	0.09778	0.06938
0.10976	0.10582	0.09302
0.23404	0.21549	0.20936
0.45062	0.46272	0.49056
0.15238	0.12933	0.10224
0.26316	0.28579	0.3125
0.20833	0.20496	0.2475
0.23881	0.22484	0.25649
0.06742	0.08154	0.11482
0.15108	0.16105	0.18589
0.5	0.50335	0.51064
0.09821	0.08898	0.09059
0.52542	0.52702	0.45559
0.17722	0.16251	0.14935
0.32857	0.3124	0.3306
0.29688	0.19655	0.16589
0.15385	0.14036	0.11032
0.17722	0.17272	0.17391
0.0	0.0	0.0
0.5	0.48181	0.46727
0.25833	0.23117	0.24697
0.01639	0.0148	0.0
0.05556	0.03106	0.01612
0.13	0.1187	0.09798
0.29032	0.28059	0.25075
0.09091	0.06776	0.04381
0.23529	0.19505	0.17808
0.14815	0.10274	0.07862
0.08081	0.08927	0.09446
0.25352	0.27894	0.30683
0.15942	0.15942	0.15385
0.14444	0.14444	0.14286
0.16239	0.13509	0.16326
0.1087	0.10938	0.12858
0.12195	0.11905	0.09629
0.34783	0.31974	0.30144
0.1625	0.19272	0.20929
0.2069	0.19881	0.19016
0.03623	0.02804	0.01569
0.19643	0.18489	0.18689
0.23529	0.22578	0.23003
0.10714	0.11693	0.11794
0.09278	0.07282	0.04954
0.12977	0.09676	0.08213
0.07547	0.04138	0.0258
0.09709	0.08988	0.1043
0.12941	0.11005	0.084
0.47115	0.43112	0.36933
0.16	0.13289	0.1214
0.11111	0.08646	0.07295
0.50495	0.48766	0.46159
0.03797	0.03899	0.03466
0.14583	0.08802	0.04448
0.25581	0.30906	0.33224
0.14286	0.14227	0.13333
0.0	0.0	0.0
0.05769	0.06947	0.0996
0.05634	0.03952	0.04398
0.12605	0.12224	0.1181
0.4557	0.44015	0.453
0.13483	0.13554	0.1761
0.19048	0.13593	0.0916
0.0381	0.03471	0.01639
0.21918	0.20282	0.1851
0.25806	0.23446	0.22526
0.06024	0.05441	0.06
0.63291	0.65166	0.63484
0.20732	0.16363	0.12128
0.12121	0.07526	0.04097
0.01887	0.00974	0.0
0.83562	0.79537	0.81505
0.07955	0.04361	0.03696
0.02326	0.0135	0.0
0.12821	0.09677	0.16409
0.09211	0.08234	0.05251
0.25	0.2467	0.22119
0.05435	0.04909	0.03922
0.01923	0.01923	0.03571
0.32468	0.29324	0.29683
0.02469	0.0219	0.0
0.20833	0.16867	0.10829
0.11111	0.09956	0.13195
0.43548	0.3579	0.38366
0.2125	0.19434	0.16478
0.37	0.35029	0.30262
0.0241	0.01516	0.02796
0.18987	0.18987	0.2
0.04511	0.03517	0.02021
0.19643	0.20275	0.20662
0.21538	0.20718	0.23521
0.0339	0.03717	0.04161
0.20388	0.19448	0.15449
0.02469	0.02031	0.01993
0.0	0.0	0.0
0.21875	0.20159	0.20682
0.26667	0.25719	0.26749
0.15	0.15107	0.16224
0.00971	0.01942	0.03448
0.17241	0.1635	0.14564
0.06173	0.07407	0.09091
0.26562	0.24191	0.21629
0.175	0.14918	0.14955
0.15217	0.13428	0.15012
0.2037	0.15828	0.11591
0.28409	0.28078	0.34064
0.0122	0.01101	0.0
0.43478	0.42776	0.497
0.15385	0.07381	0.04607
0.2963	0.25685	0.21791
0.31008	0.26755	0.25487
0.13115	0.08302	0.05218
0.125	0.11577	0.1311
0.0	0.0	0.0
0.11688	0.10725	0.11111
0.58696	0.59043	0.61692
0.09231	0.07443	0.05644
0.29524	0.27495	0.28063
0.15238	0.13609	0.12959
0.03371	0.03117	0.02174
0.28333	0.25913	0.25806
0.1157	0.09863	0.07826
0.25806	0.25232	0.19703
0.34314	0.34314	0.31034
0.25397	0.27671	0.27274
0.19608	0.16065	0.12531
0.57576	0.56434	0.56649
0.20619	0.20916	0.18473
0.15	0.13669	0.12828
0.31008	0.33856	0.35994
0.21311	0.20121	0.20283
0.13636	0.11949	0.12516
0.01562	0.01411	0.0
0.0	0.0	0.0
0.18868	0.22943	0.21933
0.21687	0.17177	0.15372
0.06897	0.02669	0.0258
0.26087	0.24598	0.2525
0.19231	0.13521	0.144
0.07547	0.05538	0.0089
0.25	0.31883	0.32258
0.19811	0.13814	0.12679
0.24286	0.19721	0.11777
0.18868	0.17285	0.19355
0.0	0.0	0.0
0.31395	0.30417	0.31868
0.12925	0.11433	0.11943
0.12698	0.12186	0.11111
0.02703	0.02267	0.01587
0.18852	0.18852	0.1831
0.1746	0.16589	0.15559
0.01961	0.00506	0.0086
0.23158	0.22137	0.18404
0.10588	0.10322	0.08511
0.14583	0.14616	0.1546
0.1831	0.1599	0.15261
0.2	0.14744	0.13055
0.16667	0.17795	0.19354
0.21698	0.19872	0.21914
0.26786	0.23327	0.24191
0.0	0.0	0.0
0.17241	0.16757	0.17546
0.10811	0.11187	0.09165
0.0	0.0	0.0
0.33333	0.32598	0.337
0.02941	0.02229	0.0
0.04494	0.04494	0.04
0.13333	0.12939	0.11538
0.21154	0.13956	0.10829
0.18841	0.18513	0.15
0.1875	0.1858	0.13398
0.30303	0.28345	0.26879
0.72059	0.79262	0.77082
0.2381	0.17586	0.0916
0.29412	0.27703	0.28422
0.40984	0.40824	0.39435
0.08738	0.06733	0.03893
0.19737	0.18166	0.18961
0.36364	0.35821	0.32421
0.16327	0.12474	0.11693
0.21569	0.17582	0.11636
0.06452	0.03537	0.02211
0.25352	0.27668	0.2379
0.31884	0.29686	0.28947
0.01887	0.0283	0.03448
0.03846	0.03638	0.03225
0.18367	0.18367	0.14286
0.27059	0.28347	0.26696
0.19424	0.19168	0.21215
0.30769	0.28535	0.26516
0.08904	0.0813	0.06912
0.15517	0.14153	0.17379
0.23333	0.16772	0.18082
0.25	0.24537	0.24159
0.16867	0.1504	0.14943
0.42222	0.37489	0.31015
0.09722	0.08692	0.07692
0.23864	0.2386	0.24222
0.16854	0.1602	0.16853
0.05	0.05	0.02326
0.01266	0.00816	0.0
0.10169	0.10169	0.09091
0.58333	0.57661	0.55263
0.0339	0.0339	0.0303
0.20652	0.25067	0.28765
0.13953	0.14102	0.125
0.20833	0.15142	0.11171
0.16071	0.12527	0.1111
0.36585	0.34378	0.40721
0.24752	0.25356	0.22634
0.2	0.12902	0.09247
0.37349	0.32761	0.28242
0.42029	0.37539	0.36926
0.32759	0.31924	0.29211
0.30435	0.29967	0.36048
0.28814	0.26186	0.20462
0.22472	0.16779	0.15656
0.35938	0.37903	0.41176
0.03061	0.01974	0.0
0.01667	0.0301	0.05473
0.01163	0.01163	0.0
0.18605	0.18228	0.18485
0.05263	0.08374	0.15397
0.19853	0.20112	0.16903
0.20968	0.18834	0.15322
0.11321	0.11502	0.11705
0.52	0.54062	0.60274
0.35821	0.32112	0.32605
0.38889	0.37903	0.33333
0.15278	0.12812	0.12323
0.24561	0.23088	0.21933
0.29688	0.28778	0.33015
0.16	0.15956	0.15879
0.36364	0.35336	0.35593
0.30986	0.3421	0.34903
0.18519	0.17401	0.11898
0.35135	0.35135	0.35
0.26829	0.19666	0.22979
0.15	0.14675	0.15686
0.25	0.22367	0.1841
0.13402	0.13169	0.10909
0.14433	0.09376	0.06928
0.17986	0.18101	0.18929
0.08108	0.07497	0.09091
0.36	0.35697	0.36174
0.01923	0.00496	0.00921
0.18367	0.17643	0.18064
0.0303	0.02761	0.02817
0.13402	0.09343	0.08179
0.04706	0.04288	0.02083
0.02597	0.02136	0.0
0.03061	0.0181	0.02374
0.51351	0.52219	0.59995
0.12245	0.13692	0.14304
0.35556	0.32758	0.41288
0.18367	0.18367	0.22222
0.32558	0.32181	0.30023
0.29545	0.26539	0.27273
0.14583	0.16901	0.23137
0.24658	0.21873	0.22119
0.25225	0.25137	0.21402
0.08065	0.06035	0.04958
0.10769	0.08585	0.09503
0.07752	0.07726	0.06849
0.22222	0.21822	0.30062
