0.0	0.0	0.0
0.34615	0.33129	0.31454
0.0	0.0	0.0
0.2	0.1621	0.15359
0.05882	0.04649	0.05263
0.07576	0.05083	0.05405
0.04054	0.04054	0.02381
0.0	0.0	0.0
0.0	0.0	0.0
0.04444	0.02689	0.02083
0.0	0.0	0.0
0.12069	0.06729	0.08015
0.09589	0.07027	0.07476
0.13462	0.11787	0.10714
0.07143	0.07143	0.05455
0.17308	0.09431	0.12116
0.0	0.0	0.0
0.0	0.0	0.0
0.0098	0.00158	0.0
0.0	0.0	0.0
0.0	0.0	0.0
0.04938	0.03147	0.02876
0.0	0.0	0.0
0.0	0.0	0.0
0.17722	0.12496	0.10611
0.00649	0.00105	0.0
0.03774	0.02253	0.04117
0.10638	0.06313	0.06721
0.05263	0.02716	0.04487
0.09756	0.02638	0.03371
0.28814	0.16461	0.20649
0.0	0.0	0.0
0.0	0.0	0.0
0.3125	0.16601	0.16425
0.02521	0.00814	0.00505
0.28846	0.12529	0.09675
0.01493	0.00193	0.0
0.07865	0.05039	0.02266
0.04965	0.03272	0.04344
0.0	0.0	0.0
0.0	0.0	0.0
0.02632	0.0102	0.00769
0.0	0.0	0.0
0.03636	0.02171	0.00554
0.10791	0.09608	0.10422
0.16949	0.13561	0.15506
0.17647	0.08924	0.0871
0.08333	0.06319	0.05032
0.02469	0.02469	0.02222
0.30488	0.18767	0.18667
0.35484	0.28723	0.34411
0.0274	0.0274	0.02381
0.0	0.0	0.0
0.27778	0.27778	0.26667
0.0	0.0	0.0
0.22936	0.22936	0.22581
0.11765	0.06959	0.08529
0.22449	0.16788	0.15425
0.65385	0.3741	0.32255
0.08333	0.06077	0.04268
0.11688	0.07961	0.10656
0.19697	0.18426	0.23684
0.0	0.0	0.0
0.0	0.0	0.0
0.04286	0.02443	0.0121
0.09459	0.07759	0.06855
0.09091	0.05573	0.07006
0.07018	0.0566	0.06452
0.13415	0.13415	0.12766
0.08861	0.07841	0.06522
0.02062	0.02062	0.01754
0.15789	0.09	0.10374
0.09639	0.09639	0.08696
0.0	0.0	0.0
0.09091	0.09091	0.07955
0.02439	0.02439	0.02128
0.0	0.0	0.0
0.43333	0.32098	0.33514
0.0	0.0	0.0
0.0339	0.01669	0.021
0.0	0.0	0.0
0.06579	0.03439	0.03226
0.10638	0.10638	0.08333
0.0	0.0	0.0
0.0	0.0	0.0
0.09434	0.084	0.10926
0.13333	0.11269	0.11905
0.0	0.0	0.0
0.2619	0.2619	0.26087
0.0	0.0	0.0
0.1871	0.18106	0.17647
0.0	0.0	0.0
0.08791	0.04325	0.0366
0.0875	0.0496	0.04876
0.01724	0.00278	0.0
0.0	0.0	0.0
0.0	0.0	0.0
0.07595	0.07595	0.08333
0.13592	0.09867	0.10012
0.42991	0.39343	0.3844
0.0	0.0	0.0
0.0098	0.0098	0.0
0.16495	0.14766	0.13315
0.0	0.0	0.0
0.13158	0.11779	0.11034
0.15517	0.10123	0.09114
0.0	0.0	0.0
0.02667	0.00517	0.00151
0.07937	0.06247	0.06636
0.07042	0.04999	0.07317
0.0	0.0	0.0
0.25556	0.25556	0.25
0.18889	0.16882	0.17775
0.27119	0.26353	0.28082
0.0	0.0	0.0
0.21212	0.21212	0.24324
0.11538	0.11538	0.11628
0.1519	0.1519	0.16667
0.25758	0.24486	0.23077
0.03846	0.01676	0.0011
0.13462	0.13462	0.13333
0.0	0.0	0.0
0.23684	0.16766	0.21124
0.16471	0.08958	0.07755
0.07843	0.0369	0.04441
0.11111	0.0507	0.0465
0.52577	0.47025	0.45105
0.0	0.0	0.0
0.23	0.21388	0.19989
0.10345	0.10345	0.09091
0.39568	0.38524	0.38497
0.0	0.0	0.0
0.0	0.0	0.0
0.0	0.0	0.0
0.16038	0.16038	0.16667
0.0	0.0	0.0
0.04545	0.04545	0.05263
0.0	0.0	0.0
0.06542	0.03559	0.02856
0.2381	0.154	0.1052
0.38235	0.19879	0.182
0.12245	0.12245	0.10909
0.10227	0.06452	0.08388
0.0	0.0	0.0
0.25301	0.17687	0.19577
0.21429	0.20789	0.2
0.0	0.0	0.0
0.07143	0.03629	0.0232
0.11765	0.10484	0.10866
0.25	0.13173	0.14058
0.0	0.0	0.0
0.0202	0.0202	0.01887
0.0	0.0	0.0
0.28346	0.14988	0.12638
0.12745	0.08573	0.07744
0.0	0.0	0.0
0.0	0.0	0.0
0.18293	0.16326	0.18182
0.08667	0.05915	0.06107
0.18367	0.18367	0.16364
0.20548	0.20548	0.19512
0.0	0.0	0.0
0.33962	0.33962	0.34483
0.0	0.0	0.0
0.13725	0.13725	0.14815
0.01613	0.01613	0.0
0.0	0.0	0.0
0.26415	0.26415	0.24138
0.10072	0.10072	0.09091
0.14388	0.12114	0.12695
0.02985	0.01685	0.0
0.03333	0.02294	0.02083
0.0	0.0	0.0
0.0	0.0	0.0
0.0	0.0	0.0
0.26804	0.15098	0.16921
0.0	0.0	0.0
0.12941	0.08767	0.084
0.28846	0.12529	0.09675
0.0	0.0	0.0
0.0	0.0	0.0
0.0	0.0	0.0
0.15254	0.13341	0.15713
0.51546	0.46691	0.45561
0.0	0.0	0.0
0.0	0.0	0.0
0.34483	0.24641	0.29524
0.0	0.0	0.0
0.0	0.0	0.0
0.0	0.0	0.0
0.0	0.0	0.0
0.10606	0.05671	0.0593
0.0	0.0	0.0
0.0	0.0	0.0
0.0	0.0	0.0
0.0	0.0	0.0
0.11765	0.06959	0.08529
0.33846	0.21294	0.18247
0.18462	0.17171	0.21622
0.09302	0.05064	0.02083
0.08148	0.08148	0.09333
0.0	0.0	0.0
0.0	0.0	0.0
0.0	0.0	0.0
0.0	0.0	0.0
0.25275	0.19179	0.20908
0.24675	0.24675	0.25
0.03846	0.01821	0.02273
0.0	0.0	0.0
0.0	0.0	0.0
0.04286	0.02443	0.0121
0.0	0.0	0.0
0.02247	0.01304	0.02128
0.06173	0.05178	0.04255
0.0	0.0	0.0
0.0	0.0	0.0
0.22523	0.22523	0.24194
0.08497	0.08497	0.07955
0.0	0.0	0.0
0.0	0.0	0.0
0.0	0.0	0.0
0.0	0.0	0.0
0.32203	0.28103	0.29494
0.0	0.0	0.0
0.21212	0.21212	0.24324
0.0	0.0	0.0
0.0	0.0	0.0
0.0	0.0	0.0
0.13158	0.12451	0.125
0.25	0.25	0.24138
0.06944	0.06944	0.06977
0.0	0.0	0.0
0.25373	0.25373	0.23077
0.13462	0.13462	0.13333
0.0	0.0	0.0
0.0	0.0	0.0
0.0	0.0	0.0
0.0	0.0	0.0
0.0	0.0	0.0
0.0	0.0	0.0
0.0	0.0	0.0
0.02222	0.01004	0.01333
0.0	0.0	0.0
0.0	0.0	0.0
0.04965	0.03272	0.04344
0.13636	0.0693	0.08714
0.32075	0.32075	0.31034
0.0	0.0	0.0
0.02667	0.00603	0.003
0.22936	0.22936	0.22581
0.53191	0.30887	0.32881
0.04412	0.01899	0.02958
0.25556	0.25556	0.25
0.0	0.0	0.0
0.32692	0.32692	0.32143
0.27119	0.26353	0.28082
0.0	0.0	0.0
0.01053	0.00272	0.0
0.0	0.0	0.0
0.0	0.0	0.0
0.0	0.0	0.0
0.16993	0.16993	0.16667
0.0	0.0	0.0
0.0	0.0	0.0
0.0	0.0	0.0
0.10101	0.07267	0.09209
0.0	0.0	0.0
0.07143	0.03629	0.0232
0.0	0.0	0.0
0.0	0.0	0.0
0.0	0.0	0.0
0.0	0.0	0.0
0.0	0.0	0.0
0.03704	0.02868	0.02876
0.2	0.16433	0.1539
0.0	0.0	0.0
0.0	0.0	0.0
0.0	0.0	0.0
0.01299	0.00209	0.0
0.0	0.0	0.0
0.0	0.0	0.0
0.10976	0.0252	0.02798
0.17544	0.1183	0.14373
0.10638	0.06519	0.06721
0.02521	0.00814	0.00505
0.0	0.0	0.0
0.0	0.0	0.0
0.0	0.0	0.0
0.0	0.0	0.0
0.0	0.0	0.0
0.1831	0.10904	0.15056
0.0	0.0	0.0
0.2562	0.16076	0.13997
0.0	0.0	0.0
0.07477	0.03921	0.0349
0.0	0.0	0.0
0.28378	0.16828	0.18151
0.32203	0.17717	0.14289
0.0101	0.0101	0.01818
0.0	0.0	0.0
0.0	0.0	0.0
0.0	0.0	0.0
0.01316	0.00297	0.0
0.0	0.0	0.0
0.02326	0.01388	0.0
0.0	0.0	0.0
0.0	0.0	0.0
0.0	0.0	0.0
0.04124	0.01498	0.02421
0.0	0.0	0.0
0.0	0.0	0.0
0.0	0.0	0.0
0.0	0.0	0.0
0.0	0.0	0.0
0.0	0.0	0.0
0.0	0.0	0.0
0.0	0.0	0.0
0.0	0.0	0.0
0.0	0.0	0.0
0.0	0.0	0.0
0.0	0.0	0.0
0.08163	0.08163	0.07059
0.0	0.0	0.0
0.31343	0.1926	0.13078
0.0	0.0	0.0
0.0	0.0	0.0
0.0	0.0	0.0
0.0	0.0	0.0
0.0	0.0	0.0
0.0	0.0	0.0
0.08	0.08	0.07317
0.0	0.0	0.0
0.0	0.0	0.0
0.1125	0.1125	0.1087
0.0	0.0	0.0
0.0	0.0	0.0
0.0	0.0	0.0
0.0	0.0	0.0
0.16038	0.16038	0.16667
0.27027	0.20535	0.2363
0.05882	0.05124	0.05284
0.0	0.0	0.0
0.17568	0.12685	0.13236
0.0	0.0	0.0
0.06667	0.03441	0.03669
0.11667	0.05483	0.07494
0.34568	0.17326	0.19432
0.04396	0.00569	0.00924
0.0098	0.00158	0.0
0.14286	0.13041	0.13151
0.15094	0.13634	0.13793
0.07407	0.05178	0.04876
0.04938	0.03147	0.02876
0.3125	0.17501	0.18123
0.13433	0.06091	0.08216
0.0	0.0	0.0
0.0404	0.02477	0.01887
0.11111	0.03785	0.05134
0.14286	0.10137	0.10452
0.0	0.0	0.0
0.0	0.0	0.0
0.0	0.0	0.0
0.0	0.0	0.0
0.0	0.0	0.0
0.05479	0.02475	0.02777
0.54701	0.24899	0.21098
0.0	0.0	0.0
0.0	0.0	0.0
0.45588	0.24813	0.23987
0.0719	0.03584	0.04516
0.08148	0.04709	0.05377
0.0	0.0	0.0
0.0303	0.01711	0.0
0.24561	0.11263	0.13491
0.08989	0.05184	0.02266
0.05556	0.04696	0.03922
0.02817	0.00365	0.00176
0.15238	0.1143	0.13183
0.43519	0.39816	0.38332
0.1125	0.1125	0.08889
0.0	0.0	0.0
0.20513	0.14682	0.12098
0.0	0.0	0.0
0.03704	0.02788	0.02677
0.0	0.0	0.0
0.53061	0.47565	0.46068
0.0098	0.0098	0.0
0.15152	0.11974	0.11622
0.2875	0.16252	0.16683
0.16949	0.13561	0.15506
0.15833	0.10914	0.09477
0.0	0.0	0.0
0.07576	0.05083	0.05405
0.11765	0.06959	0.08529
0.36066	0.3078	0.34767
0.08163	0.06649	0.05032
0.18293	0.16326	0.18182
0.29091	0.29091	0.26667
0.22936	0.22936	0.22581
0.0	0.0	0.0
0.05	0.05	0.03226
0.13514	0.10854	0.09834
0.10169	0.08858	0.12121
0.22857	0.22857	0.21622
0.26667	0.25914	0.25673
0.0	0.0	0.0
0.27273	0.15335	0.15645
0.2451	0.20209	0.19688
0.63462	0.36415	0.32903
0.21111	0.17492	0.17775
0.0	0.0	0.0
0.37736	0.34208	0.34707
0.0	0.0	0.0
0.27451	0.23182	0.21281
0.0	0.0	0.0
0.08791	0.01916	0.0382
0.27119	0.26353	0.28082
0.05714	0.02627	0.01532
0.07407	0.07407	0.06667
0.0	0.0	0.0
0.14286	0.14286	0.12
0.0	0.0	0.0
0.03125	0.02269	0.01934
0.16949	0.09347	0.07494
0.06186	0.03028	0.02661
0.0	0.0	0.0
0.0404	0.02477	0.01887
0.01235	0.01235	0.02128
0.39024	0.14834	0.13757
0.59016	0.36174	0.37011
0.01333	0.01333	0.0
0.0	0.0	0.0
0.16038	0.16038	0.16667
0.21212	0.21212	0.24324
0.0	0.0	0.0
0.26923	0.21505	0.19039
0.13462	0.13462	0.13333
0.0	0.0	0.0
0.0	0.0	0.0
0.13514	0.10114	0.09915
0.05208	0.05208	0.03704
0.15238	0.08173	0.10291
0.12963	0.08841	0.08251
0.26804	0.15032	0.16921
0.02521	0.00624	0.00505
0.25	0.15203	0.10293
0.40741	0.36563	0.371
0.0202	0.00457	0.0
0.22059	0.20825	0.25641
0.13433	0.09462	0.1028
0.16667	0.16667	0.14815
0.38931	0.3546	0.35932
0.14815	0.14815	0.13636
0.01724	0.00278	0.0
0.01613	0.00208	0.0
0.01974	0.01422	0.0
0.0	0.0	0.0
0.08571	0.06944	0.08475
0.0	0.0	0.0
0.0	0.0	0.0
0.21622	0.14649	0.13932
0.1125	0.08589	0.08507
0.02667	0.00517	0.00151
0.09589	0.07468	0.09524
0.07339	0.05061	0.04995
0.14706	0.13883	0.14815
0.07317	0.06177	0.0625
0.01613	0.01613	0.0
0.08333	0.02017	0.00909
0.12632	0.04381	0.0626
0.30864	0.16291	0.18916
0.224	0.2031	0.20093
0.45455	0.33375	0.30757
0.13699	0.10695	0.10953
0.38235	0.32165	0.29864
0.11538	0.04468	0.04539
0.1871	0.18168	0.17647
0.13235	0.1027	0.10064
0.07463	0.03227	0.02242
0.04444	0.02653	0.02083
0.07843	0.07843	0.08
0.03125	0.02269	0.01934
0.01235	0.01235	0.02128
0.41463	0.15189	0.13912
0.06061	0.04789	0.05263
0.27273	0.20444	0.22958
0.17857	0.087	0.10929
0.12727	0.07155	0.08806
0.44231	0.1929	0.18063
0.0	0.0	0.0
0.08	0.0512	0.05452
0.14444	0.09141	0.10184
0.07246	0.0603	0.07692
0.10769	0.05262	0.04928
0.12583	0.11258	0.10122
0.0	0.0	0.0
0.09091	0.05573	0.07006
0.32877	0.25189	0.19442
0.34483	0.17409	0.17109
0.0	0.0	0.0
0.5082	0.2507	0.31189
0.09195	0.07713	0.03092
0.0	0.0	0.0
0.0125	0.0125	0.02222
0.0	0.0	0.0
0.0	0.0	0.0
0.01852	0.00239	0.0
0.12097	0.0757	0.06732
0.12	0.09135	0.09817
0.13415	0.13415	0.12766
0.11486	0.11138	0.08702
0.0	0.0	0.0
0.0	0.0	0.0
0.0	0.0	0.0
0.10345	0.07398	0.09288
0.20879	0.15918	0.14682
0.2	0.2	0.21429
0.16327	0.12839	0.06574
0.27273	0.1941	0.19735
0.0	0.0	0.0
0.28846	0.19913	0.23807
0.6875	0.41	0.38342
0.0	0.0	0.0
0.30435	0.19171	0.21449
0.0	0.0	0.0
0.19643	0.19643	0.19355
0.2	0.10469	0.12905
0.0	0.0	0.0
0.0	0.0	0.0
0.12727	0.12727	0.13793
0.16438	0.16041	0.14275
0.07463	0.0289	0.034
0.02439	0.02439	0.01493
0.0	0.0	0.0
0.07759	0.07091	0.07024
0.24051	0.20376	0.18583
0.09615	0.08127	0.06667
0.0	0.0	0.0
0.29231	0.29231	0.28571
0.43956	0.41687	0.45098
0.03846	0.02172	0.01805
0.13393	0.12558	0.11775
0.0	0.0	0.0
0.22093	0.17143	0.16802
0.05426	0.02952	0.04408
0.09524	0.09524	0.08696
0.8662	0.71244	0.67148
0.0	0.0	0.0
0.16883	0.08506	0.08777
0.0	0.0	0.0
0.0	0.0	0.0
0.37255	0.35485	0.36956
0.18692	0.17094	0.16775
0.02222	0.00144	0.0
0.0	0.0	0.0
0.37719	0.36107	0.36807
0.00685	0.00133	0.00246
0.25714	0.25714	0.33333
0.46753	0.30209	0.26993
0.04255	0.02677	0.03846
0.50538	0.32786	0.29294
0.16667	0.07797	0.08729
0.48837	0.27614	0.20704
0.16364	0.05811	0.04374
0.18182	0.18182	0.19048
0.06383	0.03054	0.04809
0.10909	0.0956	0.14193
0.10811	0.10811	0.1
0.15942	0.1239	0.11376
0.04598	0.04598	0.06
0.0	0.0	0.0
0.17778	0.08673	0.08871
0.15108	0.15108	0.15385
0.10891	0.10891	0.10526
0.16901	0.16901	0.17949
0.10127	0.06452	0.05539
0.0	0.0	0.0
0.33333	0.23983	0.24542
0.0	0.0	0.0
0.05	0.05	0.0303
0.09589	0.09589	0.09756
0.07955	0.06965	0.0625
0.17808	0.17366	0.18724
0.46	0.33746	0.34581
0.1134	0.0981	0.10029
0.19266	0.18467	0.18333
0.27273	0.1555	0.19083
0.17949	0.13732	0.1703
0.21053	0.14516	0.15789
0.08889	0.06811	0.08
0.14493	0.14493	0.13514
0.14085	0.09542	0.08632
0.0	0.0	0.0
0.09375	0.05898	0.04303
0.05455	0.05455	0.03333
0.03604	0.02906	0.0339
0.03704	0.03704	0.03226
0.12766	0.09953	0.05619
0.15686	0.09739	0.10254
0.07955	0.05425	0.05175
0.35	0.19279	0.21324
0.17647	0.09347	0.071
0.26923	0.15471	0.1408
0.0	0.0	0.0
0.04651	0.04651	0.04167
0.0	0.0	0.0
0.0	0.0	0.0
0.20192	0.14269	0.12039
0.0283	0.01278	0.0
0.0	0.0	0.0
0.0	0.0	0.0
0.31667	0.31667	0.33333
0.04688	0.04688	0.04412
0.0	0.0	0.0
0.1	0.0672	0.06805
0.07937	0.03689	0.05263
0.0	0.0	0.0
0.06849	0.02121	0.03226
0.16667	0.1555	0.17556
0.0315	0.01296	0.00277
0.18182	0.09044	0.1003
0.41071	0.41071	0.4375
0.0339	0.01585	0.03016
0.42149	0.37058	0.36233
0.0	0.0	0.0
0.0	0.0	0.0
0.04	0.04	0.03571
0.0	0.0	0.0
0.4902	0.26763	0.31907
0.0	0.0	0.0
0.04839	0.04839	0.05263
0.11	0.11	0.10714
0.19512	0.10822	0.12838
0.32653	0.32653	0.2963
0.0	0.0	0.0
0.16484	0.1457	0.11443
0.04819	0.02954	0.03089
0.17557	0.14627	0.14604
0.10606	0.05865	0.04097
0.17544	0.14037	0.17038
0.09677	0.08273	0.09482
0.0	0.0	0.0
0.0339	0.0339	0.03125
0.11811	0.11125	0.11429
0.02597	0.02597	0.02381
0.47727	0.40033	0.40031
0.43103	0.3871	0.41368
0.13043	0.0498	0.03484
0.2069	0.12016	0.12526
0.1811	0.10694	0.08604
0.24138	0.17409	0.14994
0.0	0.0	0.0
0.12871	0.10924	0.10188
0.03636	0.03636	0.03333
0.28261	0.28261	0.29167
0.24194	0.18782	0.218
0.15455	0.11555	0.1199
0.0	0.0	0.0
0.35593	0.18156	0.19462
0.05333	0.05333	0.05128
0.15217	0.07222	0.05548
0.0	0.0	0.0
0.0	0.0	0.0
0.0	0.0	0.0
0.35714	0.10261	0.10091
0.0	0.0	0.0
0.04082	0.01844	0.02689
0.07692	0.07692	0.08824
0.04717	0.02283	0.01718
0.19277	0.12205	0.15238
0.0	0.0	0.0
0.0	0.0	0.0
0.16667	0.1362	0.13106
0.0	0.0	0.0
0.0	0.0	0.0
0.08333	0.02331	0.01997
0.13699	0.13699	0.16667
0.07353	0.04032	0.01075
0.07143	0.05473	0.0625
0.0	0.0	0.0
0.10256	0.08231	0.06902
0.0	0.0	0.0
0.0	0.0	0.0
0.51429	0.44656	0.41937
0.07937	0.06554	0.05882
0.03704	0.02709	0.02174
0.4	0.4	0.42105
0.14815	0.03769	0.01619
0.07143	0.03035	0.02714
0.08696	0.07901	0.08108
0.47826	0.23803	0.25183
0.0	0.0	0.0
0.29474	0.29474	0.27273
0.14815	0.10753	0.09986
0.0	0.0	0.0
0.0	0.0	0.0
0.06897	0.05747	0.06948
0.0	0.0	0.0
0.34247	0.28682	0.30328
0.38298	0.22104	0.24197
0.22581	0.22581	0.22222
0.00901	0.00116	0.00215
0.15789	0.10244	0.11394
0.0	0.0	0.0
0.19753	0.13065	0.13641
0.03175	0.01895	0.0
0.26087	0.16972	0.18817
0.09709	0.0664	0.03649
0.0	0.0	0.0
0.08088	0.07519	0.07595
0.04167	0.04167	0.05128
0.05085	0.035	0.02468
0.13415	0.09206	0.09178
0.04054	0.02791	0.02326
0.125	0.09006	0.11663
0.11957	0.11957	0.125
0.02941	0.00191	0.0
0.08065	0.08065	0.09091
0.02222	0.02222	0.02041
0.15	0.08228	0.13306
0.0	0.0	0.0
0.0	0.0	0.0
0.125	0.09007	0.09915
0.0	0.0	0.0
0.16949	0.15692	0.125
0.02381	0.02381	0.0
0.21429	0.21429	0.21739
0.32692	0.29281	0.28571
0.36735	0.21139	0.17089
0.04225	0.04225	0.04878
0.09302	0.09302	0.125
0.07018	0.02942	0.01713
0.0	0.0	0.0
0.0	0.0	0.0
0.33824	0.16797	0.20528
0.01961	0.00348	0.0
0.18421	0.10274	0.10661
0.09524	0.09524	0.08696
0.0	0.0	0.0
0.0	0.0	0.0
0.0	0.0	0.0
0.12329	0.06497	0.07083
0.36782	0.23845	0.2525
0.02273	0.02273	0.0
0.0	0.0	0.0
0.0625	0.04487	0.03545
0.0	0.0	0.0
0.0	0.0	0.0
0.04167	0.04167	0.03571
0.02041	0.02041	0.0
0.0	0.0	0.0
0.0	0.0	0.0
0.13559	0.06619	0.07215
0.0	0.0	0.0
0.38372	0.32598	0.30298
0.21505	0.14398	0.14068
0.15152	0.14027	0.14286
0.0	0.0	0.0
0.07143	0.03686	0.0
0.05455	0.03755	0.03333
0.0	0.0	0.0
0.20312	0.08317	0.06547
0.0	0.0	0.0
0.18841	0.14213	0.13862
0.18966	0.14934	0.15037
0.40541	0.26854	0.318
0.25806	0.15195	0.17028
0.05833	0.05107	0.05797
0.29545	0.29545	0.30435
0.0375	0.0238	0.0315
0.08974	0.05749	0.05402
0.01587	0.00205	0.00379
0.05556	0.01793	0.00333
0.0	0.0	0.0
0.0	0.0	0.0
0.08065	0.03644	0.03125
0.21569	0.15814	0.16778
0.38158	0.38158	0.39024
0.0	0.0	0.0
0.17213	0.17213	0.16418
0.0	0.0	0.0
0.0	0.0	0.0
0.06522	0.04839	0.04
0.32692	0.31017	0.32203
0.09091	0.07918	0.0785
0.39583	0.32596	0.30213
0.05	0.05	0.02941
0.13208	0.09253	0.0848
0.0	0.0	0.0
0.13187	0.13187	0.13462
0.2037	0.11054	0.11459
0.09677	0.01981	0.05556
0.15217	0.05999	0.04068
0.0	0.0	0.0
0.0	0.0	0.0
0.0	0.0	0.0
0.1	0.1	0.08929
0.0	0.0	0.0
0.09677	0.09677	0.10145
0.18421	0.08858	0.10689
0.67797	0.66375	0.68571
0.0	0.0	0.0
0.0125	0.0125	0.02174
0.0	0.0	0.0
0.14103	0.12118	0.09967
0.12791	0.08666	0.07085
0.0	0.0	0.0
0.0	0.0	0.0
0.66667	0.66667	0.64286
0.0	0.0	0.0
0.0	0.0	0.0
0.14754	0.12269	0.11183
0.14286	0.11234	0.11788
0.0	0.0	0.0
0.07	0.07	0.07692
0.0	0.0	0.0
0.0	0.0	0.0
0.12025	0.10923	0.12366
0.0566	0.0414	0.03333
0.05634	0.03545	0.0389
0.0	0.0	0.0
0.47273	0.20064	0.1897
0.0	0.0	0.0
0.35385	0.20398	0.17889
0.19149	0.13866	0.11352
0.44872	0.24527	0.19656
0.04348	0.03435	0.05529
0.04	0.02375	0.029
0.21212	0.21212	0.21622
0.04545	0.04545	0.04167
0.04444	0.04444	0.04348
0.19403	0.1536	0.13889
0.12121	0.10705	0.12121
0.0	0.0	0.0
0.05319	0.01512	0.00133
0.0	0.0	0.0
0.08571	0.04793	0.02888
0.0	0.0	0.0
0.10588	0.09298	0.10296
0.27632	0.18422	0.19807
0.0	0.0	0.0
0.0	0.0	0.0
0.0	0.0	0.0
0.0	0.0	0.0
0.04762	0.03379	0.03321
0.27848	0.24786	0.28227
0.27381	0.19511	0.2144
0.22	0.20452	0.2
0.0	0.0	0.0
0.19767	0.19767	0.2
0.20339	0.1088	0.13094
0.04167	0.03193	0.03824
0.00943	0.00943	0.0
0.02985	0.02985	0.02778
0.10714	0.05838	0.0748
0.27027	0.12559	0.15632
0.10448	0.05922	0.06372
0.21667	0.1441	0.15542
0.0	0.0	0.0
0.13793	0.09567	0.09778
0.01515	0.00195	0.00315
0.21311	0.08784	0.13006
0.17105	0.12096	0.11138
0.01613	0.01613	0.0
0.30882	0.17084	0.19922
0.30851	0.26083	0.26737
0.225	0.20162	0.16667
0.0	0.0	0.0
0.2093	0.13433	0.13042
0.0	0.0	0.0
0.25352	0.14904	0.16695
0.03509	0.02151	0.03333
0.19444	0.14577	0.14726
0.21538	0.09134	0.11919
0.27869	0.24961	0.24439
0.23423	0.19705	0.23765
0.01942	0.01942	0.01724
0.5	0.23354	0.2078
0.05682	0.04619	0.0413
0.0102	0.0102	0.01695
0.0	0.0	0.0
0.15217	0.13185	0.1226
0.38889	0.27494	0.2739
0.08065	0.05776	0.07212
0.03125	0.01209	0.0146
0.0	0.0	0.0
0.35443	0.25686	0.21602
0.0	0.0	0.0
0.07692	0.07692	0.09375
0.08911	0.06802	0.06282
0.2	0.2	0.17391
0.0	0.0	0.0
0.13514	0.10376	0.11052
0.0	0.0	0.0
0.0687	0.04778	0.04232
0.02817	0.015	0.02632
0.03509	0.02037	0.03226
0.0	0.0	0.0
0.0	0.0	0.0
0.43137	0.31692	0.34075
0.09524	0.02511	0.037
0.0	0.0	0.0
0.23256	0.23256	0.24
0.0	0.0	0.0
0.05051	0.04203	0.03571
0.04444	0.0251	0.01459
0.0	0.0	0.0
0.32877	0.28858	0.31615
0.23684	0.13074	0.15362
0.08871	0.08871	0.09722
0.03448	0.02374	0.02222
0.04688	0.02117	0.0303
0.0	0.0	0.0
0.50746	0.27355	0.25094
0.08108	0.07454	0.09253
0.06667	0.01578	0.01676
0.0	0.0	0.0
0.15278	0.14203	0.15
0.0	0.0	0.0
0.34615	0.25994	0.26016
0.17476	0.17476	0.18182
0.11321	0.05419	0.05646
0.28261	0.19707	0.24196
0.04348	0.03822	0.02915
0.03077	0.03077	0.02941
0.1625	0.15121	0.14963
0.0875	0.05766	0.07918
0.28302	0.22157	0.25586
0.04688	0.03227	0.02878
0.16	0.09121	0.08376
0.09167	0.06318	0.06111
0.15455	0.15455	0.14516
0.0	0.0	0.0
0.01818	0.00118	0.0
0.22951	0.22951	0.21622
0.05556	0.02151	0.00873
0.0	0.0	0.0
0.07071	0.06223	0.05769
0.04854	0.02444	0.01775
0.22137	0.21424	0.21333
0.05479	0.02254	0.01613
0.17021	0.08238	0.08963
0.0	0.0	0.0
0.03	0.00807	0.00557
0.12195	0.04329	0.04762
0.20896	0.1276	0.12408
0.46479	0.33531	0.35229
0.05797	0.03367	0.03482
0.05714	0.02889	0.02742
0.07087	0.06477	0.05714
0.0625	0.0625	0.06522
0.84615	0.693	0.65438
0.30508	0.21325	0.16915
0.0458	0.03054	0.02922
0.0	0.0	0.0
0.1129	0.05726	0.02878
0.0	0.0	0.0
0.12821	0.12821	0.13636
0.09859	0.06317	0.07298
0.05333	0.05333	0.04545
0.18072	0.18072	0.17778
0.15894	0.10897	0.09982
0.0	0.0	0.0
0.48718	0.28708	0.28736
0.0	0.0	0.0
0.27907	0.27907	0.28986
0.26667	0.15416	0.13896
0.0	0.0	0.0
0.0	0.0	0.0
0.30909	0.16247	0.16127
0.11828	0.09191	0.11637
0.3	0.19358	0.18803
0.04839	0.04839	0.0303
0.03871	0.0333	0.02126
0.14545	0.13431	0.14152
0.10112	0.10112	0.1
0.0	0.0	0.0
0.22667	0.09123	0.06305
0.09756	0.08616	0.09239
0.03846	0.02203	0.01836
0.06024	0.03265	0.05377
0.01429	0.00093	0.00171
0.13223	0.12664	0.1371
0.21239	0.15787	0.16598
0.16867	0.16867	0.15556
0.0	0.0	0.0
0.01852	0.0012	0.00224
0.1453	0.1453	0.13846
0.0	0.0	0.0
0.18182	0.14664	0.157
0.06306	0.04767	0.04839
0.22047	0.19863	0.19086
0.05882	0.05882	0.07246
0.0	0.0	0.0
0.0	0.0	0.0
0.19565	0.14659	0.13665
0.0	0.0	0.0
0.10667	0.08475	0.07298
0.0	0.0	0.0
0.07143	0.05012	0.04436
0.0	0.0	0.0
0.05882	0.04858	0.03846
0.11304	0.10631	0.09677
0.12069	0.08955	0.06453
0.0	0.0	0.0
0.0	0.0	0.0
0.0	0.0	0.0
0.2459	0.17928	0.14995
0.0	0.0	0.0
0.14516	0.08015	0.09873
0.16	0.11033	0.12056
0.07143	0.07143	0.07407
0.38938	0.34032	0.33627
0.0	0.0	0.0
0.0	0.0	0.0
0.0	0.0	0.0
0.28205	0.26715	0.27802
0.0	0.0	0.0
0.04	0.00904	0.0
0.1828	0.09748	0.07974
0.0	0.0	0.0
0.0122	0.00196	0.0
0.32895	0.27146	0.28008
0.06557	0.04865	0.04317
0.05	0.03548	0.03421
0.0	0.0	0.0
0.27027	0.23424	0.23518
0.0339	0.02132	0.00782
0.0	0.0	0.0
0.10714	0.04495	0.05569
0.09877	0.06811	0.07013
0.16038	0.16038	0.16869
0.23333	0.23333	0.25532
0.11594	0.07199	0.06874
0.08475	0.08475	0.09091
0.09375	0.0531	0.0742
0.5974	0.53083	0.52667
0.0	0.0	0.0
0.07812	0.04838	0.02527
0.07317	0.04409	0.04396
0.19048	0.15056	0.16392
0.24	0.18917	0.17352
0.1358	0.11152	0.10251
0.07143	0.07143	0.08163
0.0	0.0	0.0
0.0303	0.00954	0.00087
0.12264	0.10712	0.11316
0.23438	0.23438	0.22857
0.13208	0.12659	0.12575
0.0	0.0	0.0
0.0	0.0	0.0
0.0678	0.03608	0.01564
0.05479	0.01812	0.02754
0.02	0.01323	0.00577
0.10127	0.09024	0.09302
0.0	0.0	0.0
0.0	0.0	0.0
0.03883	0.01722	0.00735
0.17273	0.17273	0.18333
0.03704	0.03704	0.03125
0.08054	0.03854	0.04005
0.06731	0.04808	0.04375
0.08889	0.06093	0.11078
0.10526	0.06254	0.09022
0.17708	0.10553	0.10813
0.0	0.0	0.0
0.10317	0.10317	0.11429
0.1625	0.11332	0.06528
0.03509	0.0283	0.03125
0.03226	0.01354	0.0213
0.04762	0.03278	0.02857
0.0	0.0	0.0
0.0	0.0	0.0
0.0	0.0	0.0
0.0	0.0	0.0
0.07463	0.06307	0.05714
0.08036	0.08036	0.08065
0.10606	0.0694	0.08154
0.05405	0.02964	0.02418
0.15267	0.14799	0.14474
0.01408	0.01408	0.0
0.0	0.0	0.0
0.14423	0.10515	0.08803
0.05634	0.01046	0.01222
0.11429	0.11429	0.11864
0.06731	0.05336	0.05448
0.11806	0.0896	0.05713
0.28571	0.28571	0.26923
0.04348	0.02524	0.03846
0.01802	0.01802	0.01639
0.32812	0.19056	0.22225
0.11957	0.09291	0.1187
0.0	0.0	0.0
0.4	0.19938	0.28319
0.01471	0.01471	0.0
0.18182	0.08916	0.12697
0.0	0.0	0.0
0.35036	0.31482	0.31692
0.11702	0.09232	0.12007
0.02469	0.00598	0.00789
0.18667	0.12904	0.14007
0.0	0.0	0.0
0.09859	0.04045	0.041
0.03448	0.03448	0.03614
0.0	0.0	0.0
0.15385	0.08827	0.09994
0.0	0.0	0.0
0.0	0.0	0.0
0.31507	0.18785	0.15898
0.21212	0.14143	0.14018
0.09244	0.07346	0.06693
0.30693	0.27499	0.26702
0.05319	0.04324	0.03774
0.18182	0.16276	0.1425
0.16393	0.09997	0.04438
0.0	0.0	0.0
0.05208	0.03395	0.03943
0.01136	0.01136	0.02041
0.04854	0.04854	0.05
0.29885	0.18654	0.17438
0.12371	0.05256	0.0481
0.06944	0.05959	0.05257
0.15842	0.13447	0.138
0.22807	0.18168	0.18447
0.0	0.0	0.0
0.0	0.0	0.0
0.37931	0.21583	0.22687
0.08333	0.08333	0.11111
0.10294	0.10294	0.12821
0.0	0.0	0.0
0.17699	0.13304	0.12703
0.03175	0.03175	0.02985
0.04348	0.04348	0.04
0.18584	0.16187	0.15974
0.0	0.0	0.0
0.0	0.0	0.0
0.30851	0.25327	0.24037
0.0	0.0	0.0
0.09677	0.07493	0.06849
0.04717	0.04717	0.03509
0.04167	0.00404	0.0
0.25275	0.10246	0.08602
0.16667	0.10869	0.10777
0.0	0.0	0.0
0.08661	0.05665	0.05439
0.03529	0.02733	0.02815
0.0	0.0	0.0
0.28571	0.24551	0.19518
0.02326	0.00563	0.0
0.0	0.0	0.0
0.0	0.0	0.0
0.02381	0.01434	0.02259
0.10294	0.10294	0.11111
0.0	0.0	0.0
0.18978	0.14623	0.14984
0.01316	0.01316	0.0
0.14729	0.12979	0.13218
0.0	0.0	0.0
0.0	0.0	0.0
0.17241	0.09421	0.11602
0.0	0.0	0.0
0.04651	0.01951	0.01125
0.04717	0.04717	0.03509
0.22835	0.1298	0.11521
0.05556	0.00764	0.00325
0.0	0.0	0.0
0.05442	0.05442	0.05
0.0	0.0	0.0
0.0	0.0	0.0
0.2	0.11777	0.1025
0.13889	0.10753	0.09375
0.0	0.0	0.0
0.15294	0.10702	0.1143
0.16129	0.07806	0.06845
0.54795	0.28596	0.26426
0.12903	0.10042	0.08669
0.0198	0.0198	0.01786
0.0	0.0	0.0
0.0	0.0	0.0
0.0	0.0	0.0
0.15385	0.14866	0.15973
0.10204	0.01845	0.01114
0.44792	0.39148	0.37635
0.0	0.0	0.0
0.0	0.0	0.0
0.65041	0.60557	0.57873
0.0	0.0	0.0
0.0	0.0	0.0
0.15385	0.15385	0.19178
0.10156	0.09728	0.13036
0.19149	0.16999	0.19474
0.26471	0.26471	0.26667
0.21905	0.21905	0.21311
0.06475	0.05918	0.06579
0.33871	0.33871	0.29412
0.26316	0.26316	0.26829
0.0	0.0	0.0
0.09091	0.06276	0.07056
0.06316	0.02413	0.01267
0.34483	0.15022	0.15577
0.23636	0.23636	0.21875
0.06977	0.06977	0.04167
0.0	0.0	0.0
0.21429	0.21429	0.21739
0.07812	0.04334	0.01657
0.0	0.0	0.0
0.0	0.0	0.0
0.0	0.0	0.0
0.14516	0.09003	0.11292
0.18644	0.18644	0.1875
0.19469	0.19469	0.20635
0.26316	0.12139	0.09677
0.23214	0.14863	0.14671
0.03774	0.02191	0.03448
0.0	0.0	0.0
0.02985	0.02985	0.02778
0.33708	0.32185	0.31798
0.23944	0.14221	0.15322
0.0	0.0	0.0
0.03158	0.02546	0.02677
0.0	0.0	0.0
0.0	0.0	0.0
0.02564	0.01297	0.02035
0.0	0.0	0.0
0.10078	0.09202	0.09459
0.02521	0.01735	0.02857
0.2439	0.11528	0.10033
0.1978	0.17122	0.15996
0.11494	0.10493	0.11111
0.18056	0.09457	0.07642
0.01786	0.00404	0.0
0.06579	0.03779	0.03919
0.0	0.0	0.0
0.1194	0.1194	0.12821
0.05	0.05	0.06818
0.22727	0.21506	0.23411
0.0	0.0	0.0
0.10938	0.06956	0.06061
0.37736	0.30008	0.29452
0.20732	0.12315	0.14122
0.10465	0.09602	0.0906
0.11881	0.1003	0.1064
0.0	0.0	0.0
0.03738	0.02503	0.02844
0.17	0.14098	0.15036
0.28125	0.28125	0.28947
0.0	0.0	0.0
0.23529	0.14138	0.1666
0.29032	0.29032	0.28125
0.0	0.0	0.0
0.30952	0.25348	0.24917
0.0	0.0	0.0
0.0	0.0	0.0
0.0	0.0	0.0
0.0	0.0	0.0
0.0	0.0	0.0
0.0	0.0	0.0
0.16854	0.11019	0.09747
0.0	0.0	0.0
0.12821	0.12821	0.13636
0.26596	0.1352	0.15073
0.05385	0.05385	0.06849
0.05426	0.03302	0.03981
0.1791	0.1199	0.06963
0.1875	0.13359	0.09585
0.0	0.0	0.0
0.0	0.0	0.0
0.02459	0.0045	0.00298
0.27473	0.18435	0.1897
0.08475	0.03446	0.04738
0.05217	0.00646	0.00103
0.05556	0.05556	0.03571
0.20968	0.15402	0.1425
0.08791	0.08791	0.09804
0.09709	0.09709	0.10345
0.18841	0.11033	0.09154
0.0	0.0	0.0
0.35443	0.1989	0.18039
0.41667	0.3785	0.40369
0.81356	0.40192	0.38269
0.47436	0.31019	0.25005
0.11111	0.10075	0.09524
0.14516	0.14516	0.15152
0.04255	0.04255	0.03704
0.0	0.0	0.0
0.0	0.0	0.0
0.10145	0.05283	0.05432
0.17722	0.14782	0.11364
0.03077	0.03077	0.02703
0.10526	0.06833	0.0315
0.13636	0.13636	0.125
0.16102	0.13096	0.12797
0.20548	0.1507	0.14179
0.11429	0.02214	0.02379
0.0	0.0	0.0
0.0	0.0	0.0
0.14516	0.11968	0.09679
0.0	0.0	0.0
0.26562	0.23892	0.25181
0.02353	0.02353	0.02174
0.0	0.0	0.0
0.27451	0.25996	0.29493
0.21951	0.16917	0.20296
0.0	0.0	0.0
0.1039	0.07751	0.05807
0.19149	0.12151	0.11292
0.0	0.0	0.0
0.05085	0.035	0.0303
0.0	0.0	0.0
0.0339	0.0071	0.00806
0.0	0.0	0.0
0.09091	0.0528	0.04741
0.0	0.0	0.0
0.0	0.0	0.0
0.42553	0.3765	0.38591
0.0	0.0	0.0
0.02174	0.02174	0.0
0.11628	0.09753	0.08696
0.175	0.11292	0.14448
0.2268	0.22214	0.20621
0.0	0.0	0.0
0.04255	0.02609	0.03846
0.02174	0.02174	0.01887
0.0	0.0	0.0
0.0	0.0	0.0
0.23077	0.15782	0.138
0.47619	0.3994	0.3627
0.02532	0.0147	0.0
0.08929	0.08929	0.1
0.10476	0.08449	0.09295
0.35	0.31774	0.33764
0.0	0.0	0.0
0.09091	0.04165	0.03897
0.21569	0.11071	0.12572
0.11017	0.11017	0.12121
0.0	0.0	0.0
0.01709	0.01709	0.01538
0.10714	0.09391	0.06883
0.0	0.0	0.0
0.0	0.0	0.0
0.2029	0.2029	0.22222
0.19048	0.13288	0.101
0.0	0.0	0.0
0.06723	0.04636	0.03467
0.12903	0.12019	0.12032
0.0	0.0	0.0
0.48148	0.28257	0.2841
0.15	0.15	0.15217
0.8125	0.58955	0.55718
0.18966	0.18966	0.2
0.12	0.0368	0.04663
0.14458	0.11117	0.11813
0.40244	0.3045	0.27319
0.33333	0.32214	0.31707
0.14286	0.07145	0.02421
0.24194	0.13115	0.0802
0.0	0.0	0.0
0.04688	0.02067	0.0
0.10938	0.0605	0.04556
0.0	0.0	0.0
0.0	0.0	0.0
0.10924	0.09461	0.09429
0.34043	0.11187	0.07117
0.11111	0.05378	0.03891
0.07595	0.07595	0.08511
0.34	0.23356	0.21744
0.02667	0.02667	0.02381
0.0	0.0	0.0
0.10938	0.07914	0.10575
0.0	0.0	0.0
0.0	0.0	0.0
0.05195	0.02012	0.02662
0.28947	0.18337	0.20276
0.01562	0.01562	0.0
0.07143	0.07143	0.075
0.0	0.0	0.0
0.11009	0.08583	0.09477
0.0	0.0	0.0
0.15625	0.10181	0.13282
0.0	0.0	0.0
0.05882	0.03322	0.02778
0.13514	0.06062	0.0811
0.0	0.0	0.0
0.16346	0.09401	0.11132
0.01961	0.00253	0.00478
0.09091	0.06014	0.06858
0.075	0.02581	0.03373
0.0	0.0	0.0
0.18182	0.1403	0.11292
0.0	0.0	0.0
0.37383	0.28188	0.27572
0.0	0.0	0.0
0.27586	0.26252	0.25806
0.44737	0.28013	0.25814
0.02817	0.01227	0.02632
0.0	0.0	0.0
0.0	0.0	0.0
0.13924	0.08167	0.07805
0.0375	0.01572	0.02626
0.0	0.0	0.0
0.0	0.0	0.0
0.34615	0.20165	0.21548
0.30508	0.18375	0.16838
0.01639	0.00318	0.0
0.0	0.0	0.0
0.0	0.0	0.0
0.0	0.0	0.0
0.0	0.0	0.0
0.0	0.0	0.0
0.0	0.0	0.0
0.60345	0.33548	0.27615
0.25455	0.15955	0.128
0.0	0.0	0.0
0.15217	0.15217	0.125
0.12308	0.06354	0.07619
0.1	0.03308	0.02623
0.33333	0.18148	0.20821
0.0	0.0	0.0
0.0	0.0	0.0
0.06897	0.06897	0.06452
0.12698	0.06965	0.08635
0.0	0.0	0.0
0.0	0.0	0.0
0.1165	0.09365	0.09913
0.13907	0.10511	0.09902
0.04286	0.04286	0.05405
0.18333	0.11078	0.06741
0.18045	0.18045	0.18667
0.32759	0.19579	0.15152
0.0	0.0	0.0
0.0	0.0	0.0
0.0	0.0	0.0
0.04878	0.01889	0.00702
0.07317	0.059	0.01759
0.0	0.0	0.0
0.30303	0.2092	0.21538
0.15556	0.15556	0.12
0.26596	0.23989	0.24554
0.34545	0.29502	0.26223
0.0	0.0	0.0
0.0	0.0	0.0
0.10638	0.10638	0.11538
0.12329	0.10341	0.10808
0.10909	0.08417	0.07048
0.14865	0.11641	0.10544
0.30882	0.16085	0.14315
0.0	0.0	0.0
0.0	0.0	0.0
0.0	0.0	0.0
0.00741	0.00167	0.0
0.0	0.0	0.0
0.0	0.0	0.0
0.40278	0.33469	0.35795
0.26786	0.17918	0.1796
0.10526	0.09241	0.09859
0.04878	0.04878	0.04545
0.42241	0.37876	0.37021
0.36842	0.30619	0.30697
0.0	0.0	0.0
0.13636	0.10508	0.09765
0.05455	0.0346	0.03225
0.07643	0.0489	0.04243
0.0	0.0	0.0
0.0	0.0	0.0
0.40625	0.39264	0.36364
0.12308	0.07419	0.07018
0.02198	0.02198	0.02041
0.15278	0.15278	0.15789
0.14545	0.11085	0.12903
0.38889	0.26848	0.24557
0.08696	0.07433	0.07692
0.19481	0.11523	0.11511
0.13115	0.13115	0.1194
0.0	0.0	0.0
0.13514	0.13514	0.12644
0.09412	0.09412	0.1087
0.18421	0.10953	0.14355
0.0	0.0	0.0
0.09434	0.09434	0.10714
0.06944	0.02914	0.03227
0.0	0.0	0.0
0.0	0.0	0.0
0.0	0.0	0.0
0.20354	0.17699	0.17223
0.0	0.0	0.0
0.14634	0.14634	0.16667
0.0	0.0	0.0
0.47619	0.26502	0.22321
0.00813	0.00813	0.01471
0.05	0.03831	0.04651
0.025	0.025	0.02439
0.06173	0.03784	0.03666
0.34043	0.30404	0.28
0.02083	0.00135	0.0
0.38372	0.20784	0.19291
0.10294	0.10294	0.10811
0.0	0.0	0.0
0.0	0.0	0.0
0.0	0.0	0.0
0.0	0.0	0.0
0.10638	0.10638	0.07692
0.16667	0.06761	0.0731
0.23188	0.23188	0.24324
0.0	0.0	0.0
0.16981	0.08826	0.08455
0.17647	0.17647	0.2
0.15068	0.08752	0.0683
0.01639	0.00423	0.0
0.06481	0.06481	0.06452
0.79798	0.53739	0.47179
0.10417	0.05746	0.05321
0.0	0.0	0.0
0.1746	0.14594	0.16565
0.04918	0.04918	0.05405
0.0137	0.00089	0.0
0.14815	0.10832	0.11928
0.01754	0.00567	0.0
0.10417	0.10417	0.07143
0.0	0.0	0.0
0.19672	0.13221	0.14997
0.01818	0.00118	0.0
0.04762	0.04762	0.05556
0.64516	0.29771	0.21253
0.05128	0.01945	0.0242
0.01562	0.00102	0.00191
0.0	0.0	0.0
0.0	0.0	0.0
0.15217	0.15217	0.16
0.14516	0.14516	0.13889
0.05814	0.05814	0.0625
0.2069	0.2069	0.20312
0.30769	0.30769	0.35714
0.11111	0.11111	0.10714
0.23077	0.20844	0.2
0.23636	0.20529	0.18953
0.07865	0.04351	0.05402
0.0	0.0	0.0
0.0	0.0	0.0
0.07865	0.07865	0.08333
0.29412	0.27009	0.28143
0.05634	0.05634	0.05263
0.35294	0.20306	0.25955
0.0	0.0	0.0
0.01695	0.00383	0.0
0.2	0.09095	0.0791
0.04348	0.04348	0.02703
0.0625	0.0625	0.06
0.07895	0.07895	0.07317
0.36111	0.27332	0.25808
0.25676	0.12254	0.10168
0.0	0.0	0.0
0.23729	0.14598	0.13397
0.06557	0.04231	0.03949
0.27273	0.22929	0.239
0.2	0.15053	0.18679
0.28814	0.263	0.29603
0.03448	0.02002	0.0
0.0	0.0	0.0
0.20879	0.12765	0.14296
0.2605	0.17323	0.16755
0.0	0.0	0.0
0.14815	0.10793	0.12528
0.0339	0.01968	0.0
0.21053	0.21053	0.21875
0.03922	0.02847	0.0
0.0	0.0	0.0
0.09524	0.08602	0.11943
0.17143	0.17143	0.18644
0.14286	0.13995	0.13313
0.03571	0.02189	0.03333
0.03279	0.03279	0.02941
0.07407	0.07407	0.08889
0.06383	0.02712	0.02388
0.05797	0.03507	0.025
0.03419	0.01462	0.02167
0.0	0.0	0.0
0.30357	0.15959	0.13309
0.0	0.0	0.0
0.0	0.0	0.0
0.08046	0.07268	0.0707
0.0875	0.06371	0.05891
0.0	0.0	0.0
0.0	0.0	0.0
0.32609	0.32609	0.26923
0.0	0.0	0.0
0.0	0.0	0.0
0.0	0.0	0.0
0.12245	0.10533	0.10752
0.72464	0.47828	0.43988
0.0	0.0	0.0
0.0	0.0	0.0
0.63415	0.31161	0.30158
0.425	0.27745	0.26456
0.10169	0.10169	0.10714
0.496	0.37966	0.38046
0.0	0.0	0.0
0.0	0.0	0.0
0.02	0.00323	0.00315
0.0	0.0	0.0
0.19565	0.19565	0.25
0.04545	0.04545	0.04348
0.0	0.0	0.0
0.07317	0.04328	0.04545
0.0	0.0	0.0
0.05405	0.05405	0.06154
0.0	0.0	0.0
0.71739	0.43417	0.42668
0.20312	0.1623	0.16303
0.43182	0.27495	0.2826
0.02703	0.01424	0.0088
0.1	0.04654	0.05402
0.0	0.0	0.0
0.0	0.0	0.0
0.13084	0.08291	0.08794
0.08654	0.0549	0.04483
0.00885	0.00228	0.00385
0.13953	0.05553	0.02958
0.20482	0.14382	0.1064
0.03448	0.02725	0.03077
0.0	0.0	0.0
0.0	0.0	0.0
0.08029	0.05887	0.05984
0.13265	0.09119	0.09161
0.0	0.0	0.0
0.0	0.0	0.0
0.0	0.0	0.0
0.0	0.0	0.0
0.0	0.0	0.0
0.03876	0.02701	0.03136
0.0	0.0	0.0
0.10169	0.08039	0.09375
0.46591	0.33836	0.29627
0.21053	0.11039	0.11661
0.43103	0.2436	0.21709
0.20339	0.15256	0.20366
0.0241	0.0241	0.02222
0.06957	0.0634	0.04271
0.17949	0.11188	0.11109
0.06024	0.06024	0.06122
0.0	0.0	0.0
0.01613	0.00521	0.00923
0.04444	0.01183	0.0121
0.1375	0.1375	0.13333
0.02	0.01323	0.00577
0.0	0.0	0.0
0.08197	0.03226	0.02119
0.0	0.0	0.0
0.01389	0.00179	0.00322
0.25806	0.19982	0.18281
0.2	0.15645	0.15828
0.03704	0.01952	0.009
0.08696	0.08696	0.08333
0.30986	0.1999	0.169
0.23077	0.11106	0.13018
0.0137	0.0137	0.0
0.06818	0.04693	0.0542
0.0	0.0	0.0
0.1	0.05647	0.05602
0.344	0.22582	0.23221
0.20896	0.18681	0.18769
0.0431	0.03782	0.05211
0.28378	0.28378	0.28571
0.0303	0.0303	0.02703
0.15493	0.15493	0.15385
0.13139	0.11868	0.12345
0.16667	0.13735	0.14342
0.03704	0.01553	0.0028
0.225	0.18225	0.15645
0.02062	0.00765	0.00979
0.0	0.0	0.0
0.0	0.0	0.0
0.0	0.0	0.0
0.08451	0.03	0.03821
0.39831	0.26547	0.26591
0.0	0.0	0.0
0.07463	0.0414	0.03835
0.0	0.0	0.0
0.34177	0.17929	0.19743
0.0	0.0	0.0
0.025	0.01882	0.01797
0.14035	0.09791	0.10131
0.0069	0.00223	0.00389
0.11111	0.05289	0.05295
0.09917	0.07812	0.0787
0.0	0.0	0.0
0.0	0.0	0.0
0.08434	0.05404	0.04139
0.0	0.0	0.0
0.01282	0.0029	0.0
0.04478	0.03225	0.02632
0.06667	0.05868	0.05882
0.2625	0.2625	0.24444
0.17647	0.07179	0.04538
0.03636	0.02875	0.02003
0.14	0.08357	0.09968
0.02299	0.01372	0.02083
0.0101	0.0101	0.01818
0.03876	0.02275	0.02499
0.248	0.2155	0.21123
0.04938	0.04938	0.04444
0.12088	0.0663	0.05744
0.13793	0.09847	0.0743
0.0	0.0	0.0
0.10127	0.04656	0.05102
0.0	0.0	0.0
0.03922	0.03922	0.03571
0.25806	0.25339	0.25618
0.0	0.0	0.0
0.2268	0.2268	0.21154
0.0	0.0	0.0
0.17241	0.06566	0.08269
0.0	0.0	0.0
0.125	0.11693	0.13547
0.10811	0.06693	0.05915
0.0	0.0	0.0
0.0339	0.02624	0.02319
0.18557	0.18557	0.16667
0.02273	0.02273	0.01351
0.02586	0.01835	0.01562
0.0	0.0	0.0
0.0	0.0	0.0
0.08772	0.07584	0.06653
0.15068	0.15068	0.14634
0.0	0.0	0.0
0.07273	0.04341	0.05448
0.02105	0.01528	0.01887
0.0	0.0	0.0
0.0	0.0	0.0
0.0	0.0	0.0
0.20755	0.09802	0.05144
0.12245	0.10171	0.10196
0.56	0.2536	0.26618
0.09434	0.04079	0.00871
0.11579	0.10798	0.13462
0.20339	0.20339	0.20588
0.10976	0.06216	0.05355
0.04615	0.03177	0.02703
0.31915	0.19632	0.1569
0.18182	0.09845	0.11856
0.0	0.0	0.0
0.07216	0.07216	0.0694
0.14159	0.12504	0.14286
0.0	0.0	0.0
0.04211	0.02581	0.02
0.0	0.0	0.0
0.0531	0.04311	0.04069
0.0	0.0	0.0
0.33673	0.16789	0.19748
0.01905	0.01905	0.01724
0.05634	0.02182	0.0
0.4127	0.36613	0.38909
0.02532	0.01756	0.02273
0.22581	0.22102	0.2336
0.0	0.0	0.0
0.10135	0.08915	0.1
0.10638	0.06453	0.07885
0.07143	0.07143	0.06667
0.05426	0.03276	0.02717
0.0	0.0	0.0
0.13333	0.07055	0.10428
0.07865	0.07865	0.08
0.16346	0.08097	0.0693
0.07463	0.02601	0.03062
0.09524	0.0461	0.04609
0.25234	0.16674	0.1683
0.0	0.0	0.0
0.15504	0.15504	0.15385
0.07273	0.03227	0.05344
0.37209	0.37209	0.40426
0.0	0.0	0.0
0.31884	0.26041	0.27635
0.06796	0.03821	0.04148
0.05357	0.04148	0.0303
0.0125	0.0125	0.01087
0.06154	0.02332	0.0303
0.0	0.0	0.0
0.29167	0.1422	0.14125
0.09783	0.04033	0.05188
0.07778	0.06129	0.06122
0.04167	0.03011	0.02215
0.10145	0.10145	0.10526
0.0241	0.00894	0.0144
0.14912	0.09169	0.05661
0.54902	0.51235	0.471
0.06542	0.05307	0.07217
0.0	0.0	0.0
0.1413	0.1413	0.13462
0.0	0.0	0.0
0.06024	0.06024	0.06667
0.0	0.0	0.0
0.0	0.0	0.0
0.0	0.0	0.0
0.0	0.0	0.0
0.08163	0.02965	0.05552
0.01124	0.00254	0.0
0.11811	0.11811	0.11268
0.18681	0.17866	0.18
0.07895	0.05434	0.0463
0.10714	0.07432	0.0841
0.32237	0.32237	0.31395
0.03846	0.02779	0.01999
0.07639	0.05556	0.05391
0.02105	0.02105	0.01852
0.16667	0.16667	0.17857
0.03738	0.03106	0.02134
0.16529	0.12692	0.12296
0.02	0.00581	0.00557
0.0	0.0	0.0
0.0	0.0	0.0
0.05882	0.04966	0.03922
0.0	0.0	0.0
0.19178	0.12816	0.12905
0.0	0.0	0.0
0.0	0.0	0.0
0.02069	0.01624	0.01807
0.00685	0.00133	0.00246
0.0	0.0	0.0
0.02899	0.01636	0.01241
0.33929	0.29609	0.37743
0.04545	0.03324	0.03411
0.21348	0.21348	0.19231
0.40541	0.39364	0.39024
0.46094	0.42339	0.42065
0.0	0.0	0.0
0.0	0.0	0.0
0.28723	0.21862	0.21569
0.05051	0.03292	0.0356
0.0198	0.00256	0.0
0.07407	0.03406	0.07494
0.0	0.0	0.0
0.22368	0.14943	0.16132
0.0	0.0	0.0
0.05333	0.05333	0.04545
0.09286	0.09286	0.1039
0.22222	0.16812	0.20875
0.04545	0.04545	0.04918
0.10714	0.0772	0.0753
0.08791	0.04964	0.06388
0.08228	0.07248	0.07874
0.11429	0.11429	0.14286
0.01587	0.00359	0.0
0.0	0.0	0.0
0.0	0.0	0.0
0.0	0.0	0.0
0.0	0.0	0.0
0.09677	0.08324	0.06061
0.10448	0.04191	0.03856
0.0	0.0	0.0
0.0	0.0	0.0
0.0	0.0	0.0
0.02667	0.02667	0.02564
0.06202	0.03201	0.03804
0.0	0.0	0.0
0.0	0.0	0.0
0.0	0.0	0.0
0.02174	0.00491	0.0
0.0	0.0	0.0
0.0	0.0	0.0
0.04412	0.02041	0.0347
0.0	0.0	0.0
0.0	0.0	0.0
0.0	0.0	0.0
0.0	0.0	0.0
0.0	0.0	0.0
0.0	0.0	0.0
0.1087	0.03928	0.05779
0.0	0.0	0.0
0.31579	0.31579	0.31818
0.15625	0.15625	0.13636
0.08772	0.04188	0.03763
0.0	0.0	0.0
0.11864	0.08803	0.059
0.0	0.0	0.0
0.13158	0.15875	0.1833
0.0	0.0	0.0
0.0	0.0	0.0
0.10417	0.10417	0.07143
0.0	0.0	0.0
0.0	0.0	0.0
0.0	0.0	0.0
0.16	0.16	0.13793
0.0	0.0	0.0
0.02273	0.02273	0.03846
0.0	0.0	0.0
0.0	0.0	0.0
0.0	0.0	0.0
0.0	0.0	0.0
0.0	0.0	0.0
0.0	0.0	0.0
0.0	0.0	0.0
0.06098	0.05115	0.04345
0.0	0.0	0.0
0.0	0.0	0.0
0.04651	0.02776	0.02735
0.02597	0.01383	0.02222
0.01351	0.00305	0.0
0.21739	0.13396	0.17808
0.0	0.0	0.0
0.0	0.0	0.0
0.0	0.0	0.0
0.06173	0.02551	0.0213
0.0	0.0	0.0
0.0	0.0	0.0
0.0	0.0	0.0
0.08	0.08	0.075
0.15596	0.15596	0.16129
0.01299	0.01299	0.02273
0.0989	0.08968	0.08333
0.0	0.0	0.0
0.0	0.0	0.0
0.0	0.0	0.0
0.01587	0.00205	0.00349
0.0	0.0	0.0
0.0	0.0	0.0
0.0	0.0	0.0
0.0	0.0	0.0
0.0	0.0	0.0
0.0	0.0	0.0
0.0	0.0	0.0
0.15306	0.15306	0.14035
0.0	0.0	0.0
0.0	0.0	0.0
0.0	0.0	0.0
0.13462	0.09306	0.06348
0.18841	0.18841	0.2
0.23333	0.14948	0.128
0.0	0.0	0.0
0.0	0.0	0.0
0.0	0.0	0.0
0.0	0.0	0.0
0.0	0.0	0.0
0.0	0.0	0.0
0.27143	0.1249	0.11532
0.14286	0.08552	0.10535
0.0	0.0	0.0
0.0	0.0	0.0
0.02727	0.01466	0.01022
0.0	0.0	0.0
0.0	0.0	0.0
0.0	0.0	0.0
0.0	0.0	0.0
0.0	0.0	0.0
0.0	0.0	0.0
0.34615	0.31452	0.31937
0.0	0.0	0.0
0.0	0.0	0.0
0.0	0.0	0.0
0.07937	0.06503	0.08757
0.17647	0.17647	0.16
0.0	0.0	0.0
0.0	0.0	0.0
0.0	0.0	0.0
0.0	0.0	0.0
0.0	0.0	0.0
0.0	0.0	0.0
0.26389	0.14832	0.17863
0.04938	0.02868	0.02876
0.0	0.0	0.0
0.0	0.0	0.0
0.0	0.0	0.0
0.0	0.0	0.0
0.0	0.0	0.0
0.0	0.0	0.0
0.0	0.0	0.0
0.22449	0.13828	0.18857
0.15385	0.08685	0.09236
0.0	0.0	0.0
0.0	0.0	0.0
0.0	0.0	0.0
0.05333	0.01163	0.01502
0.0	0.0	0.0
0.0	0.0	0.0
0.0	0.0	0.0
0.0	0.0	0.0
0.0	0.0	0.0
0.17021	0.17021	0.16
0.0	0.0	0.0
0.125	0.0511	0.03229
0.03333	0.00753	0.0
0.0	0.0	0.0
0.08696	0.07433	0.05459
0.03226	0.01821	0.03421
0.0	0.0	0.0
0.0	0.0	0.0
0.0	0.0	0.0
0.06122	0.04641	0.03802
0.07143	0.07143	0.08065
0.15584	0.15584	0.15217
0.10145	0.05238	0.06284
0.0	0.0	0.0
0.0	0.0	0.0
0.15217	0.15217	0.15385
0.125	0.10254	0.08377
0.04762	0.03379	0.05714
0.0	0.0	0.0
0.0	0.0	0.0
0.03279	0.01216	0.01566
0.0	0.0	0.0
0.0	0.0	0.0
0.0	0.0	0.0
0.0	0.0	0.0
0.01639	0.0037	0.0
0.0	0.0	0.0
0.03738	0.01357	0.00538
0.54717	0.34087	0.2764
0.0	0.0	0.0
0.0	0.0	0.0
0.0	0.0	0.0
0.0	0.0	0.0
0.0	0.0	0.0
0.0	0.0	0.0
0.82759	0.47503	0.42944
0.0	0.0	0.0
0.0	0.0	0.0
0.0	0.0	0.0
0.0	0.0	0.0
0.0	0.0	0.0
0.03297	0.02553	0.02544
0.0	0.0	0.0
0.0	0.0	0.0
0.0	0.0	0.0
0.01075	0.0007	0.0
0.12676	0.08041	0.07868
0.0	0.0	0.0
0.06604	0.02922	0.00779
0.09639	0.05598	0.06093
0.0	0.0	0.0
0.14493	0.08603	0.07374
0.08	0.08	0.09091
0.12658	0.10413	0.09453
0.15663	0.15663	0.15556
0.0	0.0	0.0
0.23077	0.23077	0.2619
0.05319	0.02985	0.04458
0.0	0.0	0.0
0.0	0.0	0.0
0.03478	0.02497	0.02492
0.0	0.0	0.0
0.0	0.0	0.0
0.0	0.0	0.0
0.01449	0.01449	0.025
0.0	0.0	0.0
0.0	0.0	0.0
0.07143	0.03074	0.04348
0.0	0.0	0.0
0.0	0.0	0.0
0.0	0.0	0.0
0.0	0.0	0.0
0.0	0.0	0.0
0.0	0.0	0.0
0.0	0.0	0.0
0.0	0.0	0.0
0.31944	0.13268	0.13833
0.13483	0.11635	0.08492
0.23958	0.23958	0.25
0.00746	0.00049	0.00092
0.0	0.0	0.0
0.0	0.0	0.0
0.0	0.0	0.0
0.0	0.0	0.0
0.0	0.0	0.0
0.0	0.0	0.0
0.26882	0.22199	0.23251
0.0	0.0	0.0
0.0	0.0	0.0
0.0	0.0	0.0
0.0	0.0	0.0
0.05952	0.0384	0.04651
0.0	0.0	0.0
0.0	0.0	0.0
0.0	0.0	0.0
0.16667	0.10081	0.12185
0.0	0.0	0.0
0.0	0.0	0.0
0.0	0.0	0.0
0.0	0.0	0.0
0.05063	0.03104	0.00287
0.0	0.0	0.0
0.06667	0.03932	0.04247
0.04545	0.04545	0.04545
0.08333	0.07258	0.075
0.0	0.0	0.0
0.0	0.0	0.0
0.05479	0.05479	0.07143
0.0	0.0	0.0
0.0	0.0	0.0
0.0	0.0	0.0
0.6	0.385	0.40904
0.0	0.0	0.0
0.0	0.0	0.0
0.17778	0.07531	0.14463
0.0	0.0	0.0
0.0	0.0	0.0
0.0	0.0	0.0
0.0	0.0	0.0
0.06034	0.03672	0.0353
0.0	0.0	0.0
0.0	0.0	0.0
0.04938	0.04938	0.06122
0.12258	0.12258	0.12644
0.07895	0.07895	0.07576
0.0	0.0	0.0
0.09804	0.0468	0.04893
0.0	0.0	0.0
0.0	0.0	0.0
0.0	0.0	0.0
0.10526	0.06453	0.066
0.0	0.0	0.0
0.0	0.0	0.0
0.32632	0.25335	0.27276
0.11364	0.11364	0.11538
0.11429	0.11429	0.10811
0.28571	0.22812	0.22684
0.0	0.0	0.0
0.0	0.0	0.0
0.0	0.0	0.0
0.0	0.0	0.0
0.03529	0.0334	0.04167
0.04839	0.02342	0.00717
0.0	0.0	0.0
0.03279	0.00213	0.00371
0.0	0.0	0.0
0.05	0.0199	0.03125
0.0	0.0	0.0
0.0	0.0	0.0
0.0	0.0	0.0
0.21176	0.18218	0.19426
0.0	0.0	0.0
0.1519	0.07966	0.11715
0.0	0.0	0.0
0.0	0.0	0.0
0.16418	0.16418	0.15385
0.0	0.0	0.0
0.02326	0.0135	0.02222
0.0	0.0	0.0
0.0	0.0	0.0
0.27397	0.19753	0.21734
0.0	0.0	0.0
0.0	0.0	0.0
0.0	0.0	0.0
0.0	0.0	0.0
0.0	0.0	0.0
0.0	0.0	0.0
0.0	0.0	0.0
0.0	0.0	0.0
0.0	0.0	0.0
0.09091	0.08284	0.09554
0.08333	0.04732	0.09311
0.0	0.0	0.0
0.35294	0.35294	0.3
0.10145	0.08509	0.06621
0.0	0.0	0.0
0.0	0.0	0.0
0.0	0.0	0.0
0.0	0.0	0.0
0.45098	0.45098	0.42857
0.0	0.0	0.0
0.20833	0.08938	0.10406
0.0	0.0	0.0
0.0	0.0	0.0
0.16176	0.12572	0.06811
0.0	0.0	0.0
0.0	0.0	0.0
0.0	0.0	0.0
0.16981	0.15217	0.18953
0.0	0.0	0.0
0.09722	0.05914	0.0508
0.0	0.0	0.0
0.0	0.0	0.0
0.0	0.0	0.0
0.13235	0.0816	0.13308
0.0	0.0	0.0
0.03226	0.00556	0.00133
0.2125	0.18912	0.20289
0.0	0.0	0.0
0.07895	0.06706	0.08088
0.0	0.0	0.0
0.0	0.0	0.0
0.0	0.0	0.0
0.0	0.0	0.0
0.06452	0.01979	0.02445
0.0	0.0	0.0
0.0	0.0	0.0
0.0	0.0	0.0
0.08889	0.05304	0.04167
0.31507	0.23333	0.20738
0.0	0.0	0.0
0.0	0.0	0.0
0.0	0.0	0.0
0.325	0.18028	0.20936
0.0	0.0	0.0
0.0	0.0	0.0
0.06024	0.03576	0.03226
0.24324	0.12776	0.14448
0.17708	0.12872	0.12454
0.0	0.0	0.0
0.0	0.0	0.0
0.0	0.0	0.0
0.05085	0.03773	0.06452
0.54737	0.37659	0.31896
0.0	0.0	0.0
0.13462	0.11663	0.1355
0.0	0.0	0.0
0.0	0.0	0.0
0.22917	0.13106	0.188
0.05556	0.04301	0.0215
0.25	0.2	0.17268
0.0	0.0	0.0
0.0	0.0	0.0
0.0	0.0	0.0
0.0	0.0	0.0
0.0	0.0	0.0
0.08772	0.0566	0.0355
0.0	0.0	0.0
0.07042	0.05089	0.05968
0.0	0.0	0.0
0.0	0.0	0.0
0.075	0.05402	0.04762
0.0	0.0	0.0
0.0	0.0	0.0
0.0	0.0	0.0
0.0	0.0	0.0
0.03529	0.01859	0.02831
0.0	0.0	0.0
0.0	0.0	0.0
0.0	0.0	0.0
0.0	0.0	0.0
0.0	0.0	0.0
0.06349	0.03173	0.05556
0.0	0.0	0.0
0.0	0.0	0.0
0.0	0.0	0.0
0.0	0.0	0.0
0.0	0.0	0.0
0.0	0.0	0.0
0.0	0.0	0.0
0.2093	0.14253	0.16409
0.0	0.0	0.0
0.0	0.0	0.0
0.05556	0.01649	0.01921
0.22388	0.16416	0.17287
0.0	0.0	0.0
0.05	0.03602	0.03812
0.0	0.0	0.0
0.0297	0.02108	0.01981
0.46774	0.41519	0.38468
0.0	0.0	0.0
0.04839	0.03539	0.03226
0.05185	0.02963	0.02778
0.15278	0.0784	0.10071
0.01681	0.01491	0.01471
0.0	0.0	0.0
0.03846	0.03474	0.01614
0.0	0.0	0.0
0.0	0.0	0.0
0.06	0.02518	0.00241
0.0	0.0	0.0
0.13208	0.11686	0.0747
0.05738	0.05738	0.05882
0.0	0.0	0.0
0.22727	0.22727	0.23684
0.0	0.0	0.0
0.0	0.0	0.0
0.03636	0.03636	0.0
0.12	0.08388	0.08546
0.20988	0.17086	0.15929
0.02564	0.02564	0.02326
0.0	0.0	0.0
0.03333	0.02581	0.02404
0.0	0.0	0.0
0.0	0.0	0.0
0.29771	0.20686	0.17657
0.0	0.0	0.0
0.20325	0.20325	0.20896
0.0	0.0	0.0
0.208	0.208	0.2029
0.0	0.0	0.0
0.23596	0.17035	0.13098
0.0	0.0	0.0
0.0	0.0	0.0
0.0	0.0	0.0
0.0	0.0	0.0
0.25455	0.16075	0.14777
0.0	0.0	0.0
0.18471	0.08961	0.09379
0.05755	0.02321	0.03344
0.01575	0.01117	0.00607
0.01613	0.00313	0.0
0.0	0.0	0.0
0.15929	0.12049	0.11793
0.0	0.0	0.0
0.07692	0.05894	0.07143
0.10256	0.10256	0.09524
0.0	0.0	0.0
0.0	0.0	0.0
0.0	0.0	0.0
0.10976	0.10976	0.10638
0.42857	0.32216	0.38031
0.22667	0.14841	0.15826
0.11702	0.11702	0.12
0.1	0.07635	0.07459
0.26471	0.22012	0.22326
0.04839	0.00731	0.00176
0.0	0.0	0.0
0.0	0.0	0.0
0.0	0.0	0.0
0.00719	0.00116	0.0
0.05333	0.05333	0.04545
0.25	0.25	0.24324
0.29268	0.29268	0.3913
0.0	0.0	0.0
0.15094	0.09008	0.07907
0.0	0.0	0.0
0.0875	0.03188	0.04917
0.0	0.0	0.0
0.19753	0.15294	0.16849
0.0	0.0	0.0
0.11111	0.0717	0.06524
0.0	0.0	0.0
0.0	0.0	0.0
0.32955	0.32736	0.33131
0.23214	0.13132	0.09231
0.0	0.0	0.0
0.24272	0.12217	0.09141
0.0	0.0	0.0
0.0	0.0	0.0
0.04268	0.04268	0.05556
0.04054	0.04054	0.06977
0.0	0.0	0.0
0.10744	0.09971	0.10938
0.19	0.11484	0.10414
0.06579	0.03736	0.05662
0.01471	0.00925	0.01723
0.08955	0.08427	0.08981
0.16854	0.15151	0.16646
0.10448	0.10448	0.10959
0.0	0.0	0.0
0.05208	0.04301	0.03943
0.02985	0.00963	0.01103
0.1	0.07351	0.08631
0.10417	0.05308	0.07942
0.04	0.01226	0.01793
0.0	0.0	0.0
0.0	0.0	0.0
0.0	0.0	0.0
0.00862	0.00111	0.00198
0.0	0.0	0.0
0.0	0.0	0.0
0.0	0.0	0.0
0.0	0.0	0.0
0.11628	0.11628	0.12
0.0	0.0	0.0
0.38	0.26456	0.23106
0.0	0.0	0.0
0.0	0.0	0.0
0.0	0.0	0.0
0.0	0.0	0.0
0.07692	0.03696	0.04614
0.0	0.0	0.0
0.0	0.0	0.0
0.0	0.0	0.0
0.22449	0.12902	0.12241
0.0	0.0	0.0
0.0	0.0	0.0
0.0	0.0	0.0
0.0	0.0	0.0
0.05674	0.03867	0.04074
0.03279	0.01164	0.01543
0.0	0.0	0.0
0.0	0.0	0.0
0.02326	0.02326	0.02128
0.0	0.0	0.0
0.0	0.0	0.0
0.0	0.0	0.0
0.0	0.0	0.0
0.14634	0.13139	0.15395
0.0	0.0	0.0
0.08594	0.08594	0.08451
0.0	0.0	0.0
0.0	0.0	0.0
0.0	0.0	0.0
0.0	0.0	0.0
0.0	0.0	0.0
0.0	0.0	0.0
0.0	0.0	0.0
0.0	0.0	0.0
0.025	0.025	0.02222
0.0	0.0	0.0
0.22115	0.19635	0.22737
0.0339	0.02078	0.03125
0.03093	0.02262	0.01852
0.0	0.0	0.0
0.0	0.0	0.0
0.0	0.0	0.0
0.0	0.0	0.0
0.0	0.0	0.0
0.0	0.0	0.0
0.0	0.0	0.0
0.05882	0.05882	0.075
0.06481	0.06481	0.07812
0.0	0.0	0.0
0.08108	0.08108	0.09756
0.0	0.0	0.0
0.0	0.0	0.0
0.25843	0.15371	0.15297
0.18605	0.17067	0.16968
0.0	0.0	0.0
0.0	0.0	0.0
0.08276	0.07764	0.08745
0.0	0.0	0.0
0.0	0.0	0.0
0.08696	0.05843	0.02895
0.0	0.0	0.0
0.12329	0.08574	0.05379
0.0	0.0	0.0
0.0	0.0	0.0
0.0	0.0	0.0
0.0	0.0	0.0
0.0	0.0	0.0
0.0	0.0	0.0
0.08228	0.08228	0.09195
0.0	0.0	0.0
0.0	0.0	0.0
0.0	0.0	0.0
0.0	0.0	0.0
0.0	0.0	0.0
0.0	0.0	0.0
0.0	0.0	0.0
0.0	0.0	0.0
0.0	0.0	0.0
0.0	0.0	0.0
0.0	0.0	0.0
0.29167	0.20432	0.21878
0.0	0.0	0.0
0.0	0.0	0.0
0.0	0.0	0.0
0.0	0.0	0.0
0.0	0.0	0.0
0.0	0.0	0.0
0.0	0.0	0.0
0.0	0.0	0.0
0.0	0.0	0.0
0.0	0.0	0.0
0.0	0.0	0.0
0.0	0.0	0.0
0.0	0.0	0.0
0.0	0.0	0.0
0.04878	0.01928	0.00431
0.17431	0.17431	0.1746
0.0	0.0	0.0
0.0458	0.02463	0.03047
0.00943	0.00943	0.01639
0.17857	0.17857	0.18367
0.0	0.0	0.0
0.0	0.0	0.0
0.0	0.0	0.0
0.1	0.0609	0.03226
0.27434	0.23866	0.23315
0.0	0.0	0.0
0.0	0.0	0.0
0.0	0.0	0.0
0.02679	0.02679	0.01695
0.0	0.0	0.0
0.0	0.0	0.0
0.0	0.0	0.0
0.13423	0.09202	0.10701
0.0	0.0	0.0
0.26087	0.24123	0.27562
0.12264	0.09131	0.08795
0.04444	0.02222	0.01961
0.0	0.0	0.0
0.0	0.0	0.0
0.27778	0.27778	0.27586
0.0	0.0	0.0
0.0	0.0	0.0
0.0	0.0	0.0
0.0	0.0	0.0
0.0	0.0	0.0
0.0	0.0	0.0
0.0	0.0	0.0
0.02326	0.01238	0.02173
0.0	0.0	0.0
0.14286	0.14286	0.14516
0.0	0.0	0.0
0.0	0.0	0.0
0.0	0.0	0.0
0.0	0.0	0.0
0.0	0.0	0.0
0.0	0.0	0.0
0.0	0.0	0.0
0.0	0.0	0.0
0.0	0.0	0.0
0.0	0.0	0.0
0.01504	0.00315	0.00344
0.0	0.0	0.0
0.0	0.0	0.0
0.0	0.0	0.0
0.19277	0.07735	0.09266
0.0	0.0	0.0
0.09756	0.09756	0.08333
0.36735	0.26006	0.29157
0.54545	0.21118	0.20553
0.125	0.0772	0.06661
0.0	0.0	0.0
0.0	0.0	0.0
0.07692	0.02269	0.02128
0.08861	0.0388	0.03373
0.0	0.0	0.0
0.2029	0.14167	0.16741
0.0	0.0	0.0
0.0	0.0	0.0
0.0	0.0	0.0
0.80303	0.50545	0.44063
0.0	0.0	0.0
0.35135	0.25331	0.28812
0.27586	0.23287	0.266
0.33673	0.28079	0.28147
0.30508	0.11922	0.09197
0.21429	0.21429	0.21951
0.13208	0.13208	0.13793
0.1	0.03872	0.04913
0.0	0.0	0.0
0.0	0.0	0.0
0.54545	0.41545	0.36337
0.14754	0.12003	0.11348
0.0	0.0	0.0
0.07595	0.06615	0.04762
0.0	0.0	0.0
0.12879	0.12879	0.125
0.0	0.0	0.0
0.08861	0.08861	0.08511
0.01667	0.01667	0.0
0.23762	0.19483	0.18146
0.0678	0.05414	0.05882
0.11765	0.07212	0.0742
0.26	0.2097	0.23077
0.0	0.0	0.0
0.0	0.0	0.0
0.125	0.12123	0.12039
0.0	0.0	0.0
0.19298	0.1777	0.19355
0.11628	0.06002	0.04348
0.03883	0.03069	0.04723
0.14754	0.06561	0.0735
0.44872	0.21924	0.19517
0.58824	0.35966	0.42941
0.0	0.0	0.0
0.05263	0.03735	0.06653
0.06173	0.05217	0.04348
0.25581	0.21493	0.25
0.0	0.0	0.0
0.14607	0.06997	0.06
0.28409	0.28409	0.25532
0.77273	0.53526	0.48987
0.0	0.0	0.0
0.05085	0.05085	0.03226
0.03175	0.03175	0.02941
0.03509	0.03509	0.03226
0.03	0.02065	0.01754
0.17722	0.14537	0.14253
0.2	0.1348	0.13308
0.36538	0.23265	0.23849
0.24051	0.24051	0.25581
0.09259	0.04481	0.06336
0.07143	0.07143	0.06452
0.01754	0.01754	0.0303
0.12698	0.05479	0.05029
0.38462	0.23716	0.25356
0.29915	0.27075	0.26664
0.0	0.0	0.0
0.34286	0.17143	0.21991
0.04938	0.02152	0.03077
0.94286	0.4848	0.57462
0.0198	0.01118	0.0
0.0	0.0	0.0
0.0	0.0	0.0
0.28	0.20068	0.19108
0.0	0.0	0.0
0.0	0.0	0.0
0.02632	0.02632	0.04545
0.17021	0.10777	0.05708
0.13115	0.08038	0.07115
0.03371	0.01233	0.02956
0.07812	0.05444	0.06103
0.14388	0.10491	0.12904
0.08955	0.04287	0.0475
0.3617	0.28415	0.32019
0.2243	0.2243	0.22414
0.06452	0.06452	0.0
0.22222	0.21057	0.25
0.04762	0.0315	0.0463
0.06667	0.05198	0.04968
0.07692	0.03558	0.03457
0.16923	0.16923	0.16216
0.13636	0.05498	0.09408
0.10938	0.0605	0.04556
0.55556	0.46238	0.45548
0.06818	0.05498	0.09676
0.0	0.0	0.0
0.14286	0.07163	0.09173
0.22807	0.11151	0.11865
0.07955	0.07111	0.0625
0.01	0.01	0.0
0.0	0.0	0.0
0.27778	0.19088	0.2063
0.0	0.0	0.0
0.22727	0.12977	0.1417
0.06364	0.04224	0.03852
0.22124	0.22124	0.21538
0.16667	0.07617	0.1129
0.08333	0.07572	0.0613
0.0	0.0	0.0
0.04938	0.03983	0.04444
0.01429	0.00876	0.01572
0.22222	0.13822	0.15691
0.25806	0.18785	0.15374
0.0	0.0	0.0
0.0	0.0	0.0
0.0	0.0	0.0
0.15493	0.12359	0.11415
0.15686	0.15686	0.14815
0.10309	0.08513	0.07407
0.84091	0.53086	0.50877
0.13953	0.13953	0.125
0.16393	0.13592	0.11765
0.22222	0.13118	0.14192
0.03448	0.02114	0.03226
0.02174	0.00457	0.0
0.31304	0.16805	0.15403
0.25532	0.20179	0.22179
0.15625	0.13156	0.11765
0.25974	0.21449	0.23168
0.15294	0.08616	0.07787
0.16049	0.16049	0.17391
0.625	0.39475	0.35576
0.27451	0.13347	0.1183
0.34426	0.19625	0.20338
0.11628	0.06042	0.05504
0.01724	0.01724	0.01493
0.13131	0.11079	0.09612
0.13559	0.07929	0.09142
0.11905	0.11905	0.10417
0.13235	0.06737	0.04715
0.12418	0.06325	0.05895
0.1087	0.07785	0.09548
0.0	0.0	0.0
0.0	0.0	0.0
0.18367	0.1659	0.2069
0.08772	0.04244	0.03642
0.55405	0.43901	0.46985
0.10309	0.08047	0.07155
0.09434	0.05723	0.05646
0.05263	0.03905	0.0303
0.07317	0.06033	0.06061
0.21875	0.13947	0.13981
0.1	0.06089	0.08696
0.0	0.0	0.0
0.0	0.0	0.0
0.09877	0.08044	0.06802
0.0	0.0	0.0
0.11	0.05906	0.05525
0.0137	0.00089	0.0
0.0	0.0	0.0
0.15909	0.13711	0.13043
0.18421	0.10188	0.11176
0.04027	0.0197	0.01498
0.37778	0.32581	0.3004
0.28169	0.28169	0.3
0.0813	0.04537	0.02817
0.0	0.0	0.0
0.13265	0.02831	0.01733
0.07407	0.047	0.05914
0.14286	0.10139	0.11011
0.20732	0.20732	0.19565
0.09375	0.09375	0.09615
0.07692	0.07692	0.04444
0.11321	0.08583	0.0636
0.48148	0.2838	0.29683
0.17857	0.15899	0.14077
0.25	0.06023	0.04082
0.0	0.0	0.0
0.0	0.0	0.0
0.0	0.0	0.0
0.01887	0.01095	0.01754
0.06667	0.06667	0.07018
0.11111	0.11111	0.10714
0.09836	0.07352	0.05747
0.0	0.0	0.0
0.48276	0.44495	0.39833
0.19643	0.16416	0.21772
0.02222	0.00502	0.0
0.07767	0.05638	0.06221
0.10606	0.10606	0.10811
0.17778	0.15484	0.11564
0.07778	0.0552	0.05042
0.06306	0.03866	0.04638
0.0	0.0	0.0
0.12766	0.04394	0.04663
0.03175	0.03175	0.02941
0.42254	0.37166	0.37353
0.07843	0.07843	0.07407
0.21951	0.07912	0.09134
0.0	0.0	0.0
0.19298	0.16412	0.16129
0.05882	0.03226	0.0204
0.0	0.0	0.0
0.32353	0.28416	0.24151
0.0989	0.07905	0.08511
0.0	0.0	0.0
0.10448	0.08185	0.08574
0.18421	0.18421	0.2
0.08264	0.03547	0.03421
0.57377	0.31785	0.23267
0.2381	0.18819	0.23709
0.12766	0.10913	0.08871
0.08333	0.04662	0.04644
0.04478	0.0171	0.02589
0.57353	0.45971	0.42567
0.03333	0.03333	0.0303
0.32759	0.13128	0.19255
0.19672	0.11372	0.12603
0.10345	0.10345	0.13333
0.0	0.0	0.0
0.0	0.0	0.0
0.0	0.0	0.0
0.18182	0.16716	0.13333
0.0	0.0	0.0
0.04225	0.03499	0.03533
0.19178	0.16618	0.1283
0.79592	0.45229	0.36004
0.09434	0.05539	0.05716
0.10638	0.05081	0.05019
0.47458	0.33186	0.33569
0.03529	0.02542	0.02128
0.1087	0.06033	0.09308
0.07216	0.03626	0.03755
0.44	0.2239	0.22252
0.28169	0.28169	0.275
0.0	0.0	0.0
0.20408	0.12378	0.1132
0.0	0.0	0.0
0.83117	0.4651	0.40521
0.0	0.0	0.0
0.15385	0.09615	0.15415
0.0	0.0	0.0
0.11957	0.09117	0.08388
0.11321	0.09677	0.10714
0.25532	0.18878	0.19496
0.04225	0.01682	0.00171
0.0	0.0	0.0
0.14545	0.05865	0.06035
0.03659	0.03659	0.04444
0.27143	0.20739	0.20034
0.04651	0.02027	0.02173
0.06667	0.0104	0.01014
0.25758	0.25758	0.26316
0.30851	0.185	0.17871
0.0	0.0	0.0
0.22857	0.13734	0.18555
0.04839	0.03539	0.02857
0.14085	0.09134	0.10073
0.11364	0.05207	0.04438
0.28358	0.22775	0.22333
0.10667	0.03916	0.0597
0.23256	0.1223	0.11429
0.14062	0.12878	0.13456
0.11111	0.06138	0.0734
0.04819	0.01634	0.00277
0.08511	0.02953	0.03352
0.4129	0.39043	0.36197
0.08163	0.06255	0.07407
0.03279	0.03279	0.02778
0.30556	0.10039	0.10757
0.41026	0.34741	0.33873
0.0	0.0	0.0
0.44828	0.26753	0.24242
0.10959	0.07955	0.03778
0.2459	0.12589	0.10852
0.06977	0.05964	0.04255
0.23684	0.11254	0.1156
0.06122	0.06122	0.03846
0.08257	0.05949	0.06775
0.35714	0.2005	0.2441
0.62162	0.38103	0.2919
0.35417	0.18352	0.20004
0.32895	0.29755	0.28881
0.24691	0.2274	0.23314
0.26829	0.09207	0.08188
0.12	0.06453	0.05532
0.05	0.03602	0.01975
0.0	0.0	0.0
0.0	0.0	0.0
0.13725	0.11323	0.10909
0.03448	0.02374	0.02222
0.0	0.0	0.0
0.0915	0.07527	0.06818
0.21277	0.21277	0.18519
0.16854	0.13048	0.16986
0.47619	0.30367	0.28111
0.01408	0.00363	0.00614
0.20513	0.18528	0.12905
0.175	0.08673	0.06181
0.0	0.0	0.0
0.32051	0.17455	0.13781
0.12963	0.08481	0.07156
0.46377	0.37543	0.33156
0.58163	0.33809	0.31617
0.18056	0.14338	0.12668
0.4	0.29536	0.32141
0.18627	0.18627	0.17241
0.0	0.0	0.0
0.34247	0.27222	0.24579
0.18182	0.13015	0.11965
0.14444	0.09892	0.0845
0.05714	0.04977	0.03905
0.0	0.0	0.0
0.0	0.0	0.0
0.44828	0.41991	0.45455
0.31915	0.26219	0.30348
0.0	0.0	0.0
0.23913	0.15498	0.10452
0.12414	0.08677	0.0944
0.0	0.0	0.0
0.12821	0.07279	0.06923
0.07857	0.07857	0.08861
0.03371	0.01703	0.03094
0.0	0.0	0.0
0.31092	0.31092	0.3125
0.0	0.0	0.0
0.15789	0.08279	0.10805
0.07792	0.05488	0.05037
0.08772	0.08772	0.07576
0.17	0.16226	0.16364
0.0	0.0	0.0
0.12	0.09377	0.11445
0.1134	0.06054	0.05974
0.06154	0.04145	0.04949
0.04	0.02839	0.02439
0.37681	0.24826	0.225
0.07143	0.05095	0.04442
0.11364	0.09752	0.08469
0.05556	0.03047	0.05774
0.18182	0.14957	0.17559
0.15476	0.10562	0.1087
0.42029	0.24312	0.21629
0.09016	0.06215	0.04575
0.04132	0.02906	0.02466
0.0	0.0	0.0
0.08904	0.06231	0.05558
0.63636	0.42052	0.38849
0.06667	0.03765	0.03497
0.15294	0.13321	0.14583
0.13333	0.09863	0.0771
0.83673	0.67319	0.6488
0.0	0.0	0.0
0.01053	0.00238	0.0
0.09302	0.05727	0.06023
0.40741	0.35007	0.30418
0.04286	0.04286	0.025
0.20339	0.09681	0.11983
0.04545	0.04545	0.05882
0.17241	0.13015	0.11558
0.17442	0.17442	0.18
0.0	0.0	0.0
0.01481	0.00359	0.00524
0.08696	0.05749	0.07384
0.02985	0.02985	0.02817
0.15038	0.13874	0.15068
0.08036	0.03888	0.05583
0.05155	0.03559	0.04181
0.00769	0.00769	0.0137
0.5	0.27351	0.2265
0.0	0.0	0.0
0.18939	0.18377	0.19444
0.03158	0.02546	0.02628
0.14953	0.14321	0.15037
0.0	0.0	0.0
0.0	0.0	0.0
0.26126	0.19793	0.21238
0.08	0.04969	0.05952
0.24719	0.1682	0.19108
0.0303	0.02639	0.02857
0.0625	0.02582	0.03658
0.0814	0.05026	0.06641
0.35366	0.21285	0.21113
0.23529	0.1966	0.20804
0.14286	0.14286	0.13725
0.025	0.025	0.02222
0.2093	0.11553	0.18517
0.17568	0.13603	0.14244
0.0	0.0	0.0
0.04167	0.0251	0.01529
0.04132	0.03199	0.02297
0.04511	0.03323	0.02925
0.0	0.0	0.0
0.01282	0.01282	0.02273
0.1875	0.12771	0.17857
0.23256	0.21869	0.21739
0.14729	0.11929	0.12418
0.14706	0.13425	0.15385
0.16471	0.05772	0.08875
0.15116	0.12603	0.13589
0.27869	0.1859	0.17767
0.05385	0.02705	0.02791
0.04706	0.02126	0.0254
0.16279	0.08481	0.04776
0.14925	0.12615	0.13622
0.08772	0.06454	0.04538
0.2029	0.14961	0.13921
0.22857	0.14931	0.15882
0.39062	0.25455	0.26332
0.23288	0.12949	0.1475
0.16279	0.16279	0.16667
0.09574	0.04017	0.03289
0.0	0.0	0.0
0.14894	0.12491	0.15704
0.4375	0.25888	0.26607
0.04808	0.04001	0.03448
0.33898	0.25044	0.24397
0.1236	0.10693	0.11494
0.24194	0.17952	0.19092
0.02247	0.01631	0.02963
0.07092	0.05011	0.05205
0.44444	0.40574	0.40388
0.00885	0.00058	0.0
0.51724	0.31319	0.25287
0.1375	0.08147	0.08348
0.27143	0.13093	0.11463
0.1746	0.09321	0.09774
0.06522	0.03752	0.0213
0.16456	0.16456	0.17391
0.04545	0.04545	0.03846
0.38806	0.25037	0.28692
0.17094	0.14807	0.12602
0.0	0.0	0.0
0.0	0.0	0.0
0.02041	0.02041	0.01887
0.1828	0.14743	0.14337
0.0	0.0	0.0
0.1954	0.10941	0.08406
0.03448	0.0089	0.0625
0.08081	0.04235	0.05127
0.0597	0.00819	0.00176
0.15942	0.15942	0.15385
0.25962	0.25962	0.26316
0.05172	0.047	0.05311
0.07914	0.06823	0.07105
0.09091	0.04426	0.02883
0.25	0.14301	0.1396
0.15909	0.15909	0.14583
0.11504	0.05425	0.0536
0.06475	0.01741	0.01134
0.09483	0.07732	0.08834
0.09091	0.07039	0.07006
0.09091	0.04284	0.03328
0.03061	0.02107	0.01818
0.0	0.0	0.0
0.0283	0.00458	0.00432
0.0	0.0	0.0
0.11494	0.07677	0.07058
0.20354	0.14219	0.11575
0.02344	0.01815	0.0189
0.08	0.05807	0.06818
0.5283	0.30983	0.28879
0.01887	0.01299	0.01133
0.1875	0.04169	0.0484
0.31111	0.17348	0.19358
0.15385	0.09927	0.09907
0.11111	0.0938	0.07375
0.07619	0.04792	0.05832
0.12857	0.03966	0.05533
0.07438	0.07438	0.07812
0.48148	0.34926	0.316
0.02247	0.02247	0.02083
0.0	0.0	0.0
0.0	0.0	0.0
0.14865	0.14299	0.13288
0.32258	0.15819	0.16077
0.12941	0.06565	0.06904
0.67949	0.49218	0.42864
0.09091	0.09091	0.11538
0.04545	0.03373	0.02703
0.0	0.0	0.0
0.82432	0.63604	0.61371
0.0	0.0	0.0
0.01163	0.00263	0.0
0.0	0.0	0.0
0.16447	0.04796	0.03301
0.14844	0.1114	0.12144
0.0	0.0	0.0
0.01923	0.01923	0.03571
0.25676	0.1879	0.20544
0.075	0.05485	0.04651
0.14583	0.07596	0.04663
0.0	0.0	0.0
0.29032	0.1665	0.19442
0.14865	0.07281	0.06153
0.31683	0.22679	0.21938
0.0241	0.0136	0.02222
0.18987	0.18987	0.2
0.0	0.0	0.0
0.17544	0.11037	0.10281
0.14634	0.13376	0.12857
0.0	0.0	0.0
0.13333	0.0983	0.09389
0.00617	0.0014	0.0
0.16216	0.05495	0.0323
0.21875	0.14416	0.18406
0.26027	0.20373	0.20245
0.0339	0.02953	0.02941
0.0	0.0	0.0
0.0678	0.05522	0.03025
0.05882	0.01254	0.02176
0.17188	0.13559	0.12335
0.0	0.0	0.0
0.13542	0.09107	0.09857
0.03571	0.02189	0.0
0.24719	0.21856	0.26002
0.0	0.0	0.0
0.4	0.38567	0.38979
0.01923	0.01923	0.0
0.23529	0.20305	0.19987
0.272	0.18583	0.22107
0.04839	0.03331	0.02941
0.0	0.0	0.0
0.0	0.0	0.0
0.14474	0.09891	0.11256
0.625	0.45294	0.42064
0.04545	0.02102	0.00697
0.04587	0.0293	0.03333
0.0	0.0	0.0
0.0	0.0	0.0
0.15873	0.14594	0.1484
0.06612	0.03946	0.04413
0.08955	0.04094	0.03142
0.44565	0.30509	0.24885
0.04098	0.04098	0.04412
0.11765	0.09298	0.09319
0.5514	0.45133	0.48708
0.20619	0.12208	0.10616
0.09333	0.06237	0.08105
0.29134	0.16181	0.18884
0.15748	0.12981	0.1556
0.05682	0.04692	0.06122
0.01562	0.00353	0.0
0.06383	0.00823	0.00359
0.15094	0.08398	0.08679
0.2027	0.16174	0.14083
0.01724	0.00112	0.0
0.15385	0.13509	0.13003
0.09615	0.0515	0.05761
0.03704	0.00598	0.00224
0.36364	0.17069	0.16528
0.05714	0.01507	0.01754
0.19178	0.08088	0.06531
0.18868	0.15642	0.19355
0.02941	0.02941	0.02778
0.28889	0.17636	0.19484
0.10204	0.10204	0.10714
0.0	0.0	0.0
0.0	0.0	0.0
0.24	0.21394	0.20117
0.0	0.0	0.0
0.14583	0.08202	0.08989
0.1	0.06744	0.05915
0.11494	0.11494	0.10417
0.04211	0.04211	0.01818
0.0	0.0	0.0
0.0	0.0	0.0
0.0	0.0	0.0
0.13592	0.13592	0.13559
0.24528	0.11204	0.11187
0.0	0.0	0.0
0.08235	0.05881	0.05712
0.15574	0.08726	0.09485
0.0	0.0	0.0
0.27419	0.23048	0.2544
0.0	0.0	0.0
0.01163	0.01163	0.0
0.10989	0.10989	0.09804
0.11538	0.03912	0.07375
0.26471	0.19925	0.22753
0.15957	0.09607	0.07655
0.19118	0.13332	0.13815
0.76543	0.45842	0.40223
0.0	0.0	0.0
0.06494	0.04232	0.02381
0.40476	0.37483	0.3681
0.0	0.0	0.0
0.0	0.0	0.0
0.17143	0.16083	0.16046
0.09184	0.09184	0.08929
0.13725	0.12208	0.10714
0.0	0.0	0.0
0.31429	0.22123	0.21754
0.30882	0.22629	0.23541
0.0381	0.01997	0.03621
0.02564	0.00745	0.00807
0.21569	0.21569	0.2
0.09639	0.08512	0.08837
0.18978	0.14129	0.14645
0.21978	0.21021	0.20408
0.0137	0.0137	0.01149
0.05455	0.03196	0.05325
0.01667	0.00377	0.0
0.0	0.0	0.0
0.07407	0.06332	0.06122
0.47727	0.29182	0.23454
0.09722	0.08247	0.07446
0.1358	0.05536	0.03942
0.18391	0.16503	0.16065
0.05	0.05	0.02326
0.0	0.0	0.0
0.06557	0.06557	0.05882
0.56061	0.52003	0.51343
0.0	0.0	0.0
0.1236	0.05111	0.07032
0.06818	0.06818	0.04167
0.26389	0.12367	0.09598
0.07273	0.03638	0.0398
0.14634	0.08893	0.08696
0.17143	0.106	0.11266
0.11667	0.07475	0.06883
0.20253	0.15966	0.14748
0.38571	0.27467	0.26138
0.37288	0.31058	0.29129
0.30435	0.28145	0.27986
0.32759	0.168	0.16342
0.04545	0.0253	0.02174
0.35938	0.33066	0.32732
0.0	0.0	0.0
0.0	0.0	0.0
0.0	0.0	0.0
0.0	0.0	0.0
0.0	0.0	0.0
0.06107	0.033	0.03629
0.11475	0.11475	0.11429
0.09615	0.0546	0.05289
0.63158	0.2505	0.26791
0.22388	0.22388	0.21622
0.51515	0.34997	0.33111
0.08451	0.07361	0.05263
0.05455	0.03929	0.03226
0.15254	0.14107	0.16129
0.10959	0.10252	0.09168
0.34021	0.2644	0.25371
0.31944	0.20117	0.19619
0.07059	0.02392	0.02735
0.42254	0.40937	0.35162
0.43902	0.15973	0.16413
0.44118	0.25238	0.15057
0.14706	0.08303	0.03675
0.15464	0.13336	0.11965
0.0	0.0	0.0
0.1223	0.09632	0.09678
0.0	0.0	0.0
0.43836	0.29963	0.3108
0.0	0.0	0.0
0.14	0.14	0.13725
0.0229	0.00469	0.00273
0.0	0.0	0.0
0.02326	0.02326	0.02083
0.0	0.0	0.0
0.0	0.0	0.0
0.25	0.11629	0.16012
0.16667	0.12904	0.12904
0.30233	0.18081	0.25004
0.2	0.2	0.22222
0.14286	0.14286	0.13043
0.22449	0.22449	0.23077
0.14583	0.11125	0.11912
0.02439	0.02439	0.02128
0.19231	0.15172	0.1351
0.14407	0.12193	0.12903
0.07692	0.03525	0.05057
0.06923	0.0541	0.04949
0.1125	0.1125	0.14286
