0.07273	0.03753	0.03333
0.44231	0.34744	0.333
0.0678	0.02351	0.02941
0.32432	0.18615	0.1823
0.11765	0.05313	0.05774
0.12308	0.07048	0.05581
0.21687	0.15082	0.11574
0.0678	0.03225	0.01661
0.03226	0.01821	0.0
0.05556	0.02797	0.02756
0.0	0.0	0.0
0.18644	0.09841	0.09382
0.125	0.08604	0.10325
0.23077	0.13154	0.11639
0.08421	0.04619	0.03944
0.13861	0.07602	0.08759
0.09091	0.03987	0.03333
0.08791	0.0397	0.04743
0.04854	0.02129	0.03402
0.07843	0.00761	0.00464
0.0	0.0	0.0
0.08434	0.05559	0.07058
0.21277	0.19013	0.11872
0.01538	0.00248	0.0
0.24324	0.13819	0.14256
0.02614	0.00927	0.0
0.09091	0.06218	0.07313
0.22	0.12708	0.13896
0.37778	0.23587	0.17337
0.12195	0.04015	0.03658
0.5	0.28481	0.35074
0.11842	0.05646	0.06217
0.03448	0.02002	0.0
0.27835	0.15431	0.17488
0.05983	0.03639	0.01587
0.50943	0.2203	0.21019
0.20339	0.15146	0.15087
0.16667	0.0753	0.05379
0.16296	0.09273	0.07599
0.13208	0.06268	0.08219
0.01695	0.00219	0.0
0.12	0.05292	0.05914
0.24286	0.20461	0.19443
0.30909	0.15602	0.1272
0.34646	0.26061	0.28804
0.24138	0.16241	0.1855
0.44444	0.29469	0.24462
0.18	0.09162	0.08935
0.1519	0.08453	0.07083
0.44737	0.23686	0.2211
0.375	0.33167	0.39123
0.08108	0.03662	0.03677
0.15054	0.05724	0.08429
0.43636	0.32964	0.31403
0.13208	0.06268	0.08219
0.37615	0.28089	0.26867
0.19608	0.0772	0.08993
0.31683	0.2054	0.18904
0.60377	0.36521	0.33716
0.13559	0.08749	0.07662
0.1519	0.07391	0.11327
0.26761	0.24262	0.29427
0.0	0.0	0.0
0.05455	0.03871	0.03333
0.08824	0.05646	0.06876
0.2	0.11915	0.11138
0.30508	0.20014	0.22997
0.4	0.23987	0.20831
0.15663	0.14536	0.14719
0.14865	0.11816	0.12753
0.07216	0.03327	0.02661
0.37778	0.23587	0.17337
0.09639	0.09639	0.08696
0.0	0.0	0.0
0.08497	0.08497	0.07955
0.07595	0.06533	0.04348
0.0	0.0	0.0
0.59375	0.38258	0.40533
0.02632	0.00255	0.00451
0.04274	0.03391	0.01587
0.0	0.0	0.0
0.275	0.16375	0.20076
0.16	0.16	0.15385
0.0	0.0	0.0
0.01852	0.01852	0.03448
0.0	0.0	0.0
0.13333	0.11012	0.11905
0.21429	0.20323	0.18919
0.26829	0.24705	0.24444
0.21818	0.10735	0.09309
0.22293	0.19683	0.19615
0.08475	0.03061	0.01309
0.14444	0.07851	0.07942
0.08434	0.07618	0.06943
0.0339	0.01968	0.02941
0.07595	0.06533	0.04348
0.02632	0.00255	0.00451
0.07895	0.06282	0.04518
0.18812	0.10542	0.09623
0.4537	0.40502	0.40084
0.13187	0.0454	0.05631
0.05825	0.02913	0.02522
0.09639	0.04665	0.05377
0.12766	0.10502	0.03872
0.15033	0.12882	0.11693
0.18803	0.12435	0.09116
0.05556	0.04002	0.03448
0.03947	0.01911	0.003
0.19048	0.09498	0.08341
0.17105	0.118	0.15556
0.27143	0.23319	0.22146
0.28889	0.26201	0.25673
0.28889	0.22726	0.24754
0.28814	0.26571	0.28082
0.10638	0.0954	0.05936
0.27692	0.20994	0.24676
0.16456	0.15557	0.162
0.15789	0.13243	0.12833
0.32394	0.32394	0.29037
0.08911	0.04824	0.03737
0.20755	0.16311	0.1769
0.0	0.0	0.0
0.29114	0.21028	0.22651
0.225	0.16331	0.16344
0.14013	0.07212	0.07045
0.15385	0.08685	0.08203
0.51546	0.46958	0.45954
0.05769	0.02731	0.0344
0.25743	0.24178	0.22755
0.15254	0.13176	0.10752
0.40157	0.34952	0.37303
0.08621	0.04616	0.03731
0.04054	0.00436	0.00451
0.0202	0.0202	0.01887
0.22018	0.19089	0.19249
0.05769	0.02731	0.0344
0.07692	0.03525	0.03054
0.05556	0.04002	0.03448
0.15596	0.06749	0.04389
0.39024	0.19712	0.1606
0.38028	0.2281	0.21088
0.14737	0.1012	0.095
0.22222	0.14052	0.16071
0.16667	0.08471	0.0847
0.46341	0.24472	0.23371
0.24603	0.21173	0.20184
0.13043	0.0547	0.08064
0.14815	0.08991	0.09626
0.11765	0.10484	0.10866
0.34646	0.23318	0.24127
0.04054	0.00436	0.00451
0.0202	0.0202	0.01887
0.0	0.0	0.0
0.34921	0.1631	0.1346
0.19802	0.10479	0.1043
0.03659	0.01888	0.0086
0.0303	0.00846	0.01034
0.275	0.19114	0.21793
0.19108	0.11528	0.10272
0.15789	0.15789	0.14815
0.20833	0.19624	0.175
0.09259	0.0672	0.07298
0.36538	0.32942	0.32375
0.03297	0.02481	0.01961
0.16505	0.14939	0.16364
0.01613	0.01613	0.0
0.10526	0.05434	0.06217
0.30909	0.29444	0.26667
0.11852	0.10586	0.0832
0.23704	0.14076	0.14559
0.16949	0.15364	0.16129
0.05556	0.02797	0.02756
0.0	0.0	0.0
0.18644	0.09841	0.09382
0.23077	0.13154	0.11639
0.27835	0.15431	0.17488
0.07843	0.00761	0.00464
0.225	0.16331	0.16344
0.50943	0.2203	0.21019
0.0678	0.03225	0.01661
0.24286	0.20461	0.19443
0.20339	0.15146	0.15087
0.24138	0.16241	0.1855
0.51546	0.46958	0.45954
0.44444	0.29469	0.24462
0.03659	0.01888	0.0086
0.375	0.33167	0.39123
0.18	0.09162	0.08935
0.18803	0.12435	0.09116
0.08108	0.03662	0.03677
0.15054	0.05724	0.08429
0.12308	0.07048	0.05581
0.1519	0.07391	0.11327
0.275	0.19114	0.21793
0.43636	0.32964	0.31403
0.17105	0.118	0.15556
0.19608	0.0772	0.08993
0.46341	0.24472	0.23371
0.26761	0.24262	0.29427
0.31683	0.2054	0.18904
0.23704	0.14076	0.14559
0.13208	0.06268	0.08219
0.4	0.23987	0.20831
0.0	0.0	0.0
0.15789	0.15789	0.14815
0.28889	0.22726	0.24754
0.20833	0.19624	0.175
0.25743	0.24178	0.22755
0.15254	0.13176	0.10752
0.09259	0.0672	0.07298
0.08824	0.05646	0.06876
0.09639	0.09639	0.08696
0.16505	0.14939	0.16364
0.14865	0.11816	0.12753
0.0	0.0	0.0
0.0	0.0	0.0
0.40157	0.34952	0.37303
0.08497	0.08497	0.07955
0.07595	0.06533	0.04348
0.10526	0.05434	0.06217
0.37778	0.23587	0.17337
0.0	0.0	0.0
0.59375	0.38258	0.40533
0.16	0.16	0.15385
0.27692	0.20994	0.24676
0.16456	0.15557	0.162
0.275	0.16375	0.20076
0.01852	0.01852	0.03448
0.24603	0.21173	0.20184
0.30909	0.29444	0.26667
0.15789	0.13243	0.12833
0.0	0.0	0.0
0.32394	0.32394	0.29037
0.20755	0.16311	0.1769
0.0	0.0	0.0
0.08475	0.03061	0.01309
0.13333	0.11012	0.11905
0.21429	0.20323	0.18919
0.16949	0.15364	0.16129
0.21818	0.10735	0.09309
0.01538	0.00248	0.0
0.34646	0.23318	0.24127
0.07595	0.06533	0.04348
0.02632	0.00255	0.00451
0.16296	0.09273	0.07599
0.22222	0.14052	0.16071
0.44231	0.34744	0.333
0.21687	0.15082	0.11574
0.03947	0.01911	0.003
0.37615	0.28089	0.26867
0.60377	0.36521	0.33716
0.30508	0.20014	0.22997
0.28889	0.26201	0.25673
0.05455	0.03871	0.03333
0.36538	0.32942	0.32375
0.28814	0.26571	0.28082
0.10638	0.0954	0.05936
0.07216	0.03327	0.02661
0.04054	0.00436	0.00451
0.0202	0.0202	0.01887
0.0	0.0	0.0
0.22293	0.19683	0.19615
0.08421	0.04619	0.03944
0.14444	0.07851	0.07942
0.125	0.08604	0.10325
0.13861	0.07602	0.08759
0.09091	0.03987	0.03333
0.14815	0.08991	0.09626
0.11765	0.10484	0.10866
0.08434	0.07618	0.06943
0.08791	0.0397	0.04743
0.0339	0.01968	0.02941
0.04854	0.02129	0.03402
0.08434	0.05559	0.07058
0.24324	0.13819	0.14256
0.21277	0.19013	0.11872
0.0	0.0	0.0
0.02614	0.00927	0.0
0.11842	0.05646	0.06217
0.03448	0.02002	0.0
0.37778	0.23587	0.17337
0.12195	0.04015	0.03658
0.5	0.28481	0.35074
0.22	0.12708	0.13896
0.05983	0.03639	0.01587
0.05769	0.02731	0.0344
0.04054	0.00436	0.00451
0.0202	0.0202	0.01887
0.0	0.0	0.0
0.07692	0.03525	0.03054
0.29114	0.21028	0.22651
0.05556	0.04002	0.03448
0.34921	0.1631	0.1346
0.09091	0.06218	0.07313
0.15596	0.06749	0.04389
0.07895	0.06282	0.04518
0.39024	0.19712	0.1606
0.38028	0.2281	0.21088
0.18812	0.10542	0.09623
0.14013	0.07212	0.07045
0.13208	0.06268	0.08219
0.01695	0.00219	0.0
0.12	0.05292	0.05914
0.30909	0.15602	0.1272
0.16667	0.0753	0.05379
0.13043	0.0547	0.08064
0.14737	0.1012	0.095
0.16667	0.08471	0.0847
0.19802	0.10479	0.1043
0.07273	0.03753	0.03333
0.4537	0.40502	0.40084
0.11765	0.05313	0.05774
0.13187	0.0454	0.05631
0.0678	0.02351	0.02941
0.05825	0.02913	0.02522
0.09639	0.04665	0.05377
0.32432	0.18615	0.1823
0.12766	0.10502	0.03872
0.03226	0.01821	0.0
0.15385	0.08685	0.08203
0.34646	0.26061	0.28804
0.15033	0.12882	0.11693
0.1519	0.08453	0.07083
0.44737	0.23686	0.2211
0.05769	0.02731	0.0344
0.0303	0.00846	0.01034
0.05556	0.04002	0.03448
0.19048	0.09498	0.08341
0.19108	0.11528	0.10272
0.13559	0.08749	0.07662
0.2	0.11915	0.11138
0.27143	0.23319	0.22146
0.03297	0.02481	0.01961
0.15663	0.14536	0.14719
0.01613	0.01613	0.0
0.08621	0.04616	0.03731
0.04274	0.03391	0.01587
0.02632	0.00255	0.00451
0.22018	0.19089	0.19249
0.26829	0.24705	0.24444
0.08911	0.04824	0.03737
0.11852	0.10586	0.0832
0.125	0.08604	0.10325
0.0	0.0	0.0
0.14444	0.07851	0.07942
0.18644	0.09841	0.09382
0.225	0.16331	0.16344
0.08791	0.0397	0.04743
0.04854	0.02129	0.03402
0.11765	0.10484	0.10866
0.23077	0.13154	0.11639
0.08434	0.07618	0.06943
0.08434	0.05559	0.07058
0.24324	0.13819	0.14256
0.34646	0.23318	0.24127
0.04054	0.00436	0.00451
0.0202	0.0202	0.01887
0.12195	0.04015	0.03658
0.22	0.12708	0.13896
0.03448	0.02002	0.0
0.37778	0.23587	0.17337
0.05769	0.02731	0.0344
0.01695	0.00219	0.0
0.24286	0.20461	0.19443
0.07895	0.06282	0.04518
0.34921	0.1631	0.1346
0.05556	0.04002	0.03448
0.02632	0.00255	0.00451
0.38028	0.2281	0.21088
0.14013	0.07212	0.07045
0.16296	0.09273	0.07599
0.13043	0.0547	0.08064
0.20339	0.15146	0.15087
0.30909	0.15602	0.1272
0.16667	0.0753	0.05379
0.14737	0.1012	0.095
0.16667	0.08471	0.0847
0.19802	0.10479	0.1043
0.4537	0.40502	0.40084
0.21687	0.15082	0.11574
0.12766	0.10502	0.03872
0.32432	0.18615	0.1823
0.0678	0.02351	0.02941
0.09639	0.04665	0.05377
0.03226	0.01821	0.0
0.51546	0.46958	0.45954
0.05825	0.02913	0.02522
0.34646	0.26061	0.28804
0.44737	0.23686	0.2211
0.24138	0.16241	0.1855
0.18803	0.12435	0.09116
0.05769	0.02731	0.0344
0.12308	0.07048	0.05581
0.19608	0.0772	0.08993
0.375	0.33167	0.39123
0.18	0.09162	0.08935
0.275	0.19114	0.21793
0.43636	0.32964	0.31403
0.37615	0.28089	0.26867
0.13208	0.06268	0.08219
0.13559	0.08749	0.07662
0.2	0.11915	0.11138
0.4	0.23987	0.20831
0.27143	0.23319	0.22146
0.28889	0.26201	0.25673
0.0	0.0	0.0
0.46341	0.24472	0.23371
0.31683	0.2054	0.18904
0.60377	0.36521	0.33716
0.28889	0.22726	0.24754
0.15254	0.13176	0.10752
0.36538	0.32942	0.32375
0.10638	0.0954	0.05936
0.25743	0.24178	0.22755
0.05455	0.03871	0.03333
0.03297	0.02481	0.01961
0.28814	0.26571	0.28082
0.08824	0.05646	0.06876
0.09639	0.09639	0.08696
0.37778	0.23587	0.17337
0.16	0.16	0.15385
0.0	0.0	0.0
0.0	0.0	0.0
0.08621	0.04616	0.03731
0.07216	0.03327	0.02661
0.04054	0.00436	0.00451
0.0202	0.0202	0.01887
0.07595	0.06533	0.04348
0.10526	0.05434	0.06217
0.59375	0.38258	0.40533
0.02632	0.00255	0.00451
0.01852	0.01852	0.03448
0.22018	0.19089	0.19249
0.27692	0.20994	0.24676
0.0	0.0	0.0
0.26829	0.24705	0.24444
0.20755	0.16311	0.1769
0.0	0.0	0.0
0.08475	0.03061	0.01309
0.13333	0.11012	0.11905
0.08421	0.04619	0.03944
0.13861	0.07602	0.08759
0.14815	0.08991	0.09626
0.27835	0.15431	0.17488
0.05983	0.03639	0.01587
0.39024	0.19712	0.1606
0.44231	0.34744	0.333
0.0303	0.00846	0.01034
0.26761	0.24262	0.29427
0.19108	0.11528	0.10272
0.15789	0.15789	0.14815
0.40157	0.34952	0.37303
0.16456	0.15557	0.162
0.0339	0.01968	0.02941
0.0	0.0	0.0
0.02614	0.00927	0.0
0.07843	0.00761	0.00464
0.18812	0.10542	0.09623
0.07273	0.03753	0.03333
0.13187	0.0454	0.05631
0.44444	0.29469	0.24462
0.1519	0.07391	0.11327
0.03947	0.01911	0.003
0.17105	0.118	0.15556
0.09259	0.0672	0.07298
0.16505	0.14939	0.16364
0.14865	0.11816	0.12753
0.01613	0.01613	0.0
0.04274	0.03391	0.01587
0.0	0.0	0.0
0.275	0.16375	0.20076
0.24603	0.21173	0.20184
0.30909	0.29444	0.26667
0.15789	0.13243	0.12833
0.32394	0.32394	0.29037
0.08911	0.04824	0.03737
0.22293	0.19683	0.19615
0.11852	0.10586	0.0832
0.16949	0.15364	0.16129
0.05556	0.02797	0.02756
0.21277	0.19013	0.11872
0.01538	0.00248	0.0
0.07595	0.06533	0.04348
0.11842	0.05646	0.06217
0.07692	0.03525	0.03054
0.29114	0.21028	0.22651
0.09091	0.06218	0.07313
0.15596	0.06749	0.04389
0.50943	0.2203	0.21019
0.13208	0.06268	0.08219
0.12	0.05292	0.05914
0.22222	0.14052	0.16071
0.11765	0.05313	0.05774
0.15385	0.08685	0.08203
0.15033	0.12882	0.11693
0.15054	0.05724	0.08429
0.30508	0.20014	0.22997
0.20833	0.19624	0.175
0.21818	0.10735	0.09309
0.09091	0.03987	0.03333
0.5	0.28481	0.35074
0.0	0.0	0.0
0.0678	0.03225	0.01661
0.1519	0.08453	0.07083
0.03659	0.01888	0.0086
0.08108	0.03662	0.03677
0.05556	0.04002	0.03448
0.19048	0.09498	0.08341
0.23704	0.14076	0.14559
0.15663	0.14536	0.14719
0.08497	0.08497	0.07955
0.0	0.0	0.0
0.21429	0.20323	0.18919
0.0	0.0	0.0
0.32759	0.1691	0.19911
0.34483	0.211	0.18424
0.2	0.2	0.21429
0.22449	0.15341	0.08485
0.43636	0.22289	0.20435
0.0	0.0	0.0
0.36538	0.24877	0.27536
0.5098	0.34978	0.34483
0.27451	0.13537	0.14396
0.37097	0.14627	0.15088
0.01887	0.00243	0.0
0.21429	0.1993	0.19355
0.26667	0.10684	0.13786
0.11594	0.07388	0.0579
0.0	0.0	0.0
0.24138	0.18078	0.22078
0.07812	0.04891	0.02029
0.08955	0.02987	0.03576
0.10769	0.08065	0.07134
0.0	0.0	0.0
0.13158	0.11319	0.1063
0.25316	0.20581	0.19074
0.11538	0.08065	0.11014
0.08571	0.01984	0.02477
0.28125	0.28125	0.26471
0.51163	0.4258	0.4458
0.05882	0.04175	0.0356
0.17241	0.15712	0.14621
0.01562	0.00202	0.0
0.23171	0.14479	0.1517
0.16129	0.08586	0.10962
0.32653	0.24227	0.227
0.78788	0.68305	0.64768
0.0	0.0	0.0
0.24658	0.11048	0.06605
0.0	0.0	0.0
0.10345	0.10345	0.08571
0.46465	0.36498	0.39118
0.31959	0.29133	0.27509
0.10638	0.05562	0.05088
0.06122	0.03686	0.05068
0.33333	0.34324	0.35484
0.00685	0.00133	0.00246
0.23529	0.23529	0.3
0.52747	0.38676	0.33873
0.125	0.06117	0.07407
0.51546	0.34861	0.32081
0.23729	0.1028	0.12415
0.5	0.31493	0.2336
0.22807	0.09737	0.07766
0.2625	0.2347	0.23333
0.1383	0.0429	0.04809
0.18	0.09484	0.09559
0.32653	0.32653	0.30769
0.28947	0.21097	0.20126
0.09091	0.06819	0.0742
0.05319	0.03878	0.03158
0.25532	0.1366	0.15265
0.25373	0.17551	0.17745
0.19388	0.16853	0.15836
0.2029	0.19638	0.20632
0.11392	0.06657	0.0603
0.08333	0.0315	0.02809
0.49153	0.27124	0.34681
0.15556	0.04018	0.05296
0.28125	0.13206	0.14386
0.375	0.24902	0.2314
0.21176	0.12109	0.08928
0.26389	0.22356	0.23602
0.54902	0.43394	0.47888
0.21591	0.09092	0.10322
0.23364	0.17637	0.17388
0.29545	0.16064	0.20065
0.2625	0.19116	0.21535
0.39024	0.22032	0.19048
0.16279	0.12302	0.125
0.20896	0.17534	0.16136
0.14286	0.08943	0.09332
0.12281	0.04811	0.07597
0.15873	0.10089	0.07241
0.07843	0.04112	0.05875
0.02727	0.02024	0.01724
0.11538	0.08065	0.11014
0.33333	0.16335	0.18024
0.15686	0.09739	0.10254
0.13483	0.07793	0.09936
0.4321	0.23343	0.2238
0.17647	0.09347	0.071
0.36559	0.24558	0.19776
0.08955	0.02697	0.01361
0.2	0.1331	0.13495
0.04167	0.04167	0.03571
0.0	0.0	0.0
0.25	0.13969	0.12445
0.21348	0.1863	0.19565
0.02128	0.00274	0.00239
0.1	0.04287	0.05179
0.30508	0.30508	0.3125
0.0	0.0	0.0
0.11111	0.03167	0.00693
0.15702	0.09464	0.09091
0.07812	0.05092	0.05263
0.09589	0.07247	0.07692
0.10667	0.04903	0.05968
0.19231	0.16006	0.16879
0.09677	0.06088	0.0519
0.19118	0.08587	0.09679
0.4386	0.42784	0.46627
0.14062	0.09678	0.11765
0.43089	0.37977	0.37237
0.16854	0.09752	0.10735
0.04255	0.00277	0.00241
0.06122	0.02635	0.00241
0.10526	0.0447	0.04268
0.44898	0.24165	0.31667
0.04651	0.04351	0.04
0.37097	0.09737	0.0935
0.10101	0.10101	0.10714
0.34884	0.18308	0.2132
0.34694	0.32786	0.2987
0.35088	0.22416	0.23939
0.17582	0.14784	0.11443
0.11111	0.05895	0.07816
0.16667	0.13833	0.14367
0.23188	0.11035	0.08913
0.39286	0.21605	0.22581
0.09677	0.08273	0.09482
0.11702	0.07104	0.07767
0.0	0.0	0.0
0.11811	0.11125	0.11429
0.125	0.09598	0.10428
0.58333	0.49466	0.49545
0.49206	0.4424	0.4424
0.14894	0.06451	0.05831
0.25	0.1216	0.07287
0.17188	0.11467	0.08756
0.26923	0.18673	0.17377
0.03509	0.03509	0.03333
0.14141	0.10852	0.09913
0.09615	0.02669	0.04036
0.33333	0.31519	0.32
0.37705	0.23059	0.2505
0.24107	0.15207	0.16949
0.14925	0.03803	0.05197
0.44643	0.28748	0.28619
0.07895	0.06876	0.05128
0.44186	0.17556	0.15596
0.06557	0.06134	0.05714
0.1129	0.05618	0.03127
0.16	0.07949	0.08244
0.2807	0.10363	0.11442
0.07273	0.03051	0.04787
0.1	0.04454	0.04576
0.1194	0.1064	0.11429
0.10377	0.03167	0.02135
0.2716	0.15533	0.18782
0.34921	0.24014	0.27041
0.33333	0.21916	0.20779
0.2931	0.20524	0.21386
0.0	0.0	0.0
0.09677	0.02397	0.0305
0.33	0.14131	0.15629
0.15068	0.14008	0.16667
0.1194	0.05922	0.01256
0.14545	0.07978	0.06856
0.05263	0.01472	0.01977
0.21622	0.11684	0.11961
0.08889	0.03153	0.04082
0.05405	0.04228	0.025
0.50667	0.47184	0.44376
0.22951	0.10789	0.112
0.03704	0.02709	0.02174
0.4	0.4	0.42105
0.14815	0.03769	0.01619
0.0241	0.01477	0.02273
0.17143	0.10279	0.12142
0.52113	0.24311	0.25286
0.0625	0.00873	0.00461
0.31633	0.31633	0.29825
0.19753	0.11232	0.10295
0.0	0.0	0.0
0.01613	0.01613	0.02778
0.22449	0.1544	0.16132
0.04	0.0172	0.02688
0.38356	0.30362	0.32571
0.42857	0.25416	0.26852
0.22581	0.22581	0.22222
0.27473	0.24176	0.23963
0.18519	0.13143	0.14987
0.04286	0.00461	0.00497
0.35802	0.1952	0.19
0.03226	0.00677	0.0
0.46939	0.26996	0.27837
0.32609	0.21704	0.20355
0.07143	0.05761	0.03333
0.10606	0.07062	0.06158
0.10294	0.06499	0.05626
0.18644	0.05141	0.03229
0.07895	0.04159	0.04993
0.0	0.0	0.0
0.22093	0.14105	0.15168
0.26263	0.21114	0.19242
0.02941	0.00191	0.0
0.17241	0.09845	0.10303
0.11364	0.05867	0.04975
0.25397	0.12906	0.17206
0.14035	0.04077	0.04894
0.02878	0.01021	0.00172
0.22973	0.12514	0.14707
0.2439	0.09915	0.10621
0.19672	0.18297	0.17647
0.07143	0.03305	0.01404
0.15152	0.01861	0.00722
0.2093	0.15007	0.17208
0.23404	0.15102	0.13859
0.0	0.0	0.0
1.04762	0.88019	0.92673
0.08929	0.08007	0.07962
0.0	0.0	0.0
0.10909	0.06042	0.07836
0.41892	0.23631	0.23579
0.08738	0.0401	0.02559
0.31579	0.11634	0.11787
0.32653	0.24227	0.227
0.07143	0.03891	0.04346
0.0339	0.0339	0.02941
0.03125	0.03125	0.02857
0.15278	0.05914	0.05485
0.31325	0.20096	0.21484
0.11628	0.03228	0.03629
0.04819	0.02799	0.02174
0.09231	0.06328	0.04885
0.17742	0.07387	0.04658
0.19298	0.13639	0.11507
0.10417	0.07327	0.06897
0.15686	0.07212	0.07836
0.13415	0.0775	0.08553
0.17978	0.10583	0.11884
0.18644	0.07329	0.07594
0.0	0.0	0.0
0.44828	0.36933	0.38106
0.25301	0.12866	0.15342
0.26087	0.18888	0.21563
0.0	0.0	0.0
0.06897	0.06507	0.03125
0.2807	0.17377	0.1409
0.0	0.0	0.0
0.36066	0.17402	0.20164
0.0	0.0	0.0
0.18841	0.14213	0.13862
0.24107	0.14574	0.1535
0.35897	0.25064	0.32961
0.28125	0.17845	0.1927
0.05932	0.05303	0.04412
0.29545	0.29545	0.30435
0.10976	0.08459	0.09749
0.19231	0.1216	0.13356
0.07576	0.05426	0.07617
0.06944	0.01883	0.005
0.04167	0.04167	0.03571
0.0	0.0	0.0
0.1129	0.038	0.03328
0.32609	0.19007	0.17362
0.38667	0.37505	0.39024
0.0137	0.00177	0.0
0.22308	0.22308	0.21127
0.09677	0.02447	0.03229
0.02632	0.01486	0.02381
0.13636	0.0242	0.02554
0.37113	0.32896	0.33849
0.03922	0.00569	0.0
0.47	0.3581	0.37734
0.26562	0.12803	0.11684
0.26531	0.16063	0.12809
0.0	0.0	0.0
0.13187	0.13187	0.13462
0.21154	0.10425	0.11014
0.19355	0.04377	0.08606
0.40659	0.1429	0.13091
0.0	0.0	0.0
0.05263	0.03876	0.03578
0.22581	0.14571	0.18461
0.15888	0.13597	0.12963
0.06667	0.05505	0.05193
0.24194	0.19173	0.20588
0.22609	0.10238	0.11392
0.68852	0.67636	0.7027
0.17949	0.15715	0.14286
0.06329	0.03063	0.04589
0.11111	0.03369	0.04838
0.225	0.15767	0.12485
0.09639	0.05598	0.0502
0.27957	0.17447	0.14278
0.11268	0.07269	0.06373
0.61905	0.61905	0.61538
0.00901	0.00204	0.0
0.05682	0.0187	0.00527
0.3	0.16775	0.14777
0.26531	0.1679	0.19078
0.0	0.0	0.0
0.1134	0.08846	0.10437
0.10909	0.03053	0.03934
0.01923	0.00125	0.0
0.25333	0.15269	0.16723
0.0566	0.0414	0.03333
0.17391	0.10194	0.09857
0.01961	0.00253	0.0
0.61224	0.32853	0.33152
0.10526	0.07979	0.08063
0.35385	0.17374	0.16944
0.19149	0.13866	0.11352
0.44156	0.24635	0.20181
0.24074	0.17267	0.19748
0.06452	0.03098	0.04129
0.22727	0.21408	0.21622
0.18182	0.077	0.09008
0.2	0.10751	0.17445
0.26154	0.14591	0.11983
0.53846	0.31271	0.24896
0.08434	0.04314	0.03157
0.07447	0.01855	0.0226
0.04688	0.01766	0.03229
0.14563	0.0733	0.03116
0.1831	0.14675	0.14634
0.09091	0.03392	0.02249
0.325	0.22784	0.21722
0.14894	0.04907	0.03824
0.06818	0.06818	0.06522
0.04762	0.04762	0.04
0.06383	0.04633	0.05556
0.10606	0.08456	0.09678
0.49383	0.37199	0.43488
0.34177	0.21154	0.19985
0.29167	0.24127	0.25
0.07692	0.00996	0.01562
0.16867	0.16867	0.18182
0.47619	0.26376	0.24797
0.27381	0.19049	0.1761
0.04673	0.02653	0.01183
0.07463	0.03563	0.02778
0.21176	0.07859	0.08436
0.23684	0.08747	0.1033
0.31884	0.19217	0.15669
0.2459	0.16025	0.17362
0.08333	0.04838	0.04167
0.32143	0.17975	0.1865
0.30556	0.13354	0.06061
0.26984	0.1511	0.21886
0.19737	0.12138	0.11445
0.18667	0.18667	0.17073
0.3662	0.21042	0.2735
0.2561	0.181	0.19917
0.35714	0.25119	0.23823
0.0125	0.0125	0.02222
0.43902	0.22034	0.203
0.16071	0.0847	0.07595
0.25	0.138	0.14005
0.05455	0.03518	0.06911
0.31068	0.16411	0.15912
0.36765	0.17365	0.20838
0.31148	0.25702	0.24439
0.44715	0.33913	0.37609
0.12	0.05904	0.0582
0.65217	0.2497	0.21816
0.11579	0.11579	0.11111
0.29268	0.21716	0.20904
0.03636	0.02053	0.03333
0.26087	0.14659	0.13036
0.36047	0.27948	0.27166
0.25	0.1645	0.1226
0.47143	0.40233	0.43553
0.09302	0.03302	0.04841
0.32353	0.20115	0.19195
0.24324	0.14738	0.10757
0.11321	0.098	0.12121
0.18	0.10484	0.12464
0.20988	0.20988	0.17391
0.0	0.0	0.0
0.23276	0.15685	0.17966
0.0625	0.00873	0.00461
0.10078	0.0415	0.01849
0.19048	0.1526	0.15656
0.14286	0.09446	0.07056
0.23256	0.20255	0.20476
0.22222	0.12904	0.11788
0.65306	0.40555	0.44482
0.1791	0.08812	0.07189
0.04839	0.03331	0.03043
0.34091	0.30207	0.32
0.03061	0.00494	0.0
0.08247	0.0296	0.01936
0.05185	0.02701	0.01812
0.2	0.11022	0.08772
0.39189	0.30908	0.36024
0.2973	0.14257	0.14313
0.2437	0.14614	0.14721
0.03529	0.00949	0.00734
0.07937	0.04302	0.0625
0.07547	0.03836	0.04684
0.56716	0.31737	0.27606
0.13158	0.10272	0.11579
0.13333	0.02509	0.02192
0.05263	0.02093	0.03848
0.17333	0.17333	0.17073
0.04167	0.04167	0.0
0.41176	0.25749	0.25597
0.17647	0.16857	0.19643
0.18519	0.07887	0.09345
0.225	0.08628	0.1321
0.05495	0.03297	0.03537
0.07463	0.06163	0.05714
0.18987	0.14762	0.15169
0.17949	0.11497	0.09005
0.42593	0.30824	0.35991
0.1791	0.08237	0.05546
0.18421	0.10403	0.08531
0.20833	0.11965	0.12521
0.14815	0.14069	0.13115
0.11765	0.04808	0.07836
0.05556	0.02211	0.0
0.30303	0.2913	0.30952
0.06944	0.02331	0.00873
0.03077	0.00397	0.00349
0.04348	0.01543	0.02219
0.09434	0.05631	0.01775
0.28358	0.25856	0.26256
0.0979	0.05007	0.03663
0.17021	0.08238	0.08963
0.1	0.06084	0.06977
0.02	0.00581	0.00557
0.19512	0.05039	0.05381
0.25	0.14328	0.1476
0.49333	0.36733	0.39105
0.14286	0.05577	0.0847
0.18644	0.12468	0.14519
0.11538	0.10323	0.08333
0.02597	0.02597	0.02273
0.82014	0.67257	0.64081
0.27119	0.21105	0.18029
0.04545	0.02273	0.03097
0.04819	0.04819	0.0
0.16393	0.08359	0.07261
0.09639	0.06608	0.04693
0.20513	0.15138	0.17391
0.34328	0.15601	0.14563
0.05333	0.05333	0.04545
0.2093	0.2093	0.21277
0.22973	0.12818	0.12715
0.12121	0.06941	0.05263
0.52632	0.29718	0.31557
0.10204	0.02963	0.00719
0.34109	0.34109	0.34783
0.28261	0.17254	0.17085
0.08861	0.07472	0.06802
0.05085	0.05085	0.02941
0.19298	0.11774	0.10558
0.11628	0.06828	0.05355
0.31193	0.19506	0.19409
0.15789	0.14261	0.13333
0.21333	0.10171	0.07749
0.18182	0.11827	0.11828
0.22826	0.17884	0.1521
0.05263	0.03141	0.02564
0.34211	0.13586	0.11067
0.10526	0.06199	0.05993
0.07767	0.03883	0.02559
0.19048	0.0872	0.08431
0.0	0.0	0.0
0.1405	0.1277	0.13235
0.25893	0.16534	0.18129
0.4557	0.29482	0.29327
0.15238	0.07129	0.09179
0.05455	0.02345	0.03333
0.18103	0.15991	0.14443
0.12308	0.04218	0.06453
0.26471	0.13947	0.12077
0.0991	0.0709	0.05515
0.23664	0.22138	0.2
0.08333	0.07205	0.08183
0.05085	0.00547	0.00571
0.0	0.0	0.0
0.24096	0.18347	0.17922
0.13636	0.06112	0.07619
0.14667	0.08905	0.07452
0.13514	0.07759	0.08295
0.17757	0.08078	0.06242
0.04673	0.0392	0.0339
0.08434	0.07384	0.08
0.0885	0.0885	0.08197
0.20339	0.12193	0.11927
0.0	0.0	0.0
0.11364	0.07881	0.03427
0.17284	0.08285	0.05951
0.30303	0.24488	0.25193
0.18333	0.12797	0.15669
0.26984	0.13214	0.14567
0.24242	0.14794	0.1423
0.27273	0.16837	0.16045
0.43636	0.34901	0.33319
0.07018	0.04019	0.03226
0.0	0.0	0.0
0.01031	0.01031	0.0
0.26316	0.24787	0.26041
0.10294	0.04175	0.03227
0.16071	0.11464	0.13106
0.33721	0.14707	0.14392
0.0	0.0	0.0
0.02469	0.01433	0.0
0.36	0.27013	0.2773
0.08772	0.04585	0.05465
0.22951	0.10526	0.08997
0.05102	0.01679	0.0023
0.30476	0.20309	0.21667
0.29032	0.16963	0.15858
0.21905	0.15853	0.138
0.08696	0.04012	0.0507
0.14815	0.0729	0.07576
0.16216	0.12643	0.11521
0.28736	0.22026	0.22798
0.25352	0.16223	0.16524
0.16949	0.11481	0.11536
0.09375	0.05411	0.0742
0.63158	0.52891	0.54039
0.07447	0.03879	0.02009
0.09375	0.04536	0.01657
0.17284	0.08726	0.0934
0.42373	0.21712	0.26726
0.20833	0.15592	0.1487
0.15385	0.11953	0.11805
0.10843	0.08784	0.10552
0.04808	0.02327	0.02095
0.17164	0.10498	0.08757
0.14953	0.11909	0.12956
0.23438	0.23438	0.22857
0.21569	0.14264	0.13528
0.0	0.0	0.0
0.0875	0.05484	0.09046
0.01667	0.00753	0.0137
0.1	0.0636	0.05322
0.09278	0.04191	0.02524
0.20988	0.12509	0.12541
0.13333	0.107	0.12443
0.0098	0.0019	0.0
0.2549	0.08951	0.06898
0.04396	0.02021	0.01514
0.02532	0.01552	0.01064
0.14286	0.08589	0.08953
0.16495	0.12172	0.11262
0.17021	0.11394	0.15725
0.24576	0.13534	0.14613
0.30682	0.21153	0.20258
0.23729	0.07981	0.05847
0.17742	0.15739	0.15942
0.1625	0.11332	0.06528
0.0678	0.05441	0.03028
0.18889	0.0803	0.05598
0.30159	0.16079	0.19866
0.04918	0.02221	0.02941
0.01379	0.01379	0.01235
0.01754	0.00282	0.0
0.25263	0.12091	0.14233
0.07463	0.06307	0.05714
0.11712	0.093	0.08377
0.08633	0.05779	0.04542
0.20833	0.08739	0.07613
0.21805	0.1802	0.15872
0.32857	0.15254	0.14395
0.0	0.0	0.0
0.17757	0.13326	0.11183
0.125	0.03451	0.05095
0.11429	0.11429	0.11864
0.43038	0.34222	0.33802
0.13014	0.10163	0.06758
0.32258	0.30489	0.26923
0.11628	0.06451	0.06721
0.08547	0.07307	0.08189
0.37879	0.19458	0.22751
0.13953	0.08141	0.07483
0.06452	0.00935	0.0
0.44231	0.23081	0.28921
0.02941	0.0166	0.0
0.18519	0.06991	0.0871
0.05376	0.03919	0.00931
0.384	0.2986	0.3084
0.15957	0.09953	0.12844
0.03704	0.00717	0.00718
0.2875	0.18874	0.18609
0.06061	0.02152	0.02878
0.09722	0.05108	0.03576
0.05517	0.03849	0.04004
0.43182	0.34459	0.3945
0.16854	0.09063	0.1142
0.1619	0.07282	0.09179
0.0	0.0	0.0
0.35	0.20446	0.22791
0.30303	0.16654	0.17112
0.25197	0.17857	0.18485
0.35	0.29194	0.31739
0.09375	0.06586	0.05915
0.22059	0.18359	0.20679
0.1875	0.13661	0.11614
0.06557	0.02485	0.0
0.16667	0.0558	0.04541
0.10112	0.05763	0.05742
0.04082	0.02666	0.00793
0.4023	0.21917	0.23665
0.1875	0.07159	0.07552
0.0979	0.07219	0.05933
0.30108	0.18247	0.19361
0.37391	0.2177	0.22583
0.1129	0.08794	0.04329
0.125	0.09562	0.1
0.40351	0.21114	0.2011
0.12245	0.11059	0.12663
0.19697	0.12758	0.13813
0.0	0.0	0.0
0.02857	0.0212	0.01667
0.0	0.0	0.0
0.02083	0.01142	0.02108
0.41176	0.2445	0.20942
0.0	0.0	0.0
0.31646	0.19804	0.18773
0.41837	0.31701	0.33609
0.0	0.0	0.0
0.10833	0.06668	0.06805
0.08	0.03323	0.0288
0.2549	0.13094	0.14396
0.24176	0.09821	0.07843
0.22619	0.13749	0.14383
0.06944	0.04165	0.04668
0.12097	0.07052	0.07996
0.14943	0.08937	0.09275
0.03846	0.01778	0.02326
0.37209	0.33309	0.31162
0.05814	0.00976	0.00138
0.32	0.16455	0.19303
0.03279	0.01903	0.0
0.04032	0.01432	0.02516
0.16418	0.11797	0.10877
0.06452	0.04682	0.02703
0.29496	0.21514	0.23697
0.01316	0.01316	0.0
0.17692	0.14666	0.14249
0.14	0.06322	0.04058
0.11667	0.08763	0.06262
0.3125	0.1835	0.20106
0.0	0.0	0.0
0.12097	0.0635	0.0631
0.11	0.03614	0.03112
0.22835	0.12625	0.10877
0.15278	0.04394	0.03231
0.14865	0.10158	0.10423
0.13514	0.08893	0.08046
0.08696	0.02279	0.02437
0.06452	0.02756	0.0127
0.28333	0.15055	0.09871
0.22936	0.14087	0.10533
0.09302	0.04128	0.01552
0.24719	0.16926	0.21855
0.20312	0.11544	0.11197
0.51613	0.27419	0.35489
0.12903	0.10042	0.08669
0.25806	0.20365	0.20055
0.08772	0.08093	0.06452
0.04878	0.04249	0.04444
0.09639	0.03266	0.02457
0.21233	0.18361	0.19356
0.24444	0.14984	0.13031
0.5	0.38255	0.37065
0.168	0.11562	0.10674
0.18182	0.08652	0.09872
0.63971	0.63378	0.61333
0.03614	0.02643	0.02273
0.04808	0.02327	0.02095
0.12195	0.10831	0.1194
0.11382	0.07972	0.08858
0.29605	0.23749	0.27062
0.33019	0.33019	0.32258
0.23585	0.22855	0.2
0.11111	0.09252	0.10127
0.41935	0.35535	0.31215
0.34118	0.34118	0.33333
0.0	0.0	0.0
0.25	0.10545	0.09278
0.12766	0.05422	0.03538
0.37705	0.19307	0.19792
0.23636	0.23636	0.21875
0.175	0.11048	0.13495
0.04688	0.02016	0.0
0.0303	0.00685	0.0
0.09375	0.04536	0.01657
0.07	0.02549	0.02009
0.09756	0.04249	0.04516
0.0	0.0	0.0
0.14516	0.09003	0.11292
0.19298	0.17204	0.20866
0.22414	0.21608	0.23177
0.44737	0.18766	0.15541
0.4717	0.21672	0.20217
0.03846	0.00931	0.01268
0.0339	0.00931	0.01042
0.04478	0.03178	0.02778
0.5	0.347	0.31858
0.24658	0.13788	0.12827
0.14925	0.03322	0.03675
0.42857	0.36177	0.41684
0.05455	0.03518	0.06911
0.14754	0.09677	0.07259
0.0431	0.02226	0.02135
0.11765	0.05822	0.07029
0.09924	0.08816	0.08087
0.13934	0.08093	0.09225
0.23457	0.11272	0.09322
0.34091	0.25956	0.22935
0.17241	0.11867	0.13264
0.30263	0.18042	0.18431
0.05357	0.00923	0.0
0.14667	0.05937	0.06927
0.22222	0.15593	0.10716
0.23438	0.12755	0.10551
0.14474	0.04543	0.02522
0.22727	0.21506	0.23411
0.02083	0.00135	0.0
0.14516	0.05153	0.04338
0.32653	0.26006	0.26807
0.25301	0.14148	0.14122
0.22353	0.10856	0.09541
0.22	0.16322	0.1799
0.01667	0.00377	0.0
0.11966	0.10726	0.11266
0.2268	0.14934	0.14253
0.29688	0.28428	0.28947
0.11111	0.04602	0.07341
0.26415	0.16283	0.18245
0.33333	0.32975	0.30303
0.02326	0.00374	0.0
0.43333	0.32656	0.31276
0.08065	0.0385	0.05914
0.11765	0.06262	0.05603
0.05714	0.0318	0.02564
0.14458	0.09251	0.0707
0.02041	0.02041	0.01818
0.03571	0.03571	0.0
0.16854	0.11019	0.09747
0.11392	0.11392	0.12195
0.14103	0.12986	0.13636
0.33333	0.16302	0.17042
0.13235	0.10082	0.10697
0.26891	0.17785	0.15415
0.28571	0.2042	0.14146
0.26154	0.17072	0.15503
0.05063	0.01675	0.00422
0.03947	0.01739	0.02381
0.1129	0.0726	0.06454
0.32292	0.22851	0.21838
0.14754	0.05659	0.07624
0.16379	0.06675	0.06303
0.05556	0.05556	0.03571
0.33871	0.22737	0.20283
0.08791	0.08791	0.09804
0.17647	0.14928	0.14718
0.22388	0.14348	0.12186
0.23077	0.16377	0.14286
0.325	0.20686	0.22991
0.44262	0.38974	0.42742
0.59091	0.37929	0.37252
0.58025	0.36005	0.30578
0.11111	0.10075	0.09524
0.14516	0.14516	0.15152
0.29126	0.16946	0.17928
0.10976	0.09245	0.09086
0.0	0.0	0.0
0.21212	0.10998	0.09264
0.37681	0.21648	0.12246
0.1746	0.13414	0.11111
0.1625	0.06936	0.05477
0.28889	0.17351	0.17296
0.19328	0.14314	0.14203
0.36709	0.24994	0.23529
0.11429	0.02214	0.02379
0.06452	0.00935	0.0
0.09091	0.04523	0.04574
0.07018	0.04246	0.03852
0.30769	0.26056	0.23832
0.35821	0.28073	0.26975
0.11957	0.11221	0.11765
0.16393	0.07349	0.10247
0.32	0.26324	0.28793
0.28571	0.23043	0.26427
0.09375	0.03277	0.04097
0.18667	0.09423	0.07116
0.23404	0.127	0.13981
0.11765	0.0329	0.04096
0.18644	0.10061	0.07403
0.02857	0.00369	0.0
0.0678	0.01476	0.00806
0.06383	0.04633	0.05556
0.23214	0.11695	0.12
0.02564	0.02564	0.04651
0.17172	0.07366	0.08314
0.44211	0.38371	0.38591
0.0	0.0	0.0
0.12766	0.07619	0.07815
0.23077	0.20844	0.19048
0.33333	0.16826	0.18554
0.31313	0.26621	0.2425
0.09756	0.04249	0.04516
0.125	0.0605	0.07407
0.16279	0.12679	0.11455
0.0	0.0	0.0
0.11667	0.01508	0.00433
0.28125	0.15275	0.12631
0.46552	0.35652	0.31782
0.2027	0.09677	0.0842
0.16393	0.16393	0.15625
0.25225	0.17583	0.15617
0.38272	0.32935	0.35485
0.0	0.0	0.0
0.19672	0.13803	0.12906
0.22642	0.13577	0.13219
0.17355	0.14024	0.14542
0.09259	0.02987	0.06856
0.10169	0.05414	0.05014
0.125	0.09679	0.06883
0.31818	0.15203	0.11995
0.08065	0.02653	0.00339
0.22222	0.15567	0.19453
0.34884	0.2303	0.22212
0.0	0.0	0.0
0.14876	0.08879	0.07175
0.37288	0.1679	0.16317
0.0	0.0	0.0
0.37736	0.25081	0.243
0.15385	0.13441	0.13907
0.79747	0.58394	0.55205
0.2807	0.21735	0.20647
0.19231	0.10425	0.11017
0.27778	0.12762	0.11459
0.35802	0.29114	0.2677
0.39189	0.34439	0.35035
0.31707	0.15502	0.11967
0.31818	0.17695	0.15879
0.04412	0.03274	0.02564
0.04688	0.01967	0.0
0.10938	0.0605	0.04556
0.01639	0.00211	0.0
0.01923	0.00125	0.00232
0.14286	0.08929	0.08585
0.3125	0.12633	0.06672
0.19355	0.08119	0.07824
0.1375	0.09559	0.12773
0.32653	0.24096	0.227
0.06757	0.06757	0.07143
0.06977	0.04202	0.02421
0.20312	0.13105	0.163
0.01923	0.00125	0.0
0.02273	0.01245	0.02192
0.30882	0.20447	0.19439
0.22222	0.13353	0.1629
0.22857	0.17517	0.13321
0.12676	0.09497	0.10544
0.08451	0.02908	0.0097
0.20755	0.1111	0.12651
0.08955	0.07655	0.05714
0.15625	0.10181	0.13282
0.05128	0.02895	0.04909
0.08955	0.05104	0.02778
0.21333	0.09724	0.11585
0.22034	0.10498	0.11239
0.30303	0.14046	0.16734
0.03922	0.00506	0.00478
0.18182	0.077	0.09008
0.05128	0.04177	0.04651
0.04819	0.02799	0.02273
0.30645	0.20089	0.1683
0.1828	0.12592	0.0981
0.3964	0.30368	0.27762
0.07246	0.03506	0.05263
0.34426	0.30567	0.32353
0.38462	0.24731	0.20061
0.05556	0.02778	0.01405
0.18605	0.1643	0.16667
0.22222	0.17156	0.17329
0.19737	0.12267	0.12515
0.10843	0.05635	0.06453
0.12766	0.03504	0.01915
0.15714	0.03689	0.02076
0.42593	0.22585	0.20872
0.29825	0.18961	0.15917
0.08197	0.04072	0.02941
0.0	0.0	0.0
0.06897	0.03948	0.03321
0.07692	0.02318	0.04348
0.12766	0.05766	0.07815
0.01562	0.00353	0.0
0.23529	0.1319	0.13651
0.48276	0.30931	0.23483
0.41667	0.26508	0.241
0.07692	0.03392	0.0
0.29167	0.22583	0.20388
0.20635	0.11367	0.11561
0.25316	0.09434	0.13198
0.26471	0.14327	0.15791
0.01316	0.00339	0.0
0.16667	0.06691	0.11494
0.03774	0.02191	0.0
0.17742	0.05985	0.06832
0.06897	0.04616	0.02184
0.03125	0.03125	0.03846
0.13462	0.09027	0.09045
0.20667	0.11807	0.10494
0.1831	0.10361	0.12992
0.18182	0.0792	0.07706
0.21805	0.18991	0.2303
0.18519	0.16248	0.13213
0.2	0.09074	0.08757
0.056	0.01317	0.01773
0.05085	0.00493	0.00433
0.10976	0.02912	0.01896
0.14634	0.0708	0.01759
0.0303	0.01759	0.0
0.31884	0.22487	0.23408
0.2	0.16631	0.13292
0.27368	0.24721	0.24433
0.36842	0.31975	0.28528
0.02273	0.01245	0.02192
0.08621	0.05784	0.06868
0.12766	0.10777	0.11538
0.20779	0.11523	0.13281
0.15596	0.09826	0.08619
0.23377	0.11943	0.11705
0.27273	0.15302	0.11721
0.0	0.0	0.0
0.0	0.0	0.0
0.0678	0.00658	0.00406
0.07463	0.04887	0.06495
0.09302	0.04128	0.01552
0.07937	0.04762	0.07411
0.50704	0.36258	0.35895
0.26786	0.17918	0.1796
0.2541	0.1756	0.15594
0.13924	0.09433	0.09986
2.72727	2.41214	2.43017
0.53571	0.35143	0.37103
0.04286	0.00461	0.00473
0.31746	0.18229	0.14786
0.05455	0.0346	0.03225
0.09804	0.05271	0.05019
0.0	0.0	0.0
0.01667	0.00377	0.0
0.46154	0.40695	0.38235
0.18045	0.1174	0.1323
0.18	0.13517	0.13724
0.23944	0.18675	0.20227
0.21429	0.12445	0.11761
0.45783	0.25422	0.25164
0.2029	0.13138	0.10808
0.23077	0.12908	0.12686
0.25	0.16936	0.17819
0.02632	0.01486	0.02381
0.15789	0.15789	0.15556
0.23256	0.20857	0.21109
0.18421	0.10953	0.14355
0.08955	0.06355	0.05556
0.22917	0.18079	0.16635
0.14085	0.07544	0.0779
0.0	0.0	0.0
0.14583	0.14583	0.11538
0.21739	0.19846	0.20833
0.31897	0.21748	0.21977
0.34615	0.32817	0.25232
0.14634	0.14634	0.16667
0.15929	0.08508	0.09626
0.43478	0.22728	0.24381
0.04098	0.02591	0.03272
0.30952	0.12213	0.11996
0.025	0.025	0.02439
0.10256	0.06947	0.06818
0.32609	0.28963	0.28
0.2549	0.13094	0.14396
0.41176	0.19434	0.1915
0.13235	0.11006	0.1177
0.11905	0.09215	0.09889
0.02273	0.02273	0.02817
0.07407	0.02628	0.00403
0.02857	0.01797	0.02326
0.25	0.14585	0.1183
0.21687	0.08787	0.08337
0.3	0.2484	0.26997
0.08642	0.02151	0.02756
0.21154	0.11229	0.08455
0.19608	0.17775	0.20217
0.37143	0.17793	0.18235
0.09375	0.05545	0.059
0.08571	0.06175	0.05025
0.53684	0.45095	0.39503
0.1068	0.07674	0.07405
0.03571	0.03571	0.0
0.18033	0.12218	0.11983
0.09524	0.0804	0.07895
0.04	0.02753	0.025
0.175	0.10083	0.12379
0.21053	0.10019	0.12703
0.10417	0.10417	0.07143
0.04651	0.027	0.0
0.30508	0.1668	0.20253
0.12963	0.06454	0.0355
0.09524	0.05275	0.06094
0.6129	0.31639	0.2205
0.07895	0.03905	0.03677
0.01562	0.00102	0.00191
0.20513	0.17701	0.15009
0.03947	0.01739	0.02381
0.35849	0.29642	0.29839
0.16667	0.12958	0.12169
0.03846	0.03846	0.02273
0.23423	0.19443	0.22429
0.38596	0.37068	0.4
0.18519	0.12187	0.11407
0.31707	0.26041	0.25805
0.46296	0.27063	0.23088
0.1236	0.06127	0.07196
0.03226	0.01873	0.0
0.04762	0.01352	0.00439
0.10227	0.09311	0.08333
0.28409	0.22067	0.21288
0.08571	0.07604	0.06113
0.61765	0.38056	0.38983
0.20635	0.14902	0.16132
0.0678	0.04212	0.05244
0.14815	0.06872	0.07743
0.05797	0.04535	0.02703
0.13043	0.09398	0.10552
0.22857	0.11523	0.10968
0.27419	0.1686	0.15468
0.27027	0.12559	0.10168
0.16667	0.0855	0.07591
0.44444	0.22763	0.25184
0.10484	0.05802	0.05172
0.23134	0.17407	0.19111
0.29167	0.19825	0.232
0.38333	0.33443	0.35782
0.05172	0.02114	0.00203
0.02222	0.0129	0.0
0.26437	0.14721	0.14547
0.2521	0.17187	0.16755
0.07353	0.06215	0.05128
0.20253	0.1221	0.12679
0.0339	0.01968	0.0
0.26786	0.231	0.22278
0.03922	0.02847	0.0
0.07018	0.04019	0.03226
0.31148	0.16925	0.207
0.20952	0.17666	0.18754
0.10236	0.0955	0.10145
0.09091	0.04751	0.03333
0.0	0.0	0.0
0.03947	0.01739	0.02381
0.01087	0.00175	0.0
0.13433	0.07176	0.05295
4.40909	4.29182	4.25
0.0	0.0	0.0
0.33333	0.17527	0.18026
0.06818	0.02091	0.02219
0.16901	0.09315	0.09682
0.24272	0.18699	0.19011
0.13924	0.08249	0.08389
0.09091	0.02816	0.0021
0.06667	0.02832	0.02173
0.33333	0.31829	0.25292
0.07246	0.03506	0.05263
0.0	0.0	0.0
0.19608	0.13729	0.13103
0.29167	0.14519	0.13017
0.67742	0.45635	0.36561
0.06897	0.03895	0.03328
0.2	0.13012	0.15669
0.5	0.28067	0.26716
0.325	0.2613	0.24904
0.22449	0.14947	0.19639
0.5	0.37434	0.38404
0.17172	0.07366	0.08314
0.0	0.0	0.0
0.11486	0.05733	0.05895
0.08642	0.0671	0.0696
0.38889	0.33694	0.3793
0.04545	0.04545	0.04348
0.11538	0.04842	0.0501
0.12658	0.06737	0.06221
0.04348	0.0318	0.03411
0.14286	0.0844	0.12003
0.0	0.0	0.0
0.72	0.43104	0.43409
0.22727	0.18915	0.18505
0.4186	0.25809	0.2826
0.08036	0.03803	0.0465
0.13699	0.09412	0.11407
0.03509	0.03282	0.03125
0.07317	0.0118	0.0
0.18447	0.10429	0.09951
0.17172	0.12155	0.11175
0.09821	0.04118	0.02736
0.13953	0.05553	0.02958
0.22619	0.16017	0.12033
0.11304	0.05695	0.08317
0.16667	0.09573	0.11385
0.06897	0.01002	0.01412
0.19403	0.10666	0.09551
0.17708	0.11157	0.09619
0.03086	0.01195	0.01342
0.06716	0.05249	0.04533
0.0	0.0	0.0
0.18557	0.10775	0.12778
0.0566	0.0073	0.0
0.13953	0.06628	0.0777
0.04	0.0142	0.01902
0.16949	0.08697	0.09781
0.4086	0.31982	0.28415
0.35088	0.18565	0.2119
0.35088	0.23432	0.18679
0.375	0.21371	0.22284
0.12346	0.06731	0.07884
0.31683	0.2421	0.24824
0.22436	0.12056	0.13516
0.12048	0.06724	0.06518
0.10345	0.05784	0.0625
0.01613	0.00521	0.00923
0.16304	0.0456	0.04018
0.1375	0.1375	0.13333
0.05155	0.03592	0.02405
0.25	0.20911	0.20916
0.26667	0.09412	0.10073
0.02778	0.02778	0.02381
0.02778	0.00493	0.00322
0.28571	0.23603	0.23432
0.41935	0.23569	0.25809
0.07317	0.0366	0.009
0.11429	0.10323	0.08333
0.43836	0.25411	0.21048
0.59184	0.28445	0.27004
0.0	0.0	0.0
0.20408	0.14416	0.14219
0.0	0.0	0.0
0.12371	0.05223	0.08351
0.39024	0.22269	0.23601
0.25564	0.19671	0.18969
0.25962	0.1548	0.12853
0.47126	0.40454	0.42506
0.10317	0.03123	0.01479
0.26087	0.22581	0.22146
0.2069	0.18955	0.18998
0.21212	0.15373	0.15915
0.03704	0.01553	0.0028
0.175	0.175	0.19048
0.09184	0.05564	0.05489
0.13559	0.0481	0.06452
0.20635	0.12492	0.08692
0.05426	0.03351	0.04225
0.11111	0.03093	0.02233
0.40496	0.26984	0.26678
0.0	0.0	0.0
0.12121	0.08015	0.06705
0.06579	0.01911	0.02536
0.37805	0.20461	0.2086
0.01852	0.00598	0.01077
0.11017	0.05303	0.0424
0.18421	0.11914	0.10788
0.0	0.0	0.0
0.18919	0.08286	0.07988
0.26154	0.18709	0.16801
0.07071	0.02704	0.03341
0.05063	0.01675	0.00422
0.16049	0.0693	0.03227
0.0	0.0	0.0
0.10256	0.01531	0.00751
0.12121	0.05524	0.03142
0.14953	0.08804	0.1135
0.2625	0.2625	0.24444
0.17647	0.07026	0.05226
0.12727	0.04516	0.07604
0.27	0.13809	0.18193
0.19767	0.06941	0.07933
0.1	0.0642	0.06221
0.07874	0.04217	0.04056
0.22835	0.22174	0.21622
0.04938	0.04938	0.04444
0.21111	0.08854	0.08035
0.25455	0.10622	0.06962
0.16901	0.07454	0.05666
0.14103	0.07114	0.08553
0.056	0.01317	0.01773
0.03922	0.03922	0.03571
0.29508	0.25385	0.26474
0.09756	0.02637	0.011
0.21875	0.21875	0.21154
0.04615	0.03275	0.02778
0.2963	0.14937	0.11294
0.0	0.0	0.0
0.26761	0.16448	0.18412
0.17007	0.07947	0.08411
0.03571	0.02362	0.01042
0.16949	0.07492	0.08166
0.17708	0.17708	0.16667
0.10294	0.06523	0.06659
0.07759	0.042	0.03674
0.0	0.0	0.0
0.12121	0.04305	0.02958
0.14286	0.10023	0.07056
0.35484	0.23576	0.17977
0.11628	0.07428	0.08333
0.16379	0.10263	0.11366
0.22	0.11003	0.11661
0.10714	0.10714	0.13636
0.0241	0.00545	0.0
0.02326	0.00337	0.0
0.40385	0.22837	0.18945
0.12371	0.09378	0.08564
0.56863	0.26508	0.22476
0.28283	0.15512	0.16698
0.18947	0.13786	0.16008
0.24786	0.22609	0.23437
0.2561	0.12551	0.14816
0.30556	0.20476	0.16286
0.35417	0.17812	0.16134
0.2125	0.1351	0.11705
0.01449	0.00468	0.00897
0.1875	0.1267	0.13281
0.18919	0.14009	0.15311
0.03226	0.03226	0.02857
0.05319	0.01888	0.0213
0.06061	0.04789	0.02857
0.12174	0.08219	0.0703
0.23636	0.17362	0.16339
0.36735	0.17217	0.19686
0.05607	0.0407	0.0339
0.3662	0.22901	0.22663
0.48611	0.44221	0.46605
0.07692	0.04467	0.0502
0.3	0.26303	0.2541
0.40625	0.36997	0.3627
0.14384	0.09082	0.09719
0.51351	0.38189	0.41645
0.14035	0.09339	0.09677
0.06977	0.0305	0.01677
0.0	0.0	0.0
0.12329	0.07115	0.07988
0.125	0.07882	0.06912
0.21495	0.12091	0.1215
0.2931	0.23028	0.17838
0.16418	0.10931	0.08603
0.35043	0.22088	0.22283
0.0	0.0	0.0
0.29412	0.16294	0.1434
0.22449	0.19816	0.22914
0.40449	0.39399	0.4299
0.01695	0.0011	0.0
0.3913	0.26836	0.27986
0.14563	0.05577	0.05936
0.15254	0.12631	0.0303
0.26	0.17011	0.13738
0.15873	0.08652	0.10884
0.29231	0.12405	0.16812
0.33	0.17424	0.16707
0.10989	0.05035	0.0523
0.14286	0.07904	0.08516
0.11864	0.07163	0.04744
0.31818	0.14959	0.16626
0.1358	0.04381	0.06524
0.18803	0.09844	0.08017
0.54902	0.51235	0.471
0.10577	0.05802	0.07923
0.05952	0.03955	0.04444
0.19318	0.16864	0.16578
0.03922	0.00949	0.01268
0.10843	0.08667	0.06521
0.06579	0.01911	0.02536
0.04762	0.00738	0.0011
0.10811	0.0619	0.05195
0.2	0.10863	0.12263
0.08	0.0426	0.07942
0.12791	0.04616	0.04977
0.13636	0.06776	0.07016
0.17778	0.16953	0.18
0.05263	0.05263	0.04348
0.18018	0.09389	0.12344
0.51678	0.4003	0.37397
0.04615	0.02928	0.01999
0.11184	0.09126	0.09104
0.25806	0.11654	0.07944
0.16667	0.16667	0.17857
0.21359	0.11963	0.10388
0.4	0.24582	0.21051
0.02	0.00581	0.00557
0.07339	0.01362	0.01197
0.06742	0.02683	0.04478
0.16822	0.11246	0.1117
0.11594	0.05191	0.03054
0.23611	0.13889	0.12039
0.0	0.0	0.0
0.02857	0.00308	0.00323
0.06803	0.03797	0.03905
0.00685	0.00133	0.00246
0.01408	0.00227	0.0
0.15714	0.0742	0.04032
0.18056	0.08157	0.11805
0.04545	0.03324	0.03411
0.24731	0.24731	0.22222
0.48052	0.42691	0.42912
0.56296	0.4681	0.47511
0.06061	0.02152	0.02878
0.06667	0.03257	0.02134
0.36082	0.24977	0.24674
0.16667	0.11038	0.07843
0.09709	0.05044	0.04171
0.10714	0.06855	0.10384
0.04494	0.03734	0.02646
0.28571	0.18478	0.21009
0.04412	0.03392	0.03226
0.05333	0.05333	0.04545
0.13194	0.12052	0.12658
0.23077	0.17726	0.20875
0.15315	0.10433	0.09939
0.17544	0.09961	0.10513
0.34146	0.20266	0.16765
0.11765	0.09278	0.08029
0.25806	0.2071	0.18644
0.11475	0.06821	0.07078
0.17045	0.1261	0.1414
0.10833	0.09007	0.08619
0.21667	0.07798	0.04268
0.0	0.0	0.0
0.22414	0.11626	0.09261
0.32258	0.13324	0.11294
0.0	0.0	0.0
0.01961	0.00822	0.01309
0.04225	0.04225	0.04878
0.16901	0.11585	0.09182
0.13605	0.1218	0.11461
0.12162	0.08457	0.06121
0.09302	0.03302	0.04841
0.14286	0.08755	0.11694
0.17778	0.04302	0.01036
0.15	0.08468	0.09677
0.16	0.06774	0.051
0.07576	0.02542	0.03653
0.0	0.0	0.0
0.13514	0.08255	0.09407
0.1	0.03776	0.02321
0.0	0.0	0.0
0.07865	0.03987	0.04188
0.12121	0.07332	0.08682
0.04255	0.04255	0.04167
0.03797	0.00654	0.00151
0.42105	0.34468	0.32991
0.23529	0.20968	0.20833
0.03509	0.03509	0.03333
0.14118	0.05542	0.0625
0.13559	0.08914	0.08872
0.09756	0.02637	0.011
0.21277	0.15033	0.14853
0.05634	0.03499	0.0362
0.45455	0.32114	0.28886
0.10417	0.10417	0.07143
0.10714	0.08564	0.08296
0.36765	0.31263	0.33056
0.2093	0.14067	0.14181
0.15556	0.11687	0.11788
0.01149	0.0026	0.0
0.11364	0.07845	0.08
0.39623	0.21851	0.22482
0.07767	0.05231	0.04918
0.06957	0.02974	0.02978
0.40678	0.30624	0.2559
0.33333	0.29197	0.28741
0.33333	0.29197	0.28741
0.11111	0.09498	0.06868
0.39785	0.25741	0.27713
0.01613	0.00208	0.00391
0.22619	0.15018	0.148
0.12222	0.07634	0.08822
0.09091	0.02557	0.038
0.0	0.0	0.0
0.40816	0.22716	0.26048
0.33333	0.21916	0.20779
0.07843	0.02404	0.05458
0.16456	0.13557	0.11293
0.24096	0.11353	0.10915
0.14286	0.1037	0.10132
0.41463	0.20141	0.18238
0.01031	0.01031	0.0
0.17722	0.13803	0.13057
0.18018	0.17233	0.16129
0.12987	0.07627	0.09093
0.13043	0.10239	0.10337
0.23729	0.16405	0.1506
0.02985	0.02263	0.04331
0.16505	0.12434	0.12313
0.06557	0.03861	0.03136
0.0381	0.0301	0.01639
0.0	0.0	0.0
0.07407	0.02628	0.00403
0.10227	0.05682	0.0707
0.26415	0.18381	0.14238
0.0	0.0	0.0
0.07407	0.04481	0.07257
0.50633	0.28099	0.27007
0.21519	0.13556	0.16409
0.04167	0.04167	0.0
0.20635	0.1321	0.09856
0.19231	0.10485	0.08223
0.2	0.2	0.21951
0.2381	0.19356	0.15542
0.26984	0.16132	0.14291
0.25397	0.12033	0.15411
0.21154	0.21154	0.19355
0.15854	0.11016	0.08889
0.06452	0.00626	0.00371
0.08491	0.03044	0.03623
0.41096	0.19137	0.18355
0.2	0.11862	0.13091
0.15493	0.09314	0.107
0.04	0.03011	0.02381
0.26374	0.229	0.237
0.03226	0.00677	0.00554
0.02326	0.00337	0.0
0.24074	0.1625	0.15087
0.08197	0.08197	0.05882
0.03571	0.02362	0.01042
0.04	0.04	0.04878
0.49123	0.39956	0.3506
0.07273	0.03051	0.04787
0.26786	0.12389	0.08572
0.03604	0.01192	0.00313
0.20635	0.10346	0.12241
0.2069	0.198	0.16
0.02597	0.01508	0.0
0.07018	0.02604	0.00782
0.08696	0.03554	0.03062
0.01149	0.0026	0.0
0.0991	0.07701	0.05085
0.23585	0.12055	0.1096
0.40845	0.20406	0.19124
0.08642	0.03267	0.03298
0.07692	0.06855	0.07143
0.08219	0.02299	0.02912
0.08197	0.04284	0.02857
0.14706	0.09299	0.07847
0.05952	0.03955	0.04444
0.01613	0.00365	0.0
0.26087	0.1452	0.1278
0.44348	0.30297	0.32356
0.26829	0.166	0.20719
0.08772	0.02716	0.03226
0.08571	0.03041	0.04245
0.25	0.11021	0.07231
0.21127	0.08134	0.0669
0.12245	0.12245	0.12903
0.06897	0.05395	0.06868
0.22535	0.16356	0.17073
0.19048	0.12096	0.13442
0.08511	0.05011	0.03774
0.48649	0.28686	0.29355
0.01639	0.00211	0.0
0.38596	0.21905	0.21172
0.20635	0.09732	0.06455
0.0122	0.00196	0.0
0.13699	0.12505	0.10071
0.16949	0.08366	0.10303
0.25806	0.14831	0.13172
0.05882	0.01962	0.02132
0.0404	0.03096	0.03688
0.07143	0.04871	0.03802
0.3642	0.36041	0.37788
0.26582	0.18743	0.17847
0.17333	0.13721	0.18182
0.16364	0.09913	0.09981
0.26087	0.26087	0.28
0.19565	0.19565	0.19231
0.26957	0.15206	0.14166
0.21212	0.12612	0.17489
0.09589	0.07247	0.07692
0.05769	0.02854	0.01268
0.12698	0.05429	0.05736
0.05085	0.00547	0.00571
0.42857	0.27962	0.31269
0.06522	0.05575	0.0625
0.3	0.21293	0.23608
0.13115	0.08144	0.07259
0.0396	0.0396	0.03571
0.10092	0.05386	0.03747
0.54386	0.35037	0.29541
0.07586	0.04739	0.04132
0.08065	0.05306	0.02941
0.06604	0.02557	0.03623
0.21053	0.15112	0.14637
0.17442	0.0443	0.04774
0.04301	0.01423	0.02341
0.85185	0.472	0.39519
0.06122	0.02963	0.04493
0.27848	0.21438	0.20018
0.08163	0.00792	0.00959
0.67568	0.41068	0.44586
0.11667	0.08763	0.06262
0.05495	0.02871	0.02544
0.08696	0.06241	0.07885
0.12658	0.06492	0.04874
0.09722	0.03765	0.05462
0.16667	0.11599	0.14077
0.26829	0.21006	0.20796
0.12121	0.06965	0.06861
0.14563	0.06517	0.03116
0.2027	0.1042	0.12326
0.12281	0.05095	0.03448
0.55844	0.30717	0.3122
0.12	0.08431	0.09532
0.38235	0.32543	0.34089
0.15663	0.15663	0.15556
0.03175	0.0169	0.02632
0.28205	0.26137	0.26805
0.20561	0.15858	0.19508
0.0	0.0	0.0
0.07143	0.04517	0.05668
0.09565	0.07883	0.06933
0.05556	0.02796	0.02041
0.08955	0.02697	0.01361
0.51351	0.3967	0.35005
0.17391	0.11503	0.15453
0.13559	0.09788	0.05244
0.0	0.0	0.0
0.18605	0.10656	0.08333
0.03704	0.01972	0.03571
0.19277	0.1104	0.07483
0.11905	0.07527	0.08231
0.02727	0.02024	0.01724
0.30508	0.28164	0.271
0.17544	0.17544	0.15625
0.39785	0.30768	0.31887
0.22727	0.15544	0.13076
0.36486	0.15657	0.15688
0.25275	0.15599	0.13817
0.30108	0.28616	0.25931
0.08824	0.05148	0.04257
0.05102	0.02468	0.03636
0.16393	0.06664	0.06832
0.13514	0.07676	0.03533
0.11364	0.06527	0.0755
0.0125	0.0125	0.02222
0.22222	0.15054	0.12904
0.31915	0.23817	0.2313
0.0	0.0	0.0
0.0	0.0	0.0
0.07792	0.05069	0.04126
0.15217	0.1066	0.09988
0.37	0.27843	0.28855
0.05882	0.00856	0.0031
0.22951	0.15072	0.13509
0.0	0.0	0.0
0.55072	0.41658	0.45469
0.09449	0.05893	0.03974
0.14815	0.12665	0.13333
0.21	0.10003	0.08389
0.16912	0.11386	0.11606
0.07407	0.00916	0.00718
0.21053	0.14263	0.15645
0.42276	0.24471	0.24841
0.14894	0.11326	0.12771
0.41176	0.3694	0.39547
0.0597	0.03515	0.02857
0.03077	0.00495	0.0
0.05479	0.05479	0.07143
0.13559	0.04593	0.03606
0.0	0.0	0.0
0.0303	0.00555	0.0
0.61538	0.4529	0.447
0.09375	0.03277	0.04097
0.06329	0.02124	0.00151
0.37037	0.23841	0.30212
0.26667	0.18497	0.14709
0.0	0.0	0.0
0.41558	0.37914	0.37098
0.16	0.07294	0.05263
0.13913	0.07995	0.08766
0.07143	0.02939	0.01312
0.26531	0.26531	0.23077
0.18519	0.10953	0.1181
0.27632	0.19821	0.17405
0.1875	0.13104	0.12071
0.0	0.0	0.0
0.23214	0.13941	0.14416
0.07527	0.03746	0.03384
0.18478	0.06384	0.05598
0.11111	0.07379	0.08251
0.21053	0.09342	0.07773
0.11429	0.06177	0.06963
0.02941	0.01091	0.01736
0.39	0.28356	0.29979
0.37037	0.2987	0.30041
0.17391	0.13652	0.14069
0.43939	0.27029	0.26997
0.24638	0.17206	0.16898
0.12821	0.05541	0.08835
0.09434	0.07426	0.06667
0.25581	0.1846	0.207
0.22093	0.12978	0.10819
0.25424	0.11758	0.12621
0.13934	0.08805	0.10669
0.03279	0.00213	0.00371
0.10959	0.07381	0.08263
0.05	0.0199	0.03125
0.09375	0.01664	0.01937
0.26667	0.16669	0.16529
0.0	0.0	0.0
0.24419	0.19319	0.21373
0.0303	0.00439	0.0
0.2619	0.18396	0.18496
0.2439	0.11488	0.08192
0.2807	0.18168	0.22973
0.21212	0.1955	0.20203
0.09677	0.04111	0.037
0.23529	0.1006	0.11473
0.09302	0.0679	0.07373
0.14433	0.14433	0.18182
0.39474	0.25471	0.30729
0.0	0.0	0.0
0.04545	0.00489	0.00554
0.05634	0.02046	0.011
0.1746	0.1746	0.17143
0.01493	0.00337	0.0
0.07576	0.06794	0.06369
0.31343	0.20558	0.17203
0.05405	0.04228	0.025
0.11828	0.10475	0.09354
0.17778	0.12353	0.12305
0.4375	0.31294	0.359
0.03922	0.00949	0.01268
0.35294	0.35294	0.3
0.11765	0.09299	0.07692
0.0	0.0	0.0
0.2	0.03043	0.01615
0.03175	0.00563	0.0
0.08642	0.02551	0.03084
0.5	0.469	0.44243
0.1125	0.10081	0.08696
0.32759	0.2336	0.22309
0.09195	0.03153	0.02341
0.17391	0.13652	0.17697
0.19118	0.11437	0.05932
0.28358	0.23425	0.23983
0.1875	0.11454	0.10684
0.09859	0.04318	0.04387
0.28571	0.22525	0.22684
0.02083	0.00135	0.00224
0.34118	0.20839	0.19069
0.32759	0.24972	0.24145
0.1165	0.04418	0.05304
0.40541	0.41151	0.40909
0.3125	0.15673	0.15957
0.09524	0.07298	0.0463
0.05319	0.01888	0.0213
0.31325	0.24839	0.25271
0.27419	0.16132	0.13353
0.29565	0.15906	0.17126
0.0	0.0	0.0
0.01923	0.00248	0.0
0.03279	0.03279	0.02857
0.18293	0.1432	0.14705
0.30508	0.10061	0.08369
0.0	0.0	0.0
0.12121	0.04305	0.02958
0.14286	0.14286	0.18182
0.14894	0.09677	0.11538
0.35616	0.23775	0.212
0.02439	0.00551	0.0
0.15517	0.07177	0.07261
0.12281	0.09679	0.10384
0.43038	0.23771	0.2427
0.25	0.14785	0.15276
0.14286	0.053	0.06856
0.21111	0.14158	0.11872
0.37975	0.22871	0.21402
0.14583	0.12166	0.11808
0.07273	0.03871	0.03225
0.14286	0.09679	0.09981
0.13402	0.06022	0.07052
0.33333	0.18741	0.23105
0.52	0.34486	0.30736
0.05263	0.03905	0.03333
0.28302	0.16615	0.18063
0.07071	0.02704	0.03341
0.0	0.0	0.0
0.22917	0.11092	0.16361
0.17284	0.15214	0.10659
0.27119	0.15092	0.18347
0.27692	0.10123	0.15933
0.19643	0.10196	0.09681
0.05682	0.04766	0.04167
0.29474	0.12635	0.12967
0.02778	0.01747	0.02632
0.42373	0.19688	0.20066
0.1375	0.10484	0.09462
0.16216	0.0667	0.0991
0.02564	0.02564	0.02174
0.22222	0.19201	0.1646
0.52941	0.28529	0.297
0.09	0.03711	0.02171
0.0	0.0	0.0
0.21154	0.12594	0.07121
0.22727	0.14321	0.13442
0.14458	0.05596	0.05377
0.02564	0.02564	0.02222
0.0	0.0	0.0
0.09722	0.03899	0.05145
0.26087	0.14683	0.14603
0.2459	0.22211	0.18597
0.16667	0.13635	0.15789
0.10909	0.078	0.06667
0.05797	0.04207	0.02703
0.15873	0.08348	0.11159
0.18033	0.12269	0.14803
0.08197	0.08197	0.09091
0.4375	0.22719	0.27423
0.4	0.21351	0.22153
0.3	0.22822	0.27495
0.12	0.03614	0.01668
0.05556	0.01926	0.02688
0.22857	0.15761	0.14039
0.33803	0.22625	0.20325
0.11429	0.06407	0.03145
0.20588	0.17221	0.17742
0.09877	0.05298	0.07884
0.17	0.09354	0.10605
0.73611	0.59322	0.55312
0.14912	0.09875	0.0744
0.21739	0.14261	0.15026
0.05797	0.03343	0.02005
0.18056	0.08333	0.08145
0.09167	0.06587	0.07201
0.45455	0.23818	0.2484
0.34375	0.2742	0.27743
0.01613	0.00365	0.0
0.0	0.0	0.0
0.11111	0.06154	0.07121
0.03614	0.00467	0.00138
0.2087	0.1885	0.17591
0.13178	0.11229	0.12329
0.1129	0.07127	0.05882
0.39506	0.37196	0.39055
0.18182	0.08929	0.06388
0.1	0.04409	0.02173
0.06897	0.02477	0.0021
0.28283	0.15608	0.12516
0.35714	0.26043	0.24002
0.03846	0.02854	0.02326
0.02597	0.02597	0.02273
0.19792	0.10989	0.10394
0.10526	0.04811	0.03931
0.05357	0.03859	0.03226
0.39706	0.26238	0.2204
0.15854	0.15854	0.16
0.24793	0.21621	0.22092
0.08696	0.06241	0.07885
0.19512	0.19512	0.19118
0.20635	0.10395	0.10989
0.36667	0.21614	0.20673
0.25455	0.06749	0.05753
0.19048	0.17563	0.21053
0.04673	0.02653	0.01183
0.07246	0.04629	0.02564
0.42857	0.24659	0.24603
0.08235	0.05389	0.04167
0.27219	0.1577	0.15473
0.16883	0.13008	0.12613
0.02381	0.0192	0.02087
0.04918	0.02275	0.03317
0.16923	0.13697	0.15844
0.32456	0.20038	0.18211
0.22609	0.08865	0.09232
0.24561	0.15904	0.18316
0.29167	0.27219	0.24
0.0303	0.00555	0.0
0.12613	0.0895	0.07127
0.18605	0.0938	0.06925
0.12195	0.11251	0.10638
0.43678	0.37118	0.37285
0.32877	0.14101	0.14956
0.23913	0.1364	0.15078
0.25862	0.17241	0.15087
0.36232	0.25061	0.26636
0.10606	0.06747	0.05295
0.18868	0.09557	0.07077
0.25641	0.19603	0.16864
0.0396	0.00384	0.00236
0.04138	0.04138	0.03704
0.05333	0.05333	0.04545
0.23729	0.23729	0.22222
0.36364	0.18885	0.17381
0.24528	0.18504	0.19125
0.19048	0.1063	0.09731
0.25806	0.23258	0.23411
0.21795	0.11335	0.0784
0.23636	0.14195	0.12071
0.3125	0.18634	0.16435
0.025	0.025	0.02439
0.1358	0.0964	0.08557
0.08209	0.03154	0.02138
0.09375	0.05571	0.05117
0.4186	0.35862	0.3676
0.36207	0.17691	0.19358
0.1125	0.0488	0.07715
0.35955	0.18673	0.22587
0.0	0.0	0.0
0.07965	0.0277	0.02275
0.21302	0.14012	0.15401
0.21176	0.17116	0.15306
0.0	0.0	0.0
0.20155	0.16756	0.18514
0.34343	0.16585	0.12848
0.30986	0.16086	0.1621
0.14388	0.07265	0.06539
0.2029	0.06546	0.08997
0.21348	0.17653	0.20518
0.125	0.11931	0.12162
0.13846	0.07643	0.06823
0.30952	0.20814	0.18348
0.15068	0.09942	0.0952
0.32283	0.23879	0.25062
0.20408	0.09545	0.13263
0.11111	0.08483	0.0801
0.17143	0.14194	0.17438
0.0	0.0	0.0
0.02532	0.02532	0.02174
0.08696	0.03058	0.05394
0.14286	0.10792	0.12114
0.21477	0.08573	0.05364
0.13699	0.03271	0.04251
0.13725	0.05628	0.03893
0.23636	0.1754	0.17071
0.09859	0.04318	0.04387
0.28358	0.20609	0.20302
0.0678	0.05441	0.03028
0.05797	0.04535	0.02703
0.09259	0.04602	0.07257
0.0	0.0	0.0
0.27068	0.13606	0.16252
0.24324	0.19334	0.1848
0.25806	0.19772	0.23851
0.01266	0.01266	0.0
0.36735	0.22186	0.1625
0.10784	0.06736	0.06897
0.07059	0.01898	0.00413
0.2	0.10751	0.17445
0.11458	0.0447	0.06062
0.32237	0.17446	0.17293
0.14961	0.08129	0.07719
0.08434	0.03111	0.02457
0.06557	0.04311	0.04727
0.11957	0.10939	0.07571
0.02581	0.00416	0.00148
0.2093	0.06528	0.06388
0.35088	0.15168	0.21506
0.09091	0.08211	0.0625
0.24	0.17162	0.17123
0.22772	0.14374	0.12958
0.32051	0.26654	0.28064
0.29907	0.15013	0.12955
0.26316	0.24675	0.25806
0.08397	0.03348	0.02236
0.33333	0.25224	0.24897
0.01493	0.00337	0.0
0.06452	0.00884	0.00358
0.13115	0.11846	0.11765
0.13793	0.06822	0.08685
0.1358	0.07488	0.06953
0.02586	0.01197	0.00105
0.42857	0.31772	0.35083
0.50847	0.20347	0.14628
0.15385	0.09784	0.1
0.45882	0.28581	0.29453
0.04615	0.03425	0.02857
0.0241	0.00545	0.0
0.01786	0.01786	0.01587
0.09412	0.08312	0.04394
0.144	0.06866	0.0609
0.1129	0.07127	0.05882
0.16438	0.13168	0.1321
0.11712	0.09359	0.10705
0.25806	0.11654	0.07944
0.2439	0.18137	0.21964
0.13402	0.04658	0.04727
0.06742	0.02972	0.02174
0.33684	0.18781	0.18352
0.30392	0.27768	0.29032
0.02878	0.01021	0.00172
0.10909	0.04869	0.0355
0.30935	0.19753	0.21788
0.0	0.0	0.0
0.26744	0.15155	0.10619
0.02941	0.01803	0.025
0.2	0.16211	0.17851
0.28378	0.08901	0.05095
0.18681	0.18681	0.1875
0.19118	0.11907	0.13895
0.06024	0.04898	0.02266
0.39394	0.20627	0.18362
0.14286	0.07425	0.13158
0.05319	0.03878	0.03158
0.18935	0.14985	0.1568
0.10526	0.0436	0.06868
0.17544	0.0753	0.07527
0.0614	0.01954	0.02239
0.22549	0.10153	0.09396
0.12857	0.06591	0.05917
0.24638	0.18235	0.16392
0.04673	0.02261	0.0339
0.05102	0.0316	0.01642
0.08642	0.03425	0.02352
0.47253	0.28116	0.31125
0.13043	0.07996	0.0693
0.33333	0.23228	0.24579
0.54717	0.22034	0.22876
0.05263	0.03947	0.03751
0.30612	0.24424	0.25706
0.10101	0.06779	0.04968
0.125	0.08424	0.09434
0.12414	0.10435	0.11449
0.15094	0.10136	0.12497
0.03279	0.02512	0.02908
0.3662	0.21583	0.21722
0.02581	0.00416	0.00148
0.08696	0.06522	0.05108
0.11607	0.05589	0.06057
0.20979	0.13016	0.11072
0.22222	0.20137	0.19643
0.04878	0.01928	0.00431
0.41346	0.32758	0.31082
0.0	0.0	0.0
0.17037	0.09941	0.08574
0.15315	0.08749	0.09679
0.36047	0.2637	0.24798
0.0566	0.03225	0.01821
0.1413	0.10485	0.12635
0.11111	0.06215	0.0355
0.23457	0.11312	0.08417
0.35714	0.2765	0.27273
0.03846	0.00455	0.00451
0.10417	0.04031	0.0645
0.07609	0.02386	0.02833
0.27891	0.26267	0.24024
0.39241	0.27851	0.25528
0.07447	0.00961	0.0
0.46154	0.3499	0.30189
0.33333	0.24734	0.25063
0.09195	0.03153	0.02341
0.42857	0.33561	0.35758
0.11321	0.0907	0.0869
0.07692	0.0358	0.01961
0.0122	0.00157	0.0
0.30645	0.26432	0.27958
0.28302	0.26658	0.27586
0.30303	0.2053	0.21058
0.216	0.16362	0.15085
0.22619	0.12907	0.15012
0.0875	0.05404	0.02653
0.23529	0.1466	0.14479
0.02899	0.0187	0.00806
0.10465	0.03452	0.05872
0.12644	0.04933	0.06137
0.21176	0.20228	0.20267
0.23478	0.17982	0.1777
0.23636	0.14195	0.12071
0.45	0.23228	0.20194
0.26389	0.14965	0.14871
0.12621	0.09803	0.12582
0.1619	0.09585	0.07246
0.16129	0.08152	0.06757
0.01429	0.00184	0.0
0.03478	0.01964	0.01587
0.19463	0.10998	0.07616
0.15094	0.05449	0.04228
0.16794	0.06746	0.04731
0.21667	0.07798	0.04268
0.04255	0.00481	0.0
0.26087	0.10664	0.10616
0.28916	0.09484	0.10709
0.03226	0.03226	0.02857
0.08108	0.0593	0.09091
0.41667	0.25002	0.30079
0.36111	0.18458	0.12133
0.07143	0.07143	0.06452
0.0	0.0	0.0
0.2381	0.08452	0.09185
0.0	0.0	0.0
0.05128	0.04177	0.04651
0.0	0.0	0.0
0.23188	0.14588	0.16916
0.01923	0.00125	0.00232
0.1125	0.05646	0.03084
0.13115	0.10154	0.09778
0.73529	0.49247	0.42462
0.06061	0.04789	0.02857
0.31944	0.22943	0.27117
0.29885	0.24139	0.26863
0.40909	0.35456	0.37453
0.27419	0.11347	0.08669
0.25758	0.19405	0.18592
0.19643	0.18261	0.16667
0.28571	0.13752	0.13281
0.08197	0.0238	0.00571
0.11628	0.07428	0.08333
0.63889	0.45081	0.43024
0.31148	0.14389	0.15662
0.0	0.0	0.0
0.07955	0.05316	0.0707
0.03077	0.00495	0.0
0.1791	0.16538	0.18657
0.02	0.02	0.03846
0.16456	0.098	0.09198
0.14516	0.08221	0.06284
0.31313	0.2382	0.2068
0.08475	0.05797	0.05882
0.11765	0.07779	0.0677
0.2807	0.14714	0.14793
0.0	0.0	0.0
0.02381	0.00769	0.01404
0.21008	0.14341	0.15038
0.01923	0.01923	0.0
0.43636	0.29331	0.31013
0.28889	0.11973	0.13036
0.01887	0.01552	0.01112
0.23333	0.15003	0.16131
0.5	0.29372	0.33835
0.74194	0.38505	0.39706
0.1129	0.07232	0.08692
0.07143	0.02362	0.03642
0.12346	0.08084	0.06667
0.32184	0.26029	0.31625
0.07317	0.02912	0.00746
0.18391	0.12275	0.09614
0.33333	0.32328	0.3
0.77273	0.53086	0.48818
0.06542	0.02532	0.0339
0.14062	0.1003	0.05882
0.15517	0.08733	0.10403
0.07018	0.04246	0.03852
0.07843	0.04523	0.05303
0.19231	0.15054	0.15679
0.28261	0.17465	0.17164
0.34653	0.23924	0.25534
0.2	0.16176	0.17997
0.11111	0.0478	0.06336
0.07143	0.07143	0.06452
0.125	0.07834	0.07056
0.17188	0.07159	0.08114
0.39394	0.22028	0.2028
3.45455	2.99132	2.98675
0.15	0.03147	0.02972
0.14706	0.05885	0.08604
0.16867	0.06142	0.08173
0.54	0.38842	0.3742
0.1	0.03776	0.02321
0.12281	0.06114	0.06868
0.01613	0.00521	0.00923
0.10526	0.04698	0.03448
0.10227	0.04216	0.02623
0.01587	0.00205	0.0
0.07692	0.05459	0.09257
0.12766	0.09472	0.07407
0.16393	0.10893	0.09769
0.06742	0.01778	0.03496
0.12121	0.08408	0.08574
0.24138	0.16509	0.16675
0.13433	0.04864	0.0475
0.375	0.29906	0.34446
0.325	0.31183	0.33125
0.12903	0.07387	0.0
0.21429	0.19031	0.23077
0.39024	0.14402	0.15104
0.06742	0.04893	0.06322
0.2027	0.1042	0.12326
0.19355	0.19355	0.21622
0.2093	0.08851	0.10079
0.10938	0.0605	0.04556
0.56863	0.52373	0.51948
0.36364	0.18989	0.24392
0.07273	0.03051	0.04787
0.17978	0.1062	0.13226
0.22523	0.11248	0.12187
0.10465	0.09602	0.08511
0.0396	0.00384	0.00236
0.1	0.03549	0.0294
0.3	0.20784	0.2063
0.01316	0.00086	0.00155
0.04348	0.04348	0.03704
0.10811	0.05609	0.06144
0.31034	0.25723	0.25566
0.16667	0.07617	0.1129
0.2029	0.12767	0.12162
0.0	0.0	0.0
0.1125	0.05848	0.04876
0.07353	0.06262	0.02632
0.2907	0.19208	0.19989
0.1875	0.11897	0.10724
0.12245	0.05004	0.04422
0.0	0.0	0.0
0.04255	0.00277	0.00241
0.22368	0.17957	0.17129
0.20339	0.17605	0.1
0.21978	0.16235	0.1613
0.8	0.5384	0.51254
0.23913	0.20267	0.17032
0.16393	0.13592	0.11765
0.15556	0.12187	0.13676
0.08621	0.06897	0.06455
0.02174	0.01893	0.01961
0.24107	0.13711	0.14102
0.4375	0.23929	0.26072
0.15625	0.13156	0.11765
0.38356	0.23158	0.27655
0.34524	0.20124	0.14769
0.28767	0.26381	0.28879
0.55844	0.42188	0.39278
0.26923	0.14704	0.14674
0.34426	0.19493	0.2063
0.16667	0.11714	0.13444
0.37391	0.16974	0.13762
0.15306	0.10633	0.10128
0.22414	0.09178	0.08574
0.16667	0.14517	0.12378
0.13235	0.07969	0.06775
0.14744	0.08974	0.07562
0.22449	0.14882	0.15388
0.22772	0.14598	0.14116
0.03947	0.01739	0.02381
0.45946	0.24676	0.21705
0.08772	0.04244	0.03642
0.53086	0.4568	0.4905
0.09375	0.0709	0.06272
0.18519	0.08185	0.08455
0.06897	0.05507	0.0303
0.31667	0.14629	0.16873
0.22549	0.18186	0.18579
0.2375	0.12461	0.12314
0.08955	0.02697	0.01361
0.10976	0.09048	0.09302
0.21053	0.12396	0.12833
0.16667	0.13388	0.13734
0.34831	0.21099	0.23076
0.04	0.02753	0.025
0.0	0.0	0.0
0.35417	0.24533	0.20388
0.13158	0.09718	0.09217
0.0	0.0	0.0
0.55238	0.40924	0.3632
0.34286	0.28664	0.30322
0.16393	0.0862	0.06497
0.02857	0.00308	0.00323
0.0	0.0	0.0
0.1125	0.05646	0.05195
0.23529	0.11882	0.13183
0.25301	0.20094	0.17709
0.11458	0.09745	0.09615
0.19048	0.08065	0.05541
0.40816	0.21659	0.17009
0.45283	0.26906	0.29262
0.27711	0.19435	0.20936
0.10938	0.06906	0.05581
0.09302	0.03302	0.04841
0.0	0.0	0.0
0.18421	0.07216	0.0129
0.03774	0.0143	0.01754
0.06731	0.05987	0.07018
0.18519	0.12187	0.11407
0.18333	0.107	0.07056
0.13095	0.13095	0.14583
0.49383	0.41301	0.36237
0.34615	0.20477	0.20469
0.02222	0.00573	0.0
0.17308	0.13896	0.14632
0.18841	0.15148	0.15551
0.09184	0.06715	0.05942
0.1087	0.07539	0.06586
0.15385	0.11526	0.08825
0.01835	0.01065	0.0
0.23256	0.17179	0.16667
0.17241	0.08955	0.10819
0.38889	0.3759	0.38462
0.07843	0.07843	0.07407
0.04762	0.0407	0.02896
0.11594	0.04442	0.05774
0.21429	0.16938	0.1875
0.125	0.05942	0.06125
0.08929	0.07546	0.06667
0.26471	0.26429	0.23684
0.14894	0.11531	0.11492
0.08209	0.03154	0.02138
0.18182	0.10509	0.09084
0.20779	0.20235	0.20862
0.1157	0.03974	0.03421
0.52459	0.30831	0.22873
0.32727	0.15371	0.15929
0.1875	0.17071	0.16667
0.17949	0.13855	0.1487
0.13235	0.05742	0.04974
0.6	0.49896	0.4839
0.13333	0.0457	0.04009
0.1129	0.05465	0.0664
0.15385	0.13498	0.15844
0.17978	0.13229	0.15217
0.13433	0.03228	0.04103
0.08333	0.03317	0.03227
0.25714	0.04057	0.01615
0.21053	0.19639	0.1875
0.23729	0.07981	0.05847
0.14286	0.06176	0.06688
0.2875	0.13593	0.09109
0.71739	0.44043	0.35079
0.08772	0.08093	0.08197
0.25581	0.17479	0.16937
0.30508	0.30508	0.3125
0.07059	0.05085	0.04167
0.18605	0.09756	0.09138
0.08247	0.03792	0.03755
0.40741	0.23959	0.20469
0.30986	0.29306	0.28952
0.0	0.0	0.0
0.19388	0.11884	0.10382
0.14286	0.09561	0.07056
0.82051	0.47278	0.42231
0.0411	0.00442	0.00473
0.33962	0.15402	0.19361
0.57576	0.44285	0.45167
0.16484	0.13755	0.13936
0.12963	0.11231	0.10714
0.33696	0.21602	0.2225
0.05556	0.03899	0.01529
0.0	0.0	0.0
0.33929	0.16996	0.17038
0.1375	0.07661	0.09453
0.29412	0.19213	0.18046
0.11628	0.03865	0.05226
0.0989	0.02731	0.0171
0.33333	0.2581	0.25181
0.31707	0.19512	0.20759
0.0	0.0	0.0
0.34286	0.15854	0.192
0.21311	0.10685	0.12189
0.35294	0.20353	0.18779
0.23256	0.09681	0.09146
0.30303	0.21947	0.22333
0.07595	0.07595	0.07317
0.45455	0.23832	0.2426
0.256	0.17471	0.20657
0.14815	0.10674	0.10045
0.07229	0.02061	0.00277
0.06316	0.03904	0.02677
0.47742	0.4023	0.38897
0.17647	0.1069	0.11407
0.03279	0.03279	0.02778
0.05882	0.00856	0.0031
0.45679	0.37716	0.36607
0.0	0.0	0.0
0.46667	0.28068	0.26379
0.14085	0.06818	0.05628
0.2459	0.12589	0.10852
0.20238	0.12752	0.07665
0.15385	0.07365	0.06313
0.18367	0.11127	0.08126
0.15888	0.08712	0.12083
0.38095	0.24837	0.25224
0.70588	0.40803	0.34262
0.14286	0.10141	0.053
0.34568	0.33414	0.3275
0.32558	0.27945	0.27209
0.26829	0.09207	0.08188
0.17172	0.0968	0.10618
0.1157	0.05467	0.04081
0.09677	0.02447	0.03229
0.02041	0.01482	0.00793
0.16667	0.11513	0.11262
0.03529	0.00949	0.00734
0.1125	0.05646	0.03084
0.15686	0.10838	0.10251
0.21277	0.21277	0.18519
0.23077	0.15386	0.1999
0.27119	0.1892	0.19806
0.17143	0.03551	0.0154
0.21053	0.16724	0.14195
0.18987	0.08865	0.06315
0.18182	0.13832	0.12903
0.3038	0.18909	0.16067
0.2069	0.09178	0.1014
0.49333	0.4254	0.41149
0.27368	0.24992	0.23797
0.1831	0.13903	0.13376
1.09524	0.78195	0.871
0.18627	0.18627	0.17241
0.05376	0.03919	0.00931
0.25	0.25	0.2381
0.17442	0.11255	0.10091
0.29213	0.14863	0.13486
0.14815	0.10595	0.11732
0.03614	0.02565	0.02041
0.04688	0.01059	0.01937
0.5082	0.45531	0.517
0.7619	0.6759	0.73318
0.02459	0.00899	0.02057
0.23913	0.15709	0.10452
0.08276	0.07186	0.07317
0.05085	0.00547	0.00571
0.11392	0.08576	0.09482
0.08633	0.08633	0.10256
0.13483	0.06742	0.10644
0.08333	0.0451	0.05446
0.33333	0.30191	0.31655
0.05263	0.01868	0.02536
0.22222	0.14021	0.16763
0.02597	0.02597	0.02381
0.15385	0.1464	0.13235
0.22772	0.17567	0.166
0.0	0.0	0.0
0.34524	0.25233	0.27916
0.22549	0.15339	0.15565
0.08527	0.03802	0.05038
0.09211	0.04796	0.04762
0.31646	0.19357	0.17393
0.13077	0.06328	0.04301
0.10227	0.09532	0.08469
0.06944	0.03317	0.06284
0.25185	0.17804	0.21301
0.15385	0.06826	0.07298
0.3741	0.23904	0.25131
0.13115	0.06744	0.07903
0.08333	0.08227	0.08757
0.06154	0.04863	0.02857
0.09524	0.04346	0.04686
0.67708	0.46512	0.43589
0.08065	0.06035	0.02971
0.20238	0.12905	0.14854
0.26126	0.14503	0.12238
0.81443	0.65619	0.64464
0.07576	0.00783	0.00351
0.05319	0.02848	0.02296
0.22481	0.10004	0.09595
0.40741	0.35007	0.30418
0.08333	0.07214	0.07143
0.27869	0.14439	0.19536
0.12698	0.06451	0.05038
0.24419	0.1358	0.12231
0.28395	0.25209	0.23185
0.1028	0.04099	0.02705
0.14074	0.04802	0.04299
0.17391	0.0678	0.05059
0.16176	0.08517	0.07664
0.17164	0.14685	0.16304
0.13393	0.07836	0.08985
0.16484	0.10919	0.12646
0.11765	0.06215	0.05688
0.5	0.36542	0.33298
0.45455	0.22996	0.21833
0.32353	0.2512	0.26584
0.27957	0.12071	0.08543
0.28713	0.13161	0.12072
0.19512	0.13693	0.15078
0.06742	0.03733	0.04188
0.33333	0.22838	0.23589
0.2268	0.08551	0.0732
0.38372	0.19508	0.17516
0.05882	0.03132	0.02878
0.24324	0.09636	0.09995
0.13793	0.06822	0.08685
0.2125	0.19396	0.23338
0.24096	0.17958	0.22648
0.07216	0.07216	0.05455
0.19178	0.14096	0.11905
0.04348	0.01613	0.02507
0.30233	0.27007	0.25459
0.25397	0.14546	0.14806
0.05556	0.026	0.01529
0.08943	0.05376	0.05171
0.11029	0.06641	0.06659
0.13699	0.10075	0.10256
0.03896	0.01173	0.01274
0.16667	0.12635	0.16576
0.22093	0.20069	0.19149
0.26471	0.17411	0.15918
0.13433	0.12037	0.15385
0.16867	0.10263	0.08604
0.21429	0.15363	0.16202
0.29839	0.23285	0.21918
0.08397	0.03966	0.04173
0.09524	0.03074	0.00942
0.18605	0.09007	0.04776
0.19403	0.11507	0.1272
0.2807	0.14604	0.11245
0.26761	0.17268	0.15647
0.15493	0.10361	0.10232
0.38462	0.23579	0.23832
0.16	0.13893	0.14286
0.17857	0.1682	0.16667
0.09474	0.05602	0.04564
0.10976	0.09048	0.09302
0.23404	0.14004	0.16558
0.45062	0.2736	0.29782
0.15238	0.09863	0.08914
0.26316	0.21677	0.22478
0.20833	0.16064	0.19171
0.23881	0.20175	0.24707
0.06742	0.02937	0.05872
0.15108	0.10839	0.10995
0.5	0.45499	0.45406
0.09821	0.03688	0.03369
0.52542	0.32044	0.26212
0.17722	0.09843	0.08628
0.32857	0.15719	0.13552
0.29688	0.11948	0.12723
0.15385	0.09112	0.08194
0.17722	0.16659	0.17391
0.0	0.0	0.0
0.5	0.24902	0.30168
0.25833	0.18282	0.18491
0.01639	0.0037	0.0
0.05556	0.00776	0.00403
0.13	0.07904	0.06696
0.29032	0.18422	0.16498
0.09091	0.01696	0.01096
0.23529	0.10742	0.10821
0.14815	0.08126	0.06656
0.08081	0.04235	0.05127
0.25352	0.16223	0.16524
0.15942	0.15942	0.15385
0.14444	0.14444	0.14286
0.16239	0.09788	0.1216
0.1087	0.07084	0.08284
0.12195	0.06163	0.0574
0.34783	0.18446	0.16776
0.1625	0.14194	0.119
0.2069	0.094	0.09052
0.03623	0.00701	0.00392
0.19643	0.11004	0.12446
0.23529	0.12335	0.14687
0.10714	0.06971	0.09981
0.09278	0.04192	0.03918
0.12977	0.04136	0.03053
0.07547	0.01037	0.00648
0.09709	0.08801	0.10108
0.12941	0.06376	0.06788
0.47115	0.22988	0.19952
0.16	0.06865	0.06228
0.11111	0.05288	0.03612
0.50495	0.29707	0.24974
0.03797	0.0243	0.01716
0.14583	0.03765	0.01114
0.25581	0.15042	0.17358
0.14286	0.07661	0.08493
0.0	0.0	0.0
0.05769	0.02016	0.03
0.05634	0.02046	0.011
0.12605	0.07562	0.07284
0.4557	0.32424	0.31772
0.13483	0.07757	0.08904
0.19048	0.08757	0.05292
0.0381	0.0301	0.01639
0.21918	0.15247	0.1375
0.25806	0.17171	0.15497
0.06024	0.04975	0.06
0.63291	0.4737	0.40914
0.20732	0.09088	0.09034
0.12121	0.04156	0.03054
0.01887	0.00243	0.0
0.83562	0.63504	0.61529
0.07955	0.01943	0.02488
0.02326	0.00338	0.0
0.12821	0.06372	0.09117
0.09211	0.06007	0.04765
0.25	0.15751	0.16313
0.05435	0.04208	0.03922
0.01923	0.01923	0.03571
0.32468	0.22415	0.23127
0.02469	0.01474	0.0
0.20833	0.12031	0.08068
0.11111	0.06254	0.0682
0.43548	0.18631	0.21484
0.2125	0.14235	0.12274
0.37	0.22905	0.21996
0.0241	0.01283	0.02367
0.18987	0.18987	0.2
0.04511	0.02571	0.01505
0.19643	0.13136	0.11191
0.21538	0.14418	0.15772
0.0339	0.00931	0.01042
0.20388	0.12998	0.10868
0.02469	0.01056	0.01342
0.0	0.0	0.0
0.21875	0.14416	0.18406
0.26667	0.20432	0.21324
0.15	0.0925	0.11385
0.00971	0.00877	0.01557
0.17241	0.09345	0.06552
0.06173	0.05615	0.05791
0.26562	0.14314	0.112
0.175	0.09355	0.10559
0.15217	0.09223	0.09804
0.2037	0.08122	0.05241
0.28409	0.2577	0.32256
0.0122	0.00276	0.0
0.43478	0.40043	0.45759
0.15385	0.0329	0.01157
0.2963	0.20312	0.18784
0.31008	0.18458	0.2013
0.13115	0.05766	0.03512
0.125	0.0438	0.03542
0.0	0.0	0.0
0.11688	0.10474	0.11111
0.58696	0.44457	0.41933
0.09231	0.04168	0.03494
0.29524	0.2065	0.19948
0.15238	0.07312	0.10067
0.03371	0.02465	0.02174
0.28333	0.23175	0.23438
0.1157	0.06187	0.04794
0.25806	0.16131	0.11165
0.34314	0.30142	0.27534
0.25397	0.12598	0.10721
0.19608	0.12841	0.11169
0.57576	0.44679	0.48279
0.20619	0.12241	0.10616
0.15	0.11855	0.11928
0.31008	0.17681	0.20432
0.21311	0.15656	0.17648
0.13636	0.08102	0.1213
0.01562	0.00353	0.0
0.0	0.0	0.0
0.18868	0.11685	0.11723
0.21687	0.11584	0.08855
0.06897	0.00669	0.00647
0.26087	0.16047	0.16383
0.19231	0.06267	0.06454
0.07547	0.028	0.00224
0.25	0.12906	0.14671
0.19811	0.06576	0.06509
0.24286	0.13134	0.08177
0.18868	0.15642	0.19355
0.0	0.0	0.0
0.31395	0.20971	0.22968
0.12925	0.10512	0.11021
0.12698	0.07884	0.07078
0.02703	0.01918	0.01587
0.18852	0.18852	0.1831
0.1746	0.13673	0.12715
0.01961	0.00127	0.00217
0.23158	0.08866	0.07024
0.10588	0.0964	0.08511
0.14583	0.08368	0.0951
0.1831	0.08225	0.07476
0.2	0.07974	0.06838
0.16667	0.13388	0.13734
0.21698	0.18413	0.19767
0.26786	0.12677	0.10991
0.0	0.0	0.0
0.17241	0.10344	0.10388
0.10811	0.0654	0.05992
0.0	0.0	0.0
0.33333	0.2747	0.30139
0.02941	0.0166	0.0
0.04494	0.04494	0.04
0.13333	0.12401	0.11538
0.21154	0.05029	0.08068
0.18841	0.17672	0.15
0.1875	0.12265	0.08377
0.30303	0.19748	0.20185
0.72059	0.39146	0.34326
0.2381	0.09757	0.05292
0.29412	0.20684	0.21276
0.40984	0.35752	0.35211
0.08738	0.05324	0.0356
0.19737	0.15026	0.14478
0.36364	0.19015	0.19851
0.16327	0.10007	0.09621
0.21569	0.1322	0.10946
0.06452	0.00885	0.00554
0.25352	0.20765	0.19275
0.31884	0.23516	0.25042
0.01887	0.01552	0.01112
0.03846	0.0091	0.00807
0.18367	0.18367	0.14286
0.27059	0.19092	0.15172
0.19424	0.15249	0.16833
0.30769	0.2464	0.24066
0.08904	0.04574	0.03725
0.15517	0.09399	0.12182
0.23333	0.08013	0.08018
0.25	0.14096	0.15804
0.16867	0.11273	0.09482
0.42222	0.29896	0.22462
0.09722	0.08247	0.07446
0.23864	0.13636	0.1218
0.16854	0.13958	0.13829
0.05	0.05	0.02326
0.01266	0.00204	0.0
0.10169	0.06453	0.04597
0.58333	0.55556	0.55013
0.0339	0.0339	0.0303
0.20652	0.1108	0.10335
0.13953	0.07728	0.07525
0.20833	0.09186	0.04563
0.16071	0.05936	0.06352
0.36585	0.18337	0.20567
0.24752	0.1415	0.1285
0.2	0.0823	0.07317
0.37349	0.2231	0.21938
0.42029	0.27961	0.26063
0.32759	0.31257	0.28136
0.30435	0.28145	0.33388
0.28814	0.1471	0.12503
0.22472	0.06781	0.08606
0.35938	0.33066	0.32732
0.03061	0.00494	0.0
0.01667	0.00753	0.0137
0.01163	0.01163	0.0
0.18605	0.10351	0.13277
0.05263	0.02093	0.03848
0.19853	0.14304	0.13377
0.20968	0.16805	0.14247
0.11321	0.07123	0.06556
0.52	0.35422	0.41934
0.35821	0.25134	0.24762
0.38889	0.36558	0.33333
0.15278	0.09454	0.08851
0.24561	0.163	0.15487
0.29688	0.22431	0.25903
0.16	0.12991	0.11664
0.36364	0.3138	0.33132
0.30986	0.21855	0.18444
0.18519	0.09041	0.06313
0.35135	0.35135	0.35
0.26829	0.08578	0.08871
0.15	0.0742	0.07332
0.25	0.17913	0.1558
0.13402	0.12571	0.10909
0.14433	0.03891	0.01733
0.17986	0.12812	0.12736
0.08108	0.0593	0.09091
0.36	0.30925	0.32257
0.01923	0.00125	0.00232
0.18367	0.16656	0.16516
0.0303	0.02395	0.02817
0.13402	0.04658	0.04727
0.04706	0.03719	0.02083
0.02597	0.01508	0.0
0.03061	0.01218	0.02009
0.51351	0.39411	0.45005
0.12245	0.07769	0.101
0.35556	0.21722	0.29296
0.18367	0.18367	0.22222
0.32558	0.24305	0.24815
0.29545	0.2368	0.25814
0.14583	0.11091	0.12533
0.24658	0.17189	0.16974
0.25225	0.19298	0.17257
0.08065	0.0393	0.02361
0.10769	0.03871	0.05405
0.07752	0.04927	0.04949
0.22222	0.16568	0.19938
