0.06452	0.03329	0.02703
0.38333	0.30112	0.259
0.05797	0.0201	0.02273
0.28571	0.16399	0.14791
0.10526	0.04754	0.0477
0.10959	0.06275	0.04589
0.1978	0.13756	0.09859
0.0597	0.0284	0.01337
0.02857	0.01613	0.0
0.0495	0.02492	0.02242
0.0	0.0	0.0
0.16418	0.08666	0.07551
0.1125	0.07744	0.08604
0.2	0.114	0.09053
0.07339	0.04026	0.03132
0.12069	0.06619	0.06908
0.08065	0.03537	0.02703
0.07407	0.03345	0.03557
0.04274	0.01874	0.02712
0.0678	0.00658	0.00361
0.0	0.0	0.0
0.07447	0.04909	0.05742
0.18868	0.1686	0.09574
0.01351	0.00218	0.0
0.21429	0.12174	0.11566
0.02326	0.00825	0.0
0.07692	0.05262	0.05485
0.18644	0.10769	0.10323
0.2931	0.183	0.11246
0.10989	0.03618	0.03048
0.43836	0.2497	0.28498
0.10112	0.04821	0.0472
0.0303	0.01759	0.0
0.25234	0.13989	0.14878
0.05263	0.03202	0.01266
0.43548	0.18832	0.1629
0.1791	0.13337	0.11992
0.14851	0.0671	0.04376
0.14103	0.08025	0.05954
0.11667	0.05537	0.06705
0.01471	0.0019	0.0
0.10588	0.04669	0.04777
0.21519	0.1813	0.15639
0.26984	0.13621	0.10353
0.30345	0.22826	0.22979
0.21212	0.14273	0.1484
0.34483	0.22864	0.15868
0.15254	0.07764	0.06637
0.13483	0.07503	0.05818
0.38202	0.20226	0.16787
0.32877	0.29078	0.31787
0.07407	0.03346	0.03162
0.12727	0.04839	0.06258
0.36923	0.27892	0.23552
0.11667	0.05537	0.06705
0.328	0.24494	0.21284
0.16949	0.06673	0.06994
0.28319	0.18358	0.15616
0.51613	0.31219	0.2613
0.11765	0.07591	0.0598
0.13483	0.06561	0.09267
0.24051	0.21805	0.24622
0.0	0.0	0.0
0.04839	0.03434	0.02703
0.07895	0.05051	0.0568
0.17647	0.10513	0.08996
0.26866	0.17624	0.18279
0.34921	0.20941	0.16956
0.1383	0.12835	0.11975
0.13095	0.1041	0.10347
0.06542	0.03016	0.02264
0.2931	0.183	0.11246
0.08791	0.08791	0.07407
0.0	0.0	0.0
0.07558	0.07558	0.06542
0.06742	0.05799	0.03571
0.0	0.0	0.0
0.52055	0.33541	0.32933
0.02381	0.00231	0.0038
0.03759	0.02983	0.01266
0.0	0.0	0.0
0.24176	0.14396	0.16132
0.13559	0.13559	0.11429
0.0	0.0	0.0
0.01639	0.01639	0.02778
0.0	0.0	0.0
0.11765	0.09716	0.09615
0.18987	0.18008	0.15217
0.21154	0.19479	0.16418
0.19048	0.09371	0.07577
0.19663	0.17361	0.15801
0.07353	0.02656	0.01022
0.12871	0.06996	0.06556
0.07692	0.06948	0.05915
0.02899	0.01683	0.02273
0.06742	0.05799	0.03571
0.02381	0.00231	0.0038
0.07059	0.05616	0.03765
0.16814	0.09422	0.07949
0.40164	0.35854	0.32601
0.11111	0.03825	0.04224
0.05128	0.02564	0.0201
0.08511	0.04119	0.04375
0.11321	0.09313	0.03123
0.13372	0.11459	0.09617
0.16541	0.10939	0.0727
0.04918	0.03543	0.02778
0.03571	0.01729	0.00253
0.16552	0.08254	0.06561
0.15294	0.10551	0.12963
0.24051	0.20662	0.17813
0.25743	0.23348	0.20886
0.25743	0.2025	0.20432
0.24638	0.2272	0.217
0.09434	0.0846	0.04787
0.24658	0.18693	0.20289
0.14607	0.13809	0.13255
0.14118	0.11841	0.10694
0.29114	0.29114	0.24296
0.07965	0.04312	0.03087
0.17742	0.13944	0.1371
0.0	0.0	0.0
0.25843	0.18665	0.18533
0.1978	0.14357	0.13134
0.1236	0.06361	0.05675
0.13514	0.07628	0.06525
0.46729	0.42569	0.39096
0.05085	0.02407	0.02789
0.22414	0.21052	0.17948
0.13433	0.11603	0.08654
0.35172	0.30613	0.29758
0.07576	0.04056	0.02985
0.03704	0.00399	0.00388
0.01802	0.01802	0.01538
0.192	0.16646	0.15249
0.05085	0.02407	0.02789
0.06849	0.03138	0.02511
0.04918	0.03543	0.02778
0.136	0.05885	0.03477
0.30769	0.15542	0.10787
0.34177	0.205	0.17645
0.12844	0.0882	0.07544
0.19802	0.12522	0.13265
0.15	0.07624	0.07058
0.36538	0.19295	0.15697
0.21379	0.18399	0.15875
0.11111	0.04659	0.06272
0.13115	0.07959	0.07829
0.10526	0.0938	0.08976
0.30345	0.20423	0.19247
0.03704	0.00399	0.00388
0.01802	0.01802	0.01538
0.0	0.0	0.0
0.30345	0.14172	0.10587
0.17241	0.09124	0.08227
0.03297	0.01701	0.00717
0.02703	0.00755	0.00843
0.24176	0.16803	0.17512
0.16854	0.10168	0.08275
0.13761	0.13761	0.11765
0.1875	0.17661	0.14583
0.08197	0.05949	0.05936
0.31667	0.2855	0.25181
0.02778	0.02091	0.01471
0.1453	0.13151	0.13043
0.01429	0.01429	0.0
0.08989	0.0464	0.0472
0.26154	0.24914	0.2
0.10256	0.09161	0.06519
0.20513	0.12181	0.11407
0.14925	0.1353	0.12821
0.0495	0.02492	0.02242
0.0	0.0	0.0
0.16418	0.08666	0.07551
0.2	0.114	0.09053
0.25234	0.13989	0.14878
0.0678	0.00658	0.00361
0.1978	0.14357	0.13134
0.43548	0.18832	0.1629
0.0597	0.0284	0.01337
0.21519	0.1813	0.15639
0.1791	0.13337	0.11992
0.21212	0.14273	0.1484
0.46729	0.42569	0.39096
0.34483	0.22864	0.15868
0.03297	0.01701	0.00717
0.32877	0.29078	0.31787
0.15254	0.07764	0.06637
0.16541	0.10939	0.0727
0.07407	0.03346	0.03162
0.12727	0.04839	0.06258
0.10959	0.06275	0.04589
0.13483	0.06561	0.09267
0.24176	0.16803	0.17512
0.36923	0.27892	0.23552
0.15294	0.10551	0.12963
0.16949	0.06673	0.06994
0.36538	0.19295	0.15697
0.24051	0.21805	0.24622
0.28319	0.18358	0.15616
0.20513	0.12181	0.11407
0.11667	0.05537	0.06705
0.34921	0.20941	0.16956
0.0	0.0	0.0
0.13761	0.13761	0.11765
0.25743	0.2025	0.20432
0.1875	0.17661	0.14583
0.22414	0.21052	0.17948
0.13433	0.11603	0.08654
0.08197	0.05949	0.05936
0.07895	0.05051	0.0568
0.08791	0.08791	0.07407
0.1453	0.13151	0.13043
0.13095	0.1041	0.10347
0.0	0.0	0.0
0.0	0.0	0.0
0.35172	0.30613	0.29758
0.07558	0.07558	0.06542
0.06742	0.05799	0.03571
0.08989	0.0464	0.0472
0.2931	0.183	0.11246
0.0	0.0	0.0
0.52055	0.33541	0.32933
0.13559	0.13559	0.11429
0.24658	0.18693	0.20289
0.14607	0.13809	0.13255
0.24176	0.14396	0.16132
0.01639	0.01639	0.02778
0.21379	0.18399	0.15875
0.26154	0.24914	0.2
0.14118	0.11841	0.10694
0.0	0.0	0.0
0.29114	0.29114	0.24296
0.17742	0.13944	0.1371
0.0	0.0	0.0
0.07353	0.02656	0.01022
0.11765	0.09716	0.09615
0.18987	0.18008	0.15217
0.14925	0.1353	0.12821
0.19048	0.09371	0.07577
0.01351	0.00218	0.0
0.30345	0.20423	0.19247
0.06742	0.05799	0.03571
0.02381	0.00231	0.0038
0.14103	0.08025	0.05954
0.19802	0.12522	0.13265
0.38333	0.30112	0.259
0.1978	0.13756	0.09859
0.03571	0.01729	0.00253
0.328	0.24494	0.21284
0.51613	0.31219	0.2613
0.26866	0.17624	0.18279
0.25743	0.23348	0.20886
0.04839	0.03434	0.02703
0.31667	0.2855	0.25181
0.24638	0.2272	0.217
0.09434	0.0846	0.04787
0.06542	0.03016	0.02264
0.03704	0.00399	0.00388
0.01802	0.01802	0.01538
0.0	0.0	0.0
0.19663	0.17361	0.15801
0.07339	0.04026	0.03132
0.12871	0.06996	0.06556
0.1125	0.07744	0.08604
0.12069	0.06619	0.06908
0.08065	0.03537	0.02703
0.13115	0.07959	0.07829
0.10526	0.0938	0.08976
0.07692	0.06948	0.05915
0.07407	0.03345	0.03557
0.02899	0.01683	0.02273
0.04274	0.01874	0.02712
0.07447	0.04909	0.05742
0.21429	0.12174	0.11566
0.18868	0.1686	0.09574
0.0	0.0	0.0
0.02326	0.00825	0.0
0.10112	0.04821	0.0472
0.0303	0.01759	0.0
0.2931	0.183	0.11246
0.10989	0.03618	0.03048
0.43836	0.2497	0.28498
0.18644	0.10769	0.10323
0.05263	0.03202	0.01266
0.05085	0.02407	0.02789
0.03704	0.00399	0.00388
0.01802	0.01802	0.01538
0.0	0.0	0.0
0.06849	0.03138	0.02511
0.25843	0.18665	0.18533
0.04918	0.03543	0.02778
0.30345	0.14172	0.10587
0.07692	0.05262	0.05485
0.136	0.05885	0.03477
0.07059	0.05616	0.03765
0.30769	0.15542	0.10787
0.34177	0.205	0.17645
0.16814	0.09422	0.07949
0.1236	0.06361	0.05675
0.11667	0.05537	0.06705
0.01471	0.0019	0.0
0.10588	0.04669	0.04777
0.26984	0.13621	0.10353
0.14851	0.0671	0.04376
0.11111	0.04659	0.06272
0.12844	0.0882	0.07544
0.15	0.07624	0.07058
0.17241	0.09124	0.08227
0.06452	0.03329	0.02703
0.40164	0.35854	0.32601
0.10526	0.04754	0.0477
0.11111	0.03825	0.04224
0.05797	0.0201	0.02273
0.05128	0.02564	0.0201
0.08511	0.04119	0.04375
0.28571	0.16399	0.14791
0.11321	0.09313	0.03123
0.02857	0.01613	0.0
0.13514	0.07628	0.06525
0.30345	0.22826	0.22979
0.13372	0.11459	0.09617
0.13483	0.07503	0.05818
0.38202	0.20226	0.16787
0.05085	0.02407	0.02789
0.02703	0.00755	0.00843
0.04918	0.03543	0.02778
0.16552	0.08254	0.06561
0.16854	0.10168	0.08275
0.11765	0.07591	0.0598
0.17647	0.10513	0.08996
0.24051	0.20662	0.17813
0.02778	0.02091	0.01471
0.1383	0.12835	0.11975
0.01429	0.01429	0.0
0.07576	0.04056	0.02985
0.03759	0.02983	0.01266
0.02381	0.00231	0.0038
0.192	0.16646	0.15249
0.21154	0.19479	0.16418
0.07965	0.04312	0.03087
0.10256	0.09161	0.06519
0.1125	0.07744	0.08604
0.0	0.0	0.0
0.12871	0.06996	0.06556
0.16418	0.08666	0.07551
0.1978	0.14357	0.13134
0.07407	0.03345	0.03557
0.04274	0.01874	0.02712
0.10526	0.0938	0.08976
0.2	0.114	0.09053
0.07692	0.06948	0.05915
0.07447	0.04909	0.05742
0.21429	0.12174	0.11566
0.30345	0.20423	0.19247
0.03704	0.00399	0.00388
0.01802	0.01802	0.01538
0.10989	0.03618	0.03048
0.18644	0.10769	0.10323
0.0303	0.01759	0.0
0.2931	0.183	0.11246
0.05085	0.02407	0.02789
0.01471	0.0019	0.0
0.21519	0.1813	0.15639
0.07059	0.05616	0.03765
0.30345	0.14172	0.10587
0.04918	0.03543	0.02778
0.02381	0.00231	0.0038
0.34177	0.205	0.17645
0.1236	0.06361	0.05675
0.14103	0.08025	0.05954
0.11111	0.04659	0.06272
0.1791	0.13337	0.11992
0.26984	0.13621	0.10353
0.14851	0.0671	0.04376
0.12844	0.0882	0.07544
0.15	0.07624	0.07058
0.17241	0.09124	0.08227
0.40164	0.35854	0.32601
0.1978	0.13756	0.09859
0.11321	0.09313	0.03123
0.28571	0.16399	0.14791
0.05797	0.0201	0.02273
0.08511	0.04119	0.04375
0.02857	0.01613	0.0
0.46729	0.42569	0.39096
0.05128	0.02564	0.0201
0.30345	0.22826	0.22979
0.38202	0.20226	0.16787
0.21212	0.14273	0.1484
0.16541	0.10939	0.0727
0.05085	0.02407	0.02789
0.10959	0.06275	0.04589
0.16949	0.06673	0.06994
0.32877	0.29078	0.31787
0.15254	0.07764	0.06637
0.24176	0.16803	0.17512
0.36923	0.27892	0.23552
0.328	0.24494	0.21284
0.11667	0.05537	0.06705
0.11765	0.07591	0.0598
0.17647	0.10513	0.08996
0.34921	0.20941	0.16956
0.24051	0.20662	0.17813
0.25743	0.23348	0.20886
0.0	0.0	0.0
0.36538	0.19295	0.15697
0.28319	0.18358	0.15616
0.51613	0.31219	0.2613
0.25743	0.2025	0.20432
0.13433	0.11603	0.08654
0.31667	0.2855	0.25181
0.09434	0.0846	0.04787
0.22414	0.21052	0.17948
0.04839	0.03434	0.02703
0.02778	0.02091	0.01471
0.24638	0.2272	0.217
0.07895	0.05051	0.0568
0.08791	0.08791	0.07407
0.2931	0.183	0.11246
0.13559	0.13559	0.11429
0.0	0.0	0.0
0.0	0.0	0.0
0.07576	0.04056	0.02985
0.06542	0.03016	0.02264
0.03704	0.00399	0.00388
0.01802	0.01802	0.01538
0.06742	0.05799	0.03571
0.08989	0.0464	0.0472
0.52055	0.33541	0.32933
0.02381	0.00231	0.0038
0.01639	0.01639	0.02778
0.192	0.16646	0.15249
0.24658	0.18693	0.20289
0.0	0.0	0.0
0.21154	0.19479	0.16418
0.17742	0.13944	0.1371
0.0	0.0	0.0
0.07353	0.02656	0.01022
0.11765	0.09716	0.09615
0.07339	0.04026	0.03132
0.12069	0.06619	0.06908
0.13115	0.07959	0.07829
0.25234	0.13989	0.14878
0.05263	0.03202	0.01266
0.30769	0.15542	0.10787
0.38333	0.30112	0.259
0.02703	0.00755	0.00843
0.24051	0.21805	0.24622
0.16854	0.10168	0.08275
0.13761	0.13761	0.11765
0.35172	0.30613	0.29758
0.14607	0.13809	0.13255
0.02899	0.01683	0.02273
0.0	0.0	0.0
0.02326	0.00825	0.0
0.0678	0.00658	0.00361
0.16814	0.09422	0.07949
0.06452	0.03329	0.02703
0.11111	0.03825	0.04224
0.34483	0.22864	0.15868
0.13483	0.06561	0.09267
0.03571	0.01729	0.00253
0.15294	0.10551	0.12963
0.08197	0.05949	0.05936
0.1453	0.13151	0.13043
0.13095	0.1041	0.10347
0.01429	0.01429	0.0
0.03759	0.02983	0.01266
0.0	0.0	0.0
0.24176	0.14396	0.16132
0.21379	0.18399	0.15875
0.26154	0.24914	0.2
0.14118	0.11841	0.10694
0.29114	0.29114	0.24296
0.07965	0.04312	0.03087
0.19663	0.17361	0.15801
0.10256	0.09161	0.06519
0.14925	0.1353	0.12821
0.0495	0.02492	0.02242
0.18868	0.1686	0.09574
0.01351	0.00218	0.0
0.06742	0.05799	0.03571
0.10112	0.04821	0.0472
0.06849	0.03138	0.02511
0.25843	0.18665	0.18533
0.07692	0.05262	0.05485
0.136	0.05885	0.03477
0.43548	0.18832	0.1629
0.11667	0.05537	0.06705
0.10588	0.04669	0.04777
0.19802	0.12522	0.13265
0.10526	0.04754	0.0477
0.13514	0.07628	0.06525
0.13372	0.11459	0.09617
0.12727	0.04839	0.06258
0.26866	0.17624	0.18279
0.1875	0.17661	0.14583
0.19048	0.09371	0.07577
0.08065	0.03537	0.02703
0.43836	0.2497	0.28498
0.0	0.0	0.0
0.0597	0.0284	0.01337
0.13483	0.07503	0.05818
0.03297	0.01701	0.00717
0.07407	0.03346	0.03162
0.04918	0.03543	0.02778
0.16552	0.08254	0.06561
0.20513	0.12181	0.11407
0.1383	0.12835	0.11975
0.07558	0.07558	0.06542
0.0	0.0	0.0
0.18987	0.18008	0.15217
0.0	0.0	0.0
0.27941	0.14424	0.15487
0.3125	0.19122	0.15354
0.17442	0.17442	0.16981
0.2	0.13667	0.06942
0.38095	0.19459	0.16296
0.0	0.0	0.0
0.32203	0.21925	0.22029
0.45614	0.31296	0.28571
0.22581	0.11135	0.10116
0.33824	0.13337	0.12825
0.01639	0.00211	0.0
0.19048	0.17716	0.15789
0.22222	0.08904	0.09784
0.10256	0.06536	0.04704
0.0	0.0	0.0
0.21212	0.15886	0.17662
0.06667	0.04173	0.01543
0.08219	0.02741	0.03077
0.0979	0.07332	0.0603
0.0	0.0	0.0
0.1145	0.0985	0.08313
0.22727	0.18476	0.15953
0.10169	0.07108	0.08872
0.07407	0.01715	0.01972
0.25352	0.25352	0.21951
0.44898	0.37366	0.35952
0.05128	0.0364	0.02829
0.14815	0.13501	0.11191
0.0137	0.00177	0.0
0.20652	0.12905	0.12509
0.13889	0.07394	0.0847
0.29091	0.21584	0.18573
0.67097	0.5817	0.49871
0.0	0.0	0.0
0.21429	0.09601	0.05234
0.0	0.0	0.0
0.09091	0.09091	0.06977
0.42202	0.3315	0.33191
0.28182	0.2569	0.2225
0.09259	0.04841	0.04009
0.05455	0.03284	0.04174
0.29921	0.3081	0.29333
0.00613	0.00119	0.00202
0.21053	0.21053	0.25
0.46154	0.33841	0.26654
0.10714	0.05243	0.05714
0.46296	0.3131	0.26652
0.20896	0.09052	0.09993
0.44231	0.2786	0.18839
0.20635	0.0881	0.06539
0.23596	0.21097	0.19294
0.125	0.03878	0.04046
0.16071	0.08468	0.07821
0.28571	0.28571	0.24242
0.24444	0.17816	0.15095
0.08	0.06001	0.05984
0.04717	0.03439	0.02527
0.22222	0.11889	0.12027
0.22222	0.15371	0.14196
0.16522	0.14362	0.12097
0.17722	0.17152	0.16333
0.10227	0.05976	0.05044
0.06667	0.0252	0.01928
0.41429	0.22861	0.26564
0.12963	0.03348	0.03894
0.22785	0.10699	0.10237
0.32	0.21249	0.17607
0.18947	0.10835	0.07361
0.22892	0.19393	0.1861
0.48276	0.38157	0.39292
0.19192	0.08082	0.08461
0.20661	0.15597	0.14053
0.2549	0.13859	0.15383
0.23596	0.17183	0.17808
0.32	0.18066	0.13333
0.14	0.1058	0.09677
0.18182	0.15257	0.12628
0.12658	0.07924	0.07507
0.10769	0.04218	0.06038
0.13889	0.08828	0.05824
0.0678	0.03554	0.04569
0.02439	0.0181	0.01408
0.10169	0.07108	0.08872
0.2807	0.13756	0.13755
0.13793	0.08564	0.08203
0.1165	0.06734	0.07763
0.38043	0.20552	0.18061
0.16	0.08475	0.06043
0.32075	0.21546	0.15939
0.08108	0.02442	0.01149
0.17021	0.11328	0.10238
0.03774	0.03774	0.0303
0.0	0.0	0.0
0.21552	0.12042	0.09679
0.19	0.16581	0.15789
0.01818	0.00235	0.00184
0.08861	0.03799	0.04187
0.26087	0.26087	0.2381
0.0	0.0	0.0
0.09524	0.02714	0.00524
0.13869	0.08358	0.07317
0.07042	0.0459	0.04444
0.08434	0.06373	0.06122
0.09302	0.04276	0.0468
0.17045	0.14188	0.13694
0.08633	0.05431	0.04263
0.16883	0.07583	0.07865
0.38462	0.37518	0.37529
0.125	0.08603	0.09524
0.39259	0.34601	0.31788
0.15152	0.08767	0.08915
0.03774	0.00245	0.00197
0.05455	0.02347	0.00197
0.09231	0.0392	0.03392
0.38596	0.20774	0.24429
0.04124	0.03858	0.03279
0.31944	0.08385	0.07402
0.09009	0.09009	0.08824
0.30612	0.16066	0.17259
0.30909	0.29209	0.24439
0.31746	0.20281	0.20057
0.15534	0.13061	0.09331
0.09474	0.05026	0.05961
0.14966	0.12421	0.11972
0.20779	0.09888	0.07363
0.32836	0.18058	0.16805
0.08571	0.07327	0.07632
0.10476	0.0636	0.06452
0.0	0.0	0.0
0.1049	0.0988	0.09302
0.11236	0.08627	0.08623
0.52336	0.4438	0.4103
0.43056	0.3871	0.35191
0.12727	0.05513	0.04459
0.22414	0.10902	0.06105
0.14865	0.09918	0.0681
0.24138	0.16741	0.14559
0.02941	0.02941	0.02439
0.12613	0.09678	0.08137
0.08333	0.02313	0.03139
0.28571	0.27016	0.24242
0.32394	0.19811	0.19357
0.21429	0.13517	0.13868
0.12346	0.03146	0.03742
0.39683	0.25554	0.23347
0.06977	0.06077	0.04082
0.38	0.15098	0.12074
0.05882	0.05503	0.04762
0.09722	0.04838	0.024
0.13986	0.06948	0.06596
0.24615	0.09088	0.0921
0.06557	0.02751	0.04011
0.08621	0.0384	0.03545
0.10811	0.09634	0.09524
0.09483	0.02894	0.01839
0.23158	0.13244	0.14325
0.2973	0.20445	0.20431
0.28378	0.18658	0.157
0.25758	0.18036	0.17407
0.0	0.0	0.0
0.08108	0.02008	0.02287
0.29464	0.12617	0.1295
0.13095	0.12174	0.13208
0.1039	0.05153	0.00983
0.13115	0.07193	0.05774
0.04615	0.01291	0.01572
0.19753	0.10674	0.10217
0.07767	0.02755	0.03226
0.04706	0.03681	0.01961
0.43182	0.40214	0.33693
0.20588	0.09678	0.09288
0.03297	0.02411	0.01786
0.35897	0.35897	0.34783
0.12308	0.03131	0.01205
0.02151	0.01318	0.01852
0.14815	0.08883	0.09416
0.45679	0.2131	0.19906
0.05357	0.00748	0.00358
0.2844	0.2844	0.25
0.17204	0.09783	0.08007
0.0	0.0	0.0
0.01408	0.01408	0.02222
0.2	0.13755	0.13326
0.03488	0.015	0.0213
0.32558	0.25772	0.2473
0.36842	0.21849	0.21344
0.19444	0.19444	0.17391
0.24272	0.21359	0.19249
0.16393	0.11634	0.12226
0.03846	0.00414	0.00413
0.32222	0.17568	0.15833
0.02899	0.00609	0.0
0.41818	0.24051	0.22776
0.29126	0.19386	0.16962
0.06154	0.04963	0.02564
0.09032	0.06014	0.04742
0.08974	0.05665	0.04478
0.16176	0.0446	0.02553
0.07143	0.03763	0.04194
0.0	0.0	0.0
0.19	0.1213	0.11687
0.22609	0.18177	0.15025
0.02632	0.00171	0.0
0.14925	0.08522	0.07985
0.10101	0.05215	0.04047
0.21622	0.10988	0.12905
0.12121	0.03521	0.03792
0.02581	0.00915	0.00142
0.20482	0.11157	0.12162
0.20833	0.08469	0.08223
0.17391	0.16175	0.14286
0.0625	0.02892	0.01114
0.125	0.01535	0.0052
0.18	0.12906	0.13323
0.2037	0.13144	0.11006
0.0	0.0	0.0
0.95652	0.80365	0.78415
0.07576	0.06794	0.06067
0.0	0.0	0.0
0.09231	0.05112	0.05774
0.36471	0.20573	0.18392
0.07627	0.035	0.02033
0.25532	0.09406	0.08472
0.29091	0.21584	0.18573
0.0625	0.03405	0.03477
0.02941	0.02941	0.02326
0.0274	0.0274	0.02273
0.13415	0.05193	0.04388
0.27957	0.17935	0.17506
0.1	0.02776	0.0281
0.04255	0.02471	0.01754
0.08219	0.05635	0.03997
0.15493	0.06451	0.03727
0.16923	0.1196	0.09084
0.08929	0.0628	0.05405
0.13333	0.0613	0.0593
0.11828	0.06833	0.06811
0.15842	0.09326	0.09817
0.16667	0.06552	0.06298
0.0	0.0	0.0
0.375	0.30896	0.2814
0.22581	0.11483	0.12553
0.23377	0.16926	0.17813
0.0	0.0	0.0
0.06061	0.05718	0.025
0.24615	0.15238	0.11124
0.0	0.0	0.0
0.31884	0.15384	0.16498
0.0	0.0	0.0
0.15663	0.11816	0.10057
0.20769	0.12556	0.11896
0.30435	0.2125	0.2527
0.25	0.15862	0.15844
0.05263	0.04705	0.03614
0.2549	0.2549	0.23333
0.09574	0.07379	0.07696
0.17442	0.11029	0.11261
0.06579	0.04712	0.05961
0.06173	0.01674	0.00406
0.03774	0.03774	0.0303
0.0	0.0	0.0
0.09859	0.03318	0.02598
0.29126	0.16977	0.14468
0.35366	0.34304	0.33333
0.01235	0.00159	0.0
0.2028	0.2028	0.17857
0.08219	0.02078	0.02457
0.02353	0.01328	0.01961
0.11765	0.02088	0.01977
0.33028	0.29274	0.27787
0.0339	0.00492	0.0
0.42342	0.32261	0.31539
0.21519	0.10372	0.08313
0.22807	0.13809	0.1031
0.0	0.0	0.0
0.1165	0.1165	0.10938
0.19298	0.09511	0.09394
0.16216	0.03668	0.06454
0.35922	0.12625	0.10674
0.0	0.0	0.0
0.04615	0.03399	0.02862
0.19444	0.12547	0.14448
0.136	0.11639	0.09722
0.05814	0.04801	0.04094
0.20833	0.1651	0.15909
0.2	0.09057	0.09229
0.59155	0.5811	0.55319
0.14894	0.1304	0.10345
0.05556	0.02689	0.03688
0.09615	0.02915	0.03812
0.1978	0.13862	0.10075
0.08602	0.04996	0.04107
0.24528	0.15308	0.11507
0.1	0.06451	0.05226
0.56522	0.56522	0.53333
0.00806	0.00182	0.0
0.05155	0.01697	0.00445
0.25352	0.14176	0.10907
0.22807	0.14433	0.14155
0.0	0.0	0.0
0.09649	0.07527	0.07828
0.09524	0.02665	0.03147
0.01695	0.0011	0.0
0.22093	0.13316	0.13348
0.04918	0.03597	0.02632
0.1519	0.08904	0.0776
0.01667	0.00215	0.0
0.54545	0.29269	0.27469
0.08824	0.06688	0.059
0.31081	0.15261	0.13556
0.16667	0.12069	0.09015
0.38202	0.21313	0.15778
0.21311	0.15285	0.16293
0.05674	0.02724	0.03304
0.19231	0.18114	0.16327
0.15686	0.06643	0.06974
0.16667	0.08959	0.12381
0.22368	0.12479	0.09117
0.44444	0.25811	0.17874
0.07609	0.03892	0.0265
0.06604	0.01645	0.01823
0.03846	0.01449	0.02306
0.12712	0.06398	0.02467
0.15476	0.12404	0.11111
0.08046	0.03002	0.01825
0.28889	0.20252	0.17773
0.12727	0.04194	0.0295
0.05941	0.05941	0.05085
0.04255	0.04255	0.03333
0.05714	0.04148	0.04615
0.09211	0.07343	0.07574
0.41667	0.31386	0.33452
0.30682	0.18991	0.16715
0.25455	0.21056	0.19355
0.06897	0.00893	0.01294
0.15054	0.15054	0.14815
0.39474	0.21864	0.18476
0.23711	0.16496	0.13857
0.04132	0.02346	0.00959
0.0641	0.0306	0.02128
0.18182	0.06747	0.064
0.20455	0.07555	0.07946
0.28205	0.17	0.12904
0.21127	0.13768	0.13416
0.07273	0.04222	0.03226
0.29032	0.16235	0.15705
0.26829	0.11726	0.04873
0.24286	0.13599	0.18405
0.17647	0.10853	0.09425
0.16279	0.16279	0.13462
0.30588	0.17576	0.20748
0.23333	0.16491	0.16967
0.30612	0.21531	0.1877
0.01099	0.01099	0.01786
0.375	0.18821	0.15716
0.14062	0.07411	0.06095
0.21687	0.11971	0.11042
0.04762	0.03071	0.05375
0.2807	0.14827	0.13411
0.32468	0.15335	0.16761
0.27941	0.23056	0.20162
0.39286	0.29795	0.29998
0.10435	0.05134	0.0459
0.55556	0.2127	0.16527
0.10185	0.10185	0.08955
0.26374	0.19568	0.17715
0.03077	0.01737	0.025
0.22222	0.12487	0.09876
0.31633	0.24526	0.21908
0.22388	0.14731	0.10217
0.42308	0.36106	0.35978
0.08	0.0284	0.03672
0.29333	0.18237	0.16274
0.21429	0.12983	0.08688
0.09524	0.08244	0.09302
0.15789	0.09196	0.10074
0.17895	0.17895	0.13333
0.0	0.0	0.0
0.2126	0.14327	0.15366
0.05357	0.00748	0.00358
0.08784	0.03618	0.01476
0.16	0.12819	0.11572
0.12121	0.08015	0.05376
0.20619	0.17958	0.16525
0.19608	0.11386	0.09578
0.5614	0.34863	0.35802
0.15584	0.07668	0.05591
0.04	0.02753	0.02219
0.3	0.26582	0.25806
0.02727	0.0044	0.0
0.07407	0.02658	0.01614
0.04545	0.02368	0.01438
0.17391	0.09584	0.06846
0.33721	0.26595	0.28019
0.25882	0.12412	0.11164
0.21805	0.13076	0.12296
0.0303	0.00815	0.00557
0.06849	0.03712	0.04762
0.0678	0.03446	0.03924
0.49351	0.27616	0.21604
0.11628	0.09078	0.09216
0.12	0.02258	0.01827
0.04762	0.01894	0.03224
0.15116	0.15116	0.13462
0.03636	0.03636	0.0
0.36207	0.22641	0.20754
0.15789	0.15082	0.16176
0.15625	0.06655	0.06949
0.19565	0.07502	0.10274
0.04854	0.02913	0.02873
0.06494	0.05362	0.04444
0.16667	0.12958	0.12292
0.15909	0.10191	0.07306
0.36508	0.26421	0.2809
0.16	0.07359	0.04602
0.15556	0.08784	0.06398
0.18797	0.10795	0.10486
0.13333	0.12662	0.10959
0.1	0.04087	0.0593
0.05	0.0199	0.0
0.25641	0.24649	0.24074
0.06024	0.02022	0.00673
0.02667	0.00344	0.00274
0.03883	0.01379	0.01805
0.08333	0.04974	0.01439
0.24675	0.22498	0.20952
0.08485	0.04339	0.02881
0.14815	0.0717	0.07118
0.08642	0.05258	0.05556
0.0177	0.00514	0.00455
0.16	0.04132	0.03767
0.22667	0.12991	0.12562
0.42045	0.31307	0.29691
0.12658	0.04942	0.06914
0.16541	0.11062	0.11956
0.1	0.08947	0.06522
0.02299	0.02299	0.01852
0.74026	0.60706	0.54069
0.23188	0.18046	0.13932
0.04082	0.02041	0.02581
0.04255	0.04255	0.0
0.14085	0.07182	0.05683
0.08421	0.05774	0.03688
0.17778	0.1312	0.13793
0.30263	0.13754	0.11942
0.04938	0.04938	0.04
0.18367	0.18367	0.16949
0.20606	0.11497	0.10596
0.10667	0.06108	0.04255
0.42553	0.24028	0.22681
0.08929	0.02593	0.00571
0.30345	0.30345	0.28235
0.24528	0.14975	0.13568
0.07778	0.06559	0.05489
0.04412	0.04412	0.02326
0.16923	0.10325	0.08498
0.1	0.05872	0.04126
0.27642	0.17286	0.15926
0.13235	0.11954	0.09756
0.18605	0.0887	0.06185
0.16216	0.10549	0.09677
0.20588	0.1613	0.12632
0.04651	0.02776	0.02041
0.29885	0.11868	0.0877
0.09524	0.05608	0.05034
0.06838	0.03419	0.02061
0.16667	0.0763	0.06772
0.0	0.0	0.0
0.12977	0.11795	0.11538
0.23016	0.14697	0.14832
0.37113	0.24011	0.20813
0.13008	0.06085	0.07005
0.04615	0.01985	0.025
0.15909	0.14052	0.1159
0.10811	0.03705	0.05162
0.24324	0.12816	0.10467
0.088	0.06296	0.04499
0.20946	0.19595	0.16304
0.07353	0.06357	0.06642
0.04478	0.00482	0.00462
0.0	0.0	0.0
0.21505	0.16374	0.14664
0.11842	0.05308	0.05963
0.12791	0.07766	0.05906
0.11905	0.06836	0.067
0.15079	0.0686	0.04778
0.04132	0.03466	0.0274
0.07368	0.06452	0.06452
0.07752	0.07752	0.06494
0.16901	0.10132	0.08747
0.0	0.0	0.0
0.09709	0.06733	0.02611
0.14433	0.06919	0.0439
0.25641	0.20721	0.19594
0.16176	0.11291	0.12753
0.22973	0.1125	0.10925
0.21239	0.12961	0.11384
0.23226	0.14339	0.12355
0.39024	0.31212	0.27218
0.06061	0.03471	0.025
0.0	0.0	0.0
0.00901	0.00901	0.0
0.23529	0.22162	0.21354
0.08861	0.03594	0.02517
0.13846	0.09877	0.10229
0.29592	0.12906	0.11606
0.0	0.0	0.0
0.02151	0.01248	0.0
0.31579	0.23696	0.22436
0.07874	0.04116	0.04517
0.20588	0.09443	0.07423
0.04545	0.01495	0.0019
0.27586	0.18383	0.1831
0.25714	0.15024	0.12975
0.19167	0.13872	0.108
0.07692	0.03549	0.04095
0.13187	0.06489	0.06223
0.14516	0.11318	0.0955
0.26042	0.19961	0.18998
0.22785	0.1458	0.13827
0.14085	0.09541	0.0846
0.08182	0.04723	0.05797
0.55814	0.46741	0.44031
0.06604	0.0344	0.01638
0.08333	0.04032	0.01362
0.15556	0.07853	0.07839
0.37313	0.19119	0.22177
0.17857	0.13365	0.1133
0.13793	0.10716	0.098
0.09574	0.07756	0.08585
0.04237	0.02051	0.01682
0.15333	0.09378	0.07251
0.13559	0.10799	0.11056
0.2027	0.2027	0.17778
0.17886	0.11828	0.09886
0.0	0.0	0.0
0.07692	0.04821	0.073
0.01429	0.00646	0.01051
0.08974	0.05708	0.04435
0.08333	0.03764	0.02103
0.19101	0.11384	0.10612
0.11765	0.09441	0.10128
0.00877	0.0017	0.0
0.21488	0.07545	0.05196
0.03883	0.01785	0.01216
0.02222	0.01362	0.00862
0.12791	0.0769	0.07447
0.14679	0.10832	0.09245
0.14815	0.09917	0.12174
0.21805	0.12008	0.11972
0.27273	0.18803	0.16605
0.20588	0.06925	0.04563
0.15827	0.1404	0.13095
0.14286	0.09963	0.05198
0.06061	0.04864	0.02491
0.16667	0.07085	0.04497
0.27143	0.14471	0.16776
0.04286	0.01936	0.02326
0.01205	0.01205	0.0098
0.01538	0.00248	0.0
0.22222	0.10635	0.11342
0.06579	0.05561	0.04545
0.104	0.08258	0.06834
0.07792	0.05216	0.03793
0.19231	0.08067	0.06598
0.19333	0.15978	0.12939
0.26437	0.12274	0.10025
0.0	0.0	0.0
0.15702	0.11784	0.09068
0.10714	0.02958	0.03872
0.10169	0.10169	0.09722
0.38202	0.30376	0.27766
0.11656	0.09103	0.05621
0.28571	0.27005	0.21875
0.10204	0.05661	0.05377
0.07634	0.06526	0.06738
0.32895	0.16897	0.18108
0.12	0.07001	0.05766
0.05714	0.00829	0.0
0.38983	0.20342	0.23137
0.02667	0.01505	0.0
0.16129	0.06089	0.06876
0.04717	0.03439	0.00745
0.34286	0.26661	0.25266
0.14151	0.08826	0.10509
0.03191	0.00618	0.00557
0.24468	0.16063	0.14039
0.05405	0.01919	0.02367
0.08434	0.04431	0.02756
0.04819	0.03362	0.03195
0.36538	0.29158	0.2893
0.15	0.08066	0.09361
0.13821	0.06216	0.07005
0.0	0.0	0.0
0.30435	0.17779	0.18076
0.27273	0.14988	0.14303
0.21918	0.15533	0.14709
0.31532	0.26301	0.26528
0.08411	0.05909	0.04914
0.19737	0.16426	0.1716
0.16216	0.11815	0.09033
0.05714	0.02166	0.0
0.14545	0.0487	0.03606
0.09091	0.05181	0.04785
0.03571	0.02333	0.00637
0.33654	0.18335	0.17475
0.16364	0.06248	0.059
0.08485	0.06256	0.04666
0.26415	0.16009	0.15428
0.31387	0.18274	0.16872
0.09722	0.07572	0.03427
0.10769	0.08238	0.07692
0.34328	0.17963	0.15083
0.10909	0.09853	0.10361
0.16883	0.10935	0.10774
0.0	0.0	0.0
0.02586	0.01919	0.01408
0.0	0.0	0.0
0.01754	0.00961	0.01566
0.34146	0.20276	0.15304
0.0	0.0	0.0
0.25773	0.16129	0.13323
0.36607	0.27738	0.2679
0.0	0.0	0.0
0.09286	0.05716	0.05185
0.06897	0.02865	0.0224
0.20968	0.10771	0.10116
0.21569	0.08762	0.06452
0.2043	0.12418	0.12112
0.05952	0.0357	0.03548
0.10791	0.06291	0.06568
0.125	0.07476	0.06849
0.03409	0.01576	0.01887
0.32653	0.29231	0.24824
0.05	0.00839	0.00107
0.28571	0.14692	0.15994
0.02941	0.01707	0.0
0.03546	0.0126	0.02013
0.14474	0.104	0.08652
0.05714	0.04147	0.02222
0.25949	0.18927	0.19056
0.01149	0.01149	0.0
0.15753	0.13059	0.11658
0.12727	0.05747	0.03494
0.1	0.07511	0.04839
0.27523	0.16161	0.16085
0.0	0.0	0.0
0.10638	0.05584	0.05033
0.09483	0.03116	0.02421
0.2028	0.11213	0.08853
0.1358	0.03906	0.02625
0.12941	0.08844	0.0813
0.11905	0.07835	0.06452
0.07767	0.02036	0.0199
0.05556	0.02374	0.00974
0.25373	0.13482	0.08185
0.20325	0.12484	0.08642
0.08	0.0355	0.01212
0.22222	0.15216	0.18151
0.18056	0.10261	0.09064
0.43243	0.22973	0.26617
0.11268	0.08769	0.06766
0.22642	0.17867	0.15981
0.07576	0.06989	0.05
0.04255	0.03706	0.03509
0.08511	0.02884	0.01982
0.19018	0.16446	0.16098
0.21569	0.13222	0.10588
0.45098	0.34505	0.30783
0.15	0.10323	0.08745
0.15534	0.07392	0.07594
0.57616	0.57082	0.51111
0.03158	0.02309	0.01786
0.04237	0.02051	0.01682
0.10714	0.09516	0.09524
0.1	0.07004	0.07065
0.26627	0.2136	0.22763
0.29167	0.29167	0.26316
0.20833	0.20188	0.16216
0.09639	0.08026	0.07921
0.37681	0.3193	0.25885
0.30208	0.30208	0.26786
0.0	0.0	0.0
0.22581	0.09524	0.07813
0.11215	0.04764	0.02831
0.32394	0.16587	0.15581
0.21311	0.21311	0.18421
0.14894	0.09402	0.10238
0.0411	0.01767	0.0
0.025	0.00565	0.0
0.08333	0.04032	0.01362
0.06195	0.02256	0.01614
0.08511	0.03706	0.03642
0.0	0.0	0.0
0.13043	0.0809	0.09453
0.16923	0.15086	0.16692
0.20472	0.19736	0.19822
0.37778	0.15847	0.1179
0.40984	0.1883	0.15961
0.0339	0.0082	0.01014
0.02941	0.00807	0.00808
0.03704	0.02628	0.02
0.41748	0.28973	0.23526
0.22222	0.12426	0.10733
0.12346	0.02748	0.02646
0.38462	0.32467	0.34435
0.04762	0.03071	0.05375
0.12676	0.08314	0.05531
0.03788	0.01956	0.01714
0.10169	0.05032	0.05467
0.08784	0.07803	0.06592
0.12593	0.07313	0.07798
0.20879	0.10033	0.07627
0.29703	0.22615	0.17881
0.15625	0.10754	0.11054
0.25556	0.15236	0.13823
0.04839	0.00834	0.0
0.12644	0.05118	0.05358
0.19672	0.13803	0.08742
0.21127	0.11497	0.08873
0.12941	0.04062	0.02068
0.2027	0.19181	0.19056
0.01695	0.0011	0.0
0.12676	0.045	0.03385
0.29091	0.23169	0.22211
0.22105	0.12361	0.11149
0.19192	0.09321	0.07315
0.19298	0.14318	0.1454
0.01429	0.00323	0.0
0.10687	0.09579	0.0927
0.1982	0.1305	0.11361
0.26761	0.25625	0.24444
0.09375	0.03883	0.05459
0.2314	0.14264	0.14496
0.30435	0.30107	0.25641
0.02	0.00322	0.0
0.39	0.2939	0.25975
0.07042	0.03362	0.04731
0.1	0.05322	0.04258
0.04819	0.02682	0.01923
0.12903	0.08256	0.0583
0.01786	0.01786	0.01449
0.03226	0.03226	0.0
0.15	0.09807	0.0796
0.09677	0.09677	0.09091
0.12791	0.11778	0.11538
0.29524	0.14439	0.13895
0.11921	0.0908	0.08934
0.23358	0.15448	0.12332
0.22989	0.1643	0.09852
0.22973	0.14996	0.12402
0.04444	0.0147	0.0034
0.03529	0.01555	0.01961
0.09929	0.06384	0.05148
0.28972	0.20502	0.18025
0.125	0.04794	0.05718
0.14729	0.06002	0.05239
0.04918	0.04918	0.02857
0.28	0.18796	0.1479
0.07843	0.07843	0.08065
0.15385	0.13015	0.11651
0.19481	0.12484	0.09537
0.19149	0.13589	0.10345
0.27957	0.17795	0.1801
0.39706	0.34962	0.35784
0.5	0.32094	0.28974
0.51087	0.317	0.24677
0.09677	0.08775	0.07407
0.125	0.125	0.11628
0.26087	0.15177	0.14981
0.09677	0.08152	0.0742
0.0	0.0	0.0
0.18182	0.09427	0.07226
0.33333	0.1915	0.0995
0.15714	0.12073	0.09302
0.1383	0.05903	0.04132
0.24074	0.14459	0.12718
0.17424	0.12905	0.11741
0.31183	0.21231	0.1754
0.10256	0.01987	0.01965
0.05714	0.00829	0.0
0.08046	0.04003	0.03711
0.06154	0.03723	0.03062
0.2623	0.22211	0.1847
0.31579	0.24749	0.2158
0.10577	0.09926	0.09524
0.14085	0.06314	0.07918
0.28571	0.23504	0.23558
0.2449	0.19751	0.20821
0.08451	0.02954	0.03445
0.16471	0.08314	0.05798
0.2037	0.11054	0.11103
0.10345	0.02893	0.03227
0.15942	0.08603	0.0572
0.02564	0.00331	0.0
0.05797	0.01262	0.00614
0.05714	0.04148	0.04615
0.20968	0.10563	0.10105
0.02273	0.02273	0.03774
0.1453	0.06232	0.0637
0.38889	0.33752	0.31103
0.0	0.0	0.0
0.10714	0.06395	0.05806
0.19149	0.17296	0.13793
0.29167	0.14723	0.14843
0.28182	0.23959	0.20384
0.08511	0.03706	0.03642
0.10714	0.05186	0.05714
0.14433	0.11241	0.09355
0.0	0.0	0.0
0.1	0.01293	0.00325
0.24658	0.13392	0.10048
0.3913	0.29968	0.24013
0.18519	0.08841	0.07192
0.13514	0.13514	0.11111
0.22047	0.15368	0.12454
0.32632	0.28081	0.27205
0.0	0.0	0.0
0.16216	0.11378	0.09178
0.20339	0.12197	0.11076
0.15556	0.1257	0.12028
0.07937	0.0256	0.05351
0.09091	0.04839	0.04125
0.10769	0.08338	0.05295
0.28	0.13379	0.09746
0.07143	0.0235	0.0028
0.2	0.1401	0.16132
0.3125	0.20631	0.18629
0.0	0.0	0.0
0.13333	0.07959	0.05935
0.31884	0.14357	0.1277
0.0	0.0	0.0
0.32787	0.21792	0.19184
0.13953	0.12191	0.11808
0.71591	0.52422	0.4583
0.24242	0.18771	0.15882
0.16949	0.09188	0.08875
0.25	0.11486	0.09517
0.32222	0.26202	0.22468
0.3494	0.30705	0.28971
0.27083	0.13242	0.09265
0.27632	0.15367	0.12571
0.03896	0.02891	0.02083
0.04225	0.01773	0.0
0.09589	0.05304	0.03602
0.01471	0.0019	0.0
0.01724	0.00112	0.00191
0.12308	0.07692	0.06654
0.27273	0.11025	0.05375
0.17143	0.07191	0.06298
0.11957	0.08312	0.10261
0.29091	0.21467	0.18573
0.05814	0.05814	0.05556
0.06122	0.03688	0.01937
0.18571	0.11981	0.14077
0.01695	0.0011	0.0
0.01961	0.01075	0.01713
0.2625	0.1738	0.14774
0.19048	0.11445	0.12531
0.18391	0.14094	0.09277
0.1125	0.08429	0.08646
0.075	0.02581	0.00792
0.18487	0.09897	0.10487
0.08108	0.06931	0.04762
0.13158	0.08574	0.09817
0.04545	0.02566	0.04032
0.07792	0.04442	0.02174
0.19277	0.08787	0.09613
0.2	0.09529	0.0951
0.25641	0.11885	0.12822
0.03333	0.0043	0.00358
0.15686	0.06643	0.06974
0.04545	0.03702	0.03774
0.04211	0.02445	0.01786
0.27143	0.17793	0.13838
0.16346	0.11261	0.08041
0.35772	0.27406	0.23491
0.05952	0.0288	0.03774
0.30435	0.27023	0.2619
0.32609	0.20967	0.1538
0.05	0.025	0.01166
0.16327	0.14418	0.13333
0.19718	0.15223	0.14105
0.17647	0.10968	0.10262
0.09091	0.04724	0.04761
0.11321	0.03108	0.01567
0.1375	0.03228	0.01677
0.34848	0.18479	0.1518
0.25373	0.16131	0.11938
0.07143	0.03549	0.02326
0.0	0.0	0.0
0.05797	0.03319	0.02509
0.06667	0.02009	0.03448
0.10714	0.04839	0.05806
0.01429	0.00323	0.0
0.21622	0.1212	0.11831
0.42424	0.27182	0.19214
0.37313	0.23739	0.19985
0.06667	0.0294	0.0
0.25	0.19357	0.15445
0.17808	0.0981	0.09048
0.22727	0.08469	0.10957
0.23077	0.12491	0.12501
0.01149	0.00297	0.0
0.14286	0.05735	0.08971
0.03333	0.01935	0.0
0.15942	0.05378	0.05666
0.06154	0.04118	0.01782
0.02752	0.02752	0.03077
0.11765	0.07889	0.07134
0.18023	0.10297	0.08376
0.16049	0.09081	0.10228
0.16129	0.07026	0.06287
0.19333	0.16839	0.18952
0.16393	0.14384	0.10779
0.17391	0.0789	0.07034
0.0493	0.01159	0.01431
0.04412	0.00428	0.00333
0.09677	0.02568	0.0153
0.12766	0.06177	0.01382
0.02667	0.01548	0.0
0.275	0.19395	0.18258
0.16667	0.13859	0.09774
0.24074	0.21745	0.19693
0.33333	0.2893	0.24024
0.01961	0.01075	0.01713
0.07576	0.05083	0.05459
0.10909	0.09209	0.08824
0.18824	0.10439	0.11198
0.13821	0.08707	0.07072
0.21176	0.10819	0.09869
0.24324	0.13647	0.09683
0.0	0.0	0.0
0.0	0.0	0.0
0.05882	0.00571	0.00317
0.06803	0.04454	0.05524
0.08	0.0355	0.01212
0.07143	0.04286	0.06232
0.45	0.32179	0.29302
0.24194	0.16184	0.14967
0.22628	0.15637	0.12706
0.12644	0.08566	0.08388
2.5	2.21112	2.083
0.44776	0.29373	0.27612
0.03896	0.00419	0.00404
0.28571	0.16406	0.12379
0.04615	0.02928	0.02376
0.08721	0.04689	0.04144
0.0	0.0	0.0
0.01429	0.00323	0.0
0.38462	0.33913	0.2766
0.16	0.10409	0.10888
0.15517	0.11653	0.10631
0.20988	0.16369	0.15923
0.1875	0.10889	0.09349
0.4086	0.22688	0.20589
0.175	0.11331	0.08476
0.2093	0.11707	0.10735
0.21212	0.1437	0.13525
0.02353	0.01328	0.01961
0.14201	0.14201	0.13084
0.20619	0.18492	0.17035
0.15909	0.09459	0.11042
0.07895	0.05603	0.04444
0.19643	0.15496	0.12721
0.125	0.06695	0.06388
0.0	0.0	0.0
0.125	0.125	0.08824
0.18519	0.16906	0.15625
0.28682	0.19557	0.18266
0.28571	0.27087	0.18115
0.12766	0.12766	0.13333
0.13953	0.07453	0.07626
0.37736	0.19726	0.19362
0.03571	0.02258	0.02595
0.24762	0.0977	0.08236
0.02222	0.02222	0.01961
0.09195	0.06229	0.0566
0.27778	0.24672	0.21212
0.20968	0.10771	0.10116
0.35354	0.16686	0.14682
0.11688	0.09719	0.09467
0.10638	0.08235	0.08123
0.01987	0.01987	0.02222
0.0678	0.02405	0.00349
0.025	0.01572	0.01887
0.21429	0.12502	0.09126
0.19149	0.07759	0.06783
0.25926	0.21467	0.20937
0.07778	0.01936	0.02321
0.19298	0.10244	0.07212
0.17241	0.15629	0.16392
0.325	0.15569	0.14794
0.08108	0.04796	0.04589
0.07692	0.05542	0.04199
0.46364	0.38945	0.31707
0.09565	0.06873	0.06188
0.03226	0.03226	0.0
0.16176	0.1096	0.09986
0.07895	0.06664	0.05882
0.03488	0.02401	0.01961
0.15385	0.08864	0.09857
0.18462	0.08786	0.10162
0.09091	0.09091	0.05714
0.04	0.02322	0.0
0.26087	0.14262	0.1585
0.11667	0.05808	0.02958
0.08451	0.0468	0.04986
0.51351	0.26508	0.16538
0.06977	0.03451	0.02983
0.01333	0.00087	0.00144
0.17978	0.15513	0.12112
0.03529	0.01555	0.01961
0.30645	0.25339	0.22581
0.14925	0.11604	0.1014
0.03448	0.03448	0.01887
0.20472	0.16994	0.17886
0.33333	0.32014	0.30769
0.16667	0.10968	0.09394
0.26	0.21354	0.18063
0.38462	0.22483	0.17181
0.10185	0.05049	0.05155
0.02857	0.01659	0.0
0.04202	0.01193	0.00355
0.09091	0.08277	0.0678
0.25253	0.19615	0.17449
0.07595	0.06738	0.04943
0.53846	0.33177	0.32262
0.18571	0.13411	0.13378
0.05882	0.03654	0.04093
0.12903	0.05985	0.06113
0.05063	0.03961	0.02128
0.1165	0.08394	0.08585
0.20513	0.10341	0.0914
0.25	0.15372	0.13147
0.21978	0.10213	0.07135
0.14493	0.07435	0.06002
0.39344	0.20151	0.20545
0.0922	0.05103	0.04138
0.2013	0.15146	0.15251
0.24561	0.16695	0.17234
0.32857	0.28666	0.2746
0.04615	0.01886	0.00167
0.0198	0.0115	0.0
0.23232	0.12936	0.11776
0.22727	0.15495	0.13851
0.06494	0.05488	0.04167
0.17978	0.10838	0.10287
0.02941	0.01707	0.0
0.2381	0.20533	0.18279
0.03509	0.02547	0.0
0.06061	0.03471	0.025
0.27941	0.15182	0.1733
0.18644	0.15719	0.15368
0.09155	0.08542	0.08333
0.08065	0.04215	0.02703
0.0	0.0	0.0
0.03529	0.01555	0.01961
0.00971	0.00156	0.0
0.12	0.06411	0.04394
4.04167	3.93417	3.64286
0.0	0.0	0.0
0.29851	0.15696	0.14949
0.06061	0.01859	0.01805
0.15	0.08268	0.07867
0.21552	0.16603	0.15429
0.12222	0.07241	0.06741
0.08065	0.02498	0.00171
0.05882	0.02499	0.01746
0.27778	0.26524	0.18597
0.05952	0.0288	0.03774
0.0	0.0	0.0
0.17241	0.12072	0.10751
0.25	0.12445	0.10203
0.56757	0.38235	0.27421
0.06154	0.03475	0.02731
0.17647	0.11481	0.12753
0.42553	0.23887	0.20872
0.2766	0.22238	0.19456
0.19298	0.12849	0.14571
0.4375	0.32755	0.30723
0.1453	0.06232	0.0637
0.0	0.0	0.0
0.10119	0.05051	0.04728
0.07692	0.05973	0.05683
0.34426	0.29828	0.31292
0.03922	0.03922	0.03333
0.10345	0.04341	0.04151
0.11494	0.06117	0.05226
0.03797	0.02777	0.02653
0.128	0.07562	0.10077
0.0	0.0	0.0
0.63158	0.37811	0.36174
0.19737	0.16426	0.1465
0.36	0.22196	0.22078
0.072	0.03407	0.03904
0.12195	0.08379	0.09354
0.03077	0.02878	0.025
0.06383	0.0103	0.0
0.16667	0.09423	0.08387
0.15044	0.10649	0.0894
0.08594	0.03603	0.02202
0.12245	0.04873	0.02367
0.2043	0.14467	0.10133
0.09489	0.0478	0.0619
0.14493	0.08325	0.09002
0.06154	0.00894	0.01159
0.16993	0.09342	0.07641
0.15455	0.09737	0.07638
0.02747	0.01064	0.01095
0.05844	0.04567	0.03617
0.0	0.0	0.0
0.15789	0.09168	0.09584
0.04918	0.00634	0.0
0.12162	0.05777	0.0613
0.03478	0.01235	0.015
0.14706	0.07546	0.07634
0.3619	0.28327	0.23088
0.30303	0.16033	0.163
0.30769	0.20548	0.15034
0.31343	0.17863	0.16584
0.10309	0.05621	0.05816
0.28571	0.21832	0.20923
0.20349	0.10935	0.11475
0.10526	0.05875	0.05236
0.09091	0.05083	0.05
0.01449	0.00468	0.00769
0.14286	0.03995	0.03176
0.12222	0.12222	0.10909
0.0463	0.03226	0.02005
0.22222	0.18587	0.17063
0.22857	0.08067	0.0773
0.02469	0.02469	0.01961
0.02439	0.00433	0.00258
0.25688	0.21221	0.19641
0.34667	0.19484	0.18819
0.06452	0.03227	0.00717
0.10256	0.09264	0.06818
0.39506	0.22901	0.1768
0.50877	0.24453	0.20831
0.0	0.0	0.0
0.18182	0.12844	0.11633
0.0	0.0	0.0
0.10526	0.04444	0.06263
0.35556	0.2029	0.20148
0.22667	0.17441	0.15464
0.22314	0.13305	0.10016
0.41414	0.35551	0.3441
0.09028	0.02733	0.01183
0.22785	0.19723	0.17434
0.18072	0.16557	0.15086
0.19048	0.13804	0.13262
0.03333	0.01398	0.00235
0.15217	0.15217	0.14815
0.08182	0.04957	0.04535
0.1194	0.04236	0.05193
0.18571	0.11243	0.07277
0.0473	0.02921	0.03333
0.1	0.02784	0.01853
0.36296	0.24186	0.22067
0.0	0.0	0.0
0.10667	0.07053	0.05421
0.05747	0.01669	0.02009
0.33333	0.18041	0.16611
0.01613	0.00521	0.0085
0.09774	0.04705	0.03492
0.16154	0.10448	0.0863
0.0	0.0	0.0
0.16471	0.07214	0.06265
0.22667	0.16215	0.13149
0.06306	0.02412	0.02751
0.04444	0.0147	0.0034
0.14286	0.06168	0.0264
0.0	0.0	0.0
0.09091	0.01357	0.00609
0.10959	0.04995	0.02653
0.128	0.07536	0.08512
0.23077	0.23077	0.19643
0.15464	0.06157	0.04163
0.11111	0.03943	0.05914
0.23894	0.1222	0.14862
0.1619	0.05685	0.05684
0.08696	0.05583	0.04907
0.06993	0.03745	0.03301
0.19863	0.19288	0.17204
0.04348	0.04348	0.03571
0.18447	0.07737	0.0635
0.22222	0.09273	0.0557
0.15	0.06615	0.04646
0.12791	0.06452	0.07212
0.0493	0.01159	0.01431
0.03448	0.03448	0.02857
0.26471	0.22772	0.21954
0.08696	0.0235	0.00907
0.19266	0.19266	0.16923
0.04167	0.02957	0.02326
0.25	0.12603	0.08605
0.0	0.0	0.0
0.23171	0.14241	0.14517
0.15152	0.0708	0.06926
0.03175	0.021	0.0085
0.14706	0.065	0.06373
0.15888	0.15888	0.13846
0.08861	0.05615	0.05194
0.06818	0.03691	0.02948
0.0	0.0	0.0
0.10667	0.03788	0.02367
0.12698	0.0891	0.0579
0.31429	0.20881	0.14633
0.1	0.06388	0.06452
0.14961	0.09374	0.09721
0.19643	0.09824	0.09633
0.09474	0.09474	0.10909
0.02105	0.00476	0.0
0.02062	0.00299	0.0
0.35593	0.20127	0.15455
0.11111	0.08423	0.07136
0.48333	0.22532	0.17153
0.24348	0.13354	0.13038
0.16216	0.11799	0.12296
0.22308	0.20348	0.19675
0.22581	0.11067	0.121
0.2716	0.18201	0.13412
0.30909	0.15545	0.12997
0.1828	0.11622	0.08988
0.0125	0.00404	0.00687
0.16514	0.11159	0.10625
0.16406	0.12148	0.12057
0.02667	0.02667	0.02083
0.04717	0.01675	0.01718
0.05556	0.0439	0.02439
0.10769	0.07271	0.05744
0.20968	0.15402	0.13329
0.31579	0.14801	0.14914
0.04959	0.03599	0.0274
0.32911	0.20582	0.18963
0.42683	0.38828	0.36896
0.06977	0.04051	0.04262
0.26316	0.23073	0.20559
0.34667	0.31571	0.27958
0.12883	0.08134	0.07998
0.45238	0.33643	0.33933
0.11594	0.07714	0.06977
0.06081	0.02659	0.01338
0.0	0.0	0.0
0.10714	0.06183	0.0633
0.1134	0.07151	0.0584
0.19492	0.10964	0.10368
0.24638	0.19357	0.13478
0.14474	0.09637	0.06882
0.31061	0.19578	0.18052
0.0	0.0	0.0
0.25547	0.14153	0.11472
0.2	0.17655	0.18986
0.36364	0.35419	0.35703
0.01389	0.0009	0.0
0.3253	0.2231	0.20304
0.12931	0.04952	0.04817
0.12676	0.10496	0.02222
0.22807	0.14922	0.11115
0.13699	0.07467	0.08293
0.22619	0.09599	0.10669
0.2973	0.15697	0.13964
0.09615	0.04406	0.04151
0.125	0.06916	0.06759
0.10526	0.06355	0.03887
0.28	0.13164	0.13508
0.11579	0.03736	0.04976
0.16667	0.08726	0.06495
0.49123	0.45842	0.3925
0.09322	0.05114	0.06361
0.05208	0.0346	0.03509
0.16505	0.14408	0.12752
0.0339	0.0082	0.00986
0.09474	0.07573	0.05195
0.05747	0.01669	0.02009
0.04237	0.00657	0.0009
0.09375	0.05368	0.04033
0.16667	0.09053	0.09132
0.06667	0.0355	0.05736
0.10476	0.03781	0.03566
0.11905	0.05916	0.05595
0.15686	0.14959	0.14516
0.04255	0.04255	0.03125
0.15748	0.08206	0.09844
0.45562	0.35293	0.30341
0.04196	0.02662	0.01689
0.10059	0.08208	0.07658
0.22222	0.10035	0.06217
0.14286	0.14286	0.13514
0.19298	0.10809	0.08756
0.34921	0.2146	0.16787
0.0177	0.00514	0.00455
0.06557	0.01217	0.00989
0.06	0.02388	0.03657
0.144	0.09626	0.08378
0.10127	0.04534	0.02404
0.20482	0.12048	0.09492
0.0	0.0	0.0
0.02521	0.00271	0.00262
0.05917	0.03303	0.03029
0.00613	0.00119	0.00202
0.01266	0.00204	0.0
0.14103	0.06659	0.0336
0.15476	0.06992	0.08972
0.04054	0.02965	0.02777
0.21698	0.21698	0.1791
0.43529	0.38673	0.3618
0.47799	0.39745	0.36651
0.05405	0.01919	0.02367
0.05882	0.02874	0.01725
0.32407	0.22433	0.20498
0.1453	0.09623	0.06232
0.08475	0.04403	0.03314
0.08955	0.0573	0.07728
0.04082	0.03391	0.02242
0.24719	0.15987	0.16425
0.03846	0.02957	0.02539
0.04706	0.04706	0.03704
0.11446	0.10455	0.09901
0.20388	0.15661	0.16898
0.136	0.09265	0.08108
0.14493	0.08229	0.07579
0.31111	0.18464	0.14281
0.10465	0.08253	0.06629
0.22222	0.17833	0.14591
0.10145	0.0603	0.05791
0.14563	0.10774	0.10719
0.09286	0.0772	0.06567
0.1831	0.0659	0.0315
0.0	0.0	0.0
0.2	0.10374	0.07555
0.29412	0.12149	0.096
0.0	0.0	0.0
0.01724	0.00722	0.01074
0.03797	0.03797	0.04082
0.15	0.10281	0.0746
0.11834	0.10594	0.08888
0.10588	0.07362	0.04774
0.08	0.0284	0.03672
0.12698	0.07783	0.09595
0.16	0.03872	0.00863
0.12766	0.07206	0.07341
0.14545	0.06158	0.04392
0.06757	0.02268	0.03017
0.0	0.0	0.0
0.11719	0.07159	0.07303
0.08929	0.03371	0.01917
0.0	0.0	0.0
0.06931	0.03513	0.03459
0.10811	0.0654	0.07127
0.03704	0.03704	0.03226
0.03371	0.00581	0.00123
0.35556	0.29107	0.25028
0.20513	0.18279	0.17241
0.0303	0.0303	0.02564
0.12371	0.04857	0.05
0.11429	0.07513	0.06796
0.08696	0.0235	0.00907
0.18868	0.13331	0.12111
0.05	0.03105	0.02968
0.38462	0.27173	0.21183
0.09091	0.09091	0.05714
0.09783	0.0782	0.07132
0.32895	0.27972	0.27369
0.18557	0.12472	0.11537
0.13725	0.10312	0.09578
0.01031	0.00233	0.0
0.1	0.06904	0.06452
0.33333	0.18383	0.17253
0.06957	0.04685	0.0411
0.05839	0.02496	0.02225
0.35294	0.26571	0.19685
0.28889	0.25304	0.22582
0.28889	0.25304	0.22582
0.09836	0.08408	0.05603
0.34906	0.22584	0.22845
0.01429	0.00184	0.00315
0.20213	0.1342	0.12157
0.10784	0.06736	0.07087
0.08235	0.02316	0.03226
0.0	0.0	0.0
0.35088	0.19528	0.20094
0.28378	0.18658	0.157
0.06897	0.02114	0.043
0.14607	0.12034	0.09202
0.21277	0.10024	0.08845
0.12727	0.09239	0.0837
0.3617	0.1757	0.14819
0.00901	0.00901	0.0
0.16092	0.12533	0.10968
0.16	0.15303	0.13158
0.11494	0.06751	0.07409
0.1165	0.09146	0.08442
0.20588	0.14234	0.11585
0.02597	0.01969	0.03369
0.14912	0.11234	0.10406
0.05797	0.03413	0.02566
0.03419	0.02702	0.0137
0.0	0.0	0.0
0.0678	0.02405	0.00349
0.08738	0.04854	0.0536
0.23333	0.16237	0.11469
0.0	0.0	0.0
0.06452	0.03903	0.05644
0.44944	0.24942	0.22184
0.18889	0.11899	0.13242
0.03636	0.03636	0.0
0.17808	0.114	0.07713
0.16949	0.09241	0.06708
0.18182	0.18182	0.1875
0.21739	0.17672	0.13151
0.23944	0.14314	0.11633
0.21918	0.10385	0.12061
0.18033	0.18033	0.15
0.14286	0.09926	0.07407
0.05479	0.00532	0.00283
0.07627	0.02735	0.02993
0.34884	0.16244	0.14016
0.17105	0.10145	0.09961
0.13924	0.08371	0.08953
0.03488	0.02626	0.01887
0.23301	0.20232	0.19038
0.02857	0.006	0.00451
0.02062	0.00299	0.0
0.21311	0.14385	0.12308
0.07042	0.07042	0.04545
0.03175	0.021	0.0085
0.03448	0.03448	0.03774
0.43077	0.35038	0.27679
0.06557	0.02751	0.04011
0.22388	0.10355	0.06379
0.032	0.01058	0.00255
0.18571	0.09311	0.10151
0.18182	0.174	0.12903
0.02326	0.0135	0.0
0.06154	0.02283	0.00629
0.07792	0.03184	0.0254
0.01031	0.00233	0.0
0.08594	0.06678	0.03947
0.20661	0.1056	0.08708
0.36709	0.18339	0.16002
0.07778	0.0294	0.02758
0.06723	0.05991	0.05634
0.075	0.02098	0.02488
0.07353	0.03843	0.02381
0.12821	0.08106	0.06178
0.05208	0.0346	0.03509
0.01449	0.00328	0.0
0.22222	0.12369	0.09682
0.3806	0.26001	0.2529
0.23913	0.14796	0.17377
0.07246	0.02243	0.02326
0.075	0.02661	0.0336
0.21429	0.09446	0.05668
0.18293	0.07043	0.05275
0.10526	0.10526	0.10256
0.06061	0.04741	0.05459
0.19048	0.13825	0.12963
0.16495	0.10475	0.10577
0.07547	0.04443	0.03077
0.4186	0.24684	0.22581
0.01471	0.0019	0.0
0.34375	0.19509	0.17372
0.17568	0.08285	0.04841
0.01075	0.00173	0.0
0.12195	0.11133	0.08258
0.14706	0.07259	0.07985
0.22857	0.13136	0.10777
0.05263	0.01755	0.01756
0.0367	0.02812	0.03129
0.06364	0.0434	0.03131
0.33146	0.32802	0.32137
0.23864	0.16826	0.14979
0.16049	0.12705	0.16
0.14754	0.08938	0.08405
0.22222	0.22222	0.21212
0.17308	0.17308	0.15625
0.23846	0.13452	0.11476
0.18421	0.10953	0.13846
0.08434	0.06373	0.06122
0.05085	0.02515	0.01014
0.10959	0.04685	0.04489
0.04478	0.00482	0.00462
0.3913	0.2553	0.271
0.05607	0.04793	0.04762
0.25926	0.18401	0.18308
0.11268	0.06997	0.05531
0.03448	0.03448	0.02817
0.09016	0.04812	0.03097
0.48438	0.31205	0.24238
0.06748	0.04216	0.03388
0.07042	0.04634	0.02326
0.05932	0.02297	0.02993
0.18605	0.13355	0.11767
0.15464	0.03928	0.03853
0.03774	0.01248	0.01866
0.71875	0.39825	0.3011
0.05455	0.0264	0.037
0.2268	0.1746	0.14206
0.07273	0.00705	0.00785
0.59524	0.36179	0.3633
0.1	0.07511	0.04839
0.04854	0.02537	0.02067
0.07547	0.05417	0.06262
0.11364	0.05828	0.04091
0.08642	0.03347	0.04438
0.14737	0.10256	0.11262
0.23913	0.18723	0.17147
0.10596	0.06089	0.05412
0.12712	0.05688	0.02467
0.17647	0.09072	0.09614
0.10606	0.044	0.02632
0.49425	0.27186	0.24976
0.10588	0.07439	0.07767
0.33766	0.28739	0.2742
0.13978	0.13978	0.12727
0.02857	0.01521	0.02222
0.24719	0.22907	0.21242
0.18644	0.1438	0.16647
0.0	0.0	0.0
0.06329	0.04003	0.04559
0.08462	0.06973	0.05665
0.04854	0.02443	0.01613
0.08108	0.02442	0.01149
0.44186	0.34135	0.26927
0.1519	0.10047	0.12233
0.11765	0.08493	0.04093
0.0	0.0	0.0
0.16	0.09164	0.06452
0.03226	0.01718	0.02778
0.17204	0.09853	0.0617
0.10417	0.06586	0.06611
0.02439	0.0181	0.01408
0.26471	0.24437	0.20846
0.15873	0.15873	0.13158
0.35238	0.27251	0.25908
0.19737	0.13499	0.10352
0.3253	0.13959	0.12973
0.2233	0.13782	0.11266
0.26415	0.25107	0.20745
0.07895	0.04606	0.03483
0.04348	0.02103	0.02778
0.14085	0.05725	0.0528
0.11905	0.06762	0.02854
0.1	0.05744	0.06089
0.01099	0.01099	0.01786
0.19672	0.13326	0.10323
0.28846	0.21527	0.19459
0.0	0.0	0.0
0.0	0.0	0.0
0.06742	0.04385	0.03225
0.13462	0.0943	0.08116
0.32743	0.2464	0.23171
0.04762	0.00693	0.00224
0.19718	0.12949	0.10293
0.0	0.0	0.0
0.48718	0.36851	0.37445
0.08451	0.0527	0.03264
0.13187	0.11274	0.10909
0.18103	0.08623	0.06499
0.15132	0.10188	0.0961
0.06383	0.00789	0.00557
0.18182	0.12318	0.12035
0.38519	0.22296	0.21206
0.12963	0.09857	0.09887
0.36522	0.32764	0.32306
0.05263	0.03099	0.02273
0.02778	0.00447	0.0
0.04878	0.04878	0.05882
0.12121	0.04106	0.0299
0.0	0.0	0.0
0.02727	0.00499	0.0
0.54237	0.39917	0.3576
0.08451	0.02954	0.03445
0.05618	0.01885	0.00123
0.32787	0.21105	0.24925
0.23881	0.16564	0.12198
0.0	0.0	0.0
0.36782	0.33556	0.29678
0.14286	0.06512	0.04306
0.12308	0.07072	0.07162
0.06452	0.02655	0.01105
0.23214	0.23214	0.18182
0.15625	0.09242	0.09085
0.24138	0.17315	0.13859
0.16406	0.11466	0.09716
0.0	0.0	0.0
0.2	0.12011	0.11251
0.06604	0.03287	0.02789
0.1619	0.05593	0.04424
0.1	0.06641	0.06895
0.17778	0.07889	0.05897
0.10127	0.05473	0.0563
0.02667	0.00989	0.01472
0.34821	0.25318	0.2484
0.30303	0.24439	0.21848
0.15	0.11775	0.10777
0.38158	0.23472	0.21373
0.21795	0.15221	0.13916
0.11364	0.04911	0.07257
0.08197	0.06452	0.05263
0.22	0.15876	0.16026
0.19588	0.11506	0.08802
0.21739	0.10054	0.09752
0.12409	0.07841	0.08669
0.02941	0.00191	0.0031
0.09877	0.06652	0.06914
0.04348	0.0173	0.02439
0.08108	0.01439	0.01507
0.24	0.15002	0.13727
0.0	0.0	0.0
0.21649	0.17128	0.17388
0.02703	0.00392	0.0
0.23404	0.16439	0.15133
0.21277	0.10021	0.06656
0.24615	0.15932	0.1849
0.18919	0.17436	0.16689
0.08696	0.03694	0.03068
0.20833	0.08907	0.0922
0.08247	0.0602	0.06022
0.12727	0.12727	0.14706
0.33333	0.21509	0.23046
0.0	0.0	0.0
0.04054	0.00436	0.00451
0.04706	0.01709	0.00834
0.15493	0.15493	0.13953
0.01333	0.00301	0.0
0.06579	0.059	0.05069
0.27273	0.17888	0.13463
0.04706	0.03681	0.01961
0.10577	0.09367	0.07667
0.15094	0.10489	0.09492
0.37634	0.26919	0.28122
0.0339	0.0082	0.00986
0.31579	0.31579	0.25
0.10526	0.0832	0.06383
0.0	0.0	0.0
0.17949	0.02731	0.01346
0.02817	0.005	0.0
0.07447	0.02198	0.02393
0.44068	0.41336	0.35394
0.09783	0.08766	0.06897
0.27941	0.19925	0.17351
0.08081	0.02771	0.01895
0.1519	0.11924	0.13764
0.15854	0.09484	0.04304
0.24837	0.20516	0.19186
0.16484	0.10069	0.08586
0.08861	0.03881	0.0364
0.23881	0.18827	0.16881
0.01754	0.00114	0.00171
0.30208	0.18451	0.15323
0.28358	0.21618	0.18971
0.10345	0.03923	0.04304
0.34884	0.35409	0.32143
0.26667	0.13375	0.123
0.08333	0.06385	0.03672
0.04717	0.01675	0.01718
0.2766	0.21932	0.20559
0.24286	0.14289	0.10925
0.25373	0.13651	0.13386
0.0	0.0	0.0
0.01695	0.00219	0.0
0.02941	0.02941	0.02381
0.16129	0.12626	0.11709
0.26471	0.08729	0.06532
0.0	0.0	0.0
0.10667	0.03788	0.02367
0.12632	0.12632	0.14545
0.12963	0.08422	0.09091
0.32099	0.21427	0.17808
0.02128	0.00481	0.0
0.13953	0.06453	0.06035
0.10769	0.08488	0.08308
0.38202	0.211	0.19776
0.22388	0.1324	0.12668
0.12903	0.04787	0.05774
0.18627	0.12492	0.09574
0.34483	0.20768	0.18398
0.12727	0.10617	0.09225
0.06154	0.03275	0.02376
0.12308	0.08338	0.0779
0.12037	0.05408	0.05858
0.29167	0.16399	0.18585
0.44828	0.29729	0.2381
0.04545	0.03373	0.02564
0.2459	0.14436	0.14261
0.06306	0.02412	0.02751
0.0	0.0	0.0
0.20755	0.10045	0.13882
0.14737	0.12972	0.08172
0.23188	0.12904	0.13979
0.21429	0.07833	0.10112
0.1746	0.09063	0.07897
0.0495	0.04152	0.03279
0.25926	0.11114	0.10333
0.02381	0.01498	0.02
0.36232	0.16835	0.15288
0.12088	0.09216	0.07604
0.13953	0.0574	0.07707
0.02247	0.02247	0.01754
0.20144	0.17405	0.13819
0.45	0.2425	0.22666
0.07759	0.03199	0.01682
0.0	0.0	0.0
0.19298	0.11489	0.06074
0.2027	0.12773	0.10998
0.12766	0.04941	0.04375
0.02326	0.02326	0.01887
0.0	0.0	0.0
0.08235	0.03302	0.03929
0.23377	0.13157	0.12063
0.21127	0.19083	0.1437
0.14667	0.11999	0.12766
0.09231	0.066	0.05
0.05128	0.03722	0.02174
0.14286	0.07513	0.09384
0.15942	0.10846	0.11983
0.06944	0.06944	0.06818
0.375	0.19473	0.20971
0.33846	0.18066	0.16615
0.26087	0.19846	0.21385
0.10909	0.03285	0.01436
0.04706	0.01632	0.02053
0.2	0.13791	0.10987
0.3	0.2008	0.16592
0.10256	0.0575	0.02621
0.175	0.14637	0.13484
0.08247	0.04424	0.05816
0.14912	0.08205	0.08571
0.64634	0.52088	0.44467
0.12879	0.08529	0.05766
0.18987	0.12456	0.11687
0.05096	0.02938	0.01596
0.15854	0.07317	0.06516
0.08088	0.05812	0.05846
0.38462	0.20154	0.1863
0.29333	0.23399	0.21109
0.01449	0.00328	0.0
0.0	0.0	0.0
0.09375	0.05192	0.05295
0.03261	0.00422	0.00116
0.18462	0.16675	0.14251
0.11724	0.0999	0.10112
0.09859	0.06224	0.04651
0.35556	0.33477	0.32779
0.15789	0.07754	0.04914
0.08824	0.0389	0.01746
0.05926	0.02128	0.0016
0.25455	0.14047	0.1052
0.32258	0.23523	0.20212
0.03409	0.0253	0.01887
0.02299	0.02299	0.01852
0.17273	0.0959	0.08254
0.09375	0.04284	0.03226
0.04762	0.0343	0.02632
0.35526	0.23476	0.18248
0.14286	0.14286	0.13559
0.21898	0.19096	0.17782
0.07547	0.05417	0.06262
0.17266	0.17266	0.15476
0.18056	0.09096	0.08839
0.32353	0.19072	0.16607
0.22222	0.05892	0.04602
0.15789	0.14559	0.15686
0.04132	0.02346	0.00959
0.06494	0.04148	0.02128
0.35821	0.2061	0.18309
0.07292	0.04772	0.0339
0.24468	0.14176	0.12848
0.15116	0.11647	0.10492
0.02158	0.0174	0.01752
0.04225	0.01955	0.02596
0.14103	0.11414	0.11462
0.2803	0.17305	0.14114
0.18978	0.07442	0.06898
0.21538	0.13946	0.14559
0.23729	0.22144	0.16667
0.02727	0.00499	0.0
0.112	0.07948	0.05814
0.15534	0.07832	0.05114
0.1087	0.10028	0.08772
0.38776	0.32952	0.30775
0.27907	0.1197	0.11356
0.21359	0.12183	0.12313
0.23077	0.15385	0.12308
0.3125	0.21615	0.20776
0.09211	0.05859	0.04214
0.16667	0.08442	0.05774
0.22222	0.16989	0.1325
0.0354	0.00343	0.00194
0.03614	0.03614	0.02941
0.04938	0.04938	0.04
0.2029	0.2029	0.17391
0.32258	0.16753	0.14179
0.20968	0.15818	0.14473
0.16949	0.09458	0.08022
0.22857	0.206	0.19056
0.19101	0.09934	0.06213
0.19697	0.11829	0.0891
0.26882	0.16029	0.1262
0.02222	0.02222	0.01961
0.12088	0.0858	0.07029
0.07333	0.02817	0.0177
0.08108	0.04818	0.0398
0.37113	0.31795	0.29907
0.31818	0.15547	0.15839
0.0989	0.0429	0.06226
0.32	0.16619	0.18228
0.0	0.0	0.0
0.06977	0.02426	0.01803
0.19149	0.12596	0.12788
0.18367	0.14846	0.1199
0.0	0.0	0.0
0.17931	0.14907	0.15029
0.30909	0.14926	0.108
0.2619	0.13596	0.12307
0.12903	0.06515	0.05389
0.16667	0.05377	0.06451
0.19	0.15711	0.16818
0.10897	0.10401	0.09574
0.12329	0.06805	0.05553
0.26804	0.18025	0.14438
0.13415	0.08851	0.07806
0.28873	0.21356	0.20587
0.18182	0.08504	0.10852
0.09375	0.07158	0.05956
0.1519	0.12577	0.14026
0.0	0.0	0.0
0.02222	0.02222	0.01754
0.07299	0.02567	0.04014
0.13043	0.09853	0.10414
0.18935	0.07559	0.04352
0.11765	0.02809	0.03289
0.1157	0.04745	0.02932
0.20968	0.1556	0.13926
0.08861	0.03881	0.0364
0.25	0.18168	0.16648
0.06061	0.04864	0.02491
0.05063	0.03961	0.02128
0.08065	0.04008	0.05644
0.0	0.0	0.0
0.24	0.12064	0.13374
0.21429	0.17033	0.14821
0.22642	0.17347	0.19006
0.01136	0.01136	0.0
0.32143	0.19413	0.13
0.09402	0.05873	0.05479
0.06122	0.01646	0.00323
0.16667	0.08959	0.12381
0.1	0.03901	0.04883
0.28161	0.1524	0.1377
0.13014	0.07071	0.06142
0.07447	0.02747	0.01982
0.05926	0.03896	0.03995
0.10476	0.09585	0.05984
0.02222	0.00358	0.00115
0.17143	0.05347	0.04576
0.30769	0.13302	0.1731
0.07767	0.07016	0.04762
0.2	0.14302	0.12367
0.20536	0.12963	0.10921
0.2907	0.24175	0.23828
0.25397	0.12749	0.09916
0.23077	0.21638	0.20513
0.07285	0.02905	0.01765
0.29333	0.22197	0.20229
0.01282	0.0029	0.0
0.05634	0.00772	0.00287
0.1194	0.10785	0.1
0.12245	0.06056	0.07168
0.11957	0.06592	0.05588
0.02222	0.01028	0.0008
0.37226	0.27598	0.28067
0.43478	0.17399	0.11145
0.13462	0.08561	0.07937
0.41053	0.25573	0.24286
0.0411	0.03049	0.02326
0.02105	0.00476	0.0
0.01515	0.01515	0.01205
0.08247	0.07284	0.035
0.12676	0.06044	0.04914
0.09859	0.06224	0.04651
0.13953	0.11178	0.10087
0.10569	0.08446	0.09058
0.22222	0.10035	0.06217
0.21739	0.16165	0.18111
0.12037	0.04183	0.03951
0.05825	0.02568	0.01667
0.29091	0.1622	0.1473
0.2605	0.23801	0.22538
0.02581	0.00915	0.00142
0.09677	0.04319	0.02878
0.27922	0.17829	0.18383
0.0	0.0	0.0
0.2233	0.12653	0.07842
0.02667	0.01635	0.02128
0.17778	0.1441	0.14605
0.23077	0.07238	0.03575
0.16346	0.16346	0.14754
0.17105	0.10654	0.1153
0.05263	0.04279	0.01805
0.34667	0.18152	0.14919
0.12857	0.06683	0.11111
0.04717	0.03439	0.02527
0.17021	0.1347	0.1302
0.09375	0.03883	0.05603
0.15385	0.06603	0.06059
0.05512	0.01754	0.01851
0.18699	0.0842	0.06867
0.11538	0.05915	0.04841
0.21795	0.16131	0.13185
0.03968	0.0192	0.02564
0.04464	0.02765	0.01318
0.07778	0.03082	0.01981
0.41346	0.24602	0.24492
0.11321	0.0694	0.05503
0.30488	0.21245	0.21067
0.46032	0.18537	0.17556
0.04651	0.03488	0.03043
0.26316	0.20996	0.20433
0.08772	0.05887	0.03822
0.10843	0.07308	0.07379
0.11043	0.09283	0.09388
0.13445	0.09029	0.10359
0.02963	0.0227	0.02458
0.32911	0.19397	0.18176
0.02222	0.00358	0.00115
0.07477	0.05607	0.03892
0.10156	0.04891	0.0486
0.18182	0.11281	0.08707
0.19469	0.17642	0.15714
0.04396	0.01737	0.00359
0.35537	0.28155	0.24219
0.0	0.0	0.0
0.14935	0.08715	0.06803
0.13821	0.07895	0.0819
0.31959	0.23379	0.20175
0.05172	0.02947	0.01568
0.12621	0.09365	0.1028
0.1	0.05593	0.02958
0.21111	0.10181	0.0704
0.3125	0.24194	0.21951
0.03409	0.00403	0.00366
0.08772	0.03395	0.04791
0.06796	0.02131	0.02313
0.2426	0.22848	0.18631
0.34831	0.24721	0.2097
0.06364	0.00821	0.0
0.38095	0.28881	0.21674
0.30337	0.22511	0.21315
0.08081	0.02771	0.01895
0.38346	0.30028	0.29868
0.10345	0.08288	0.07483
0.06796	0.03163	0.01587
0.01075	0.00139	0.0
0.27536	0.23751	0.23407
0.25	0.23548	0.22222
0.26667	0.18067	0.16847
0.19286	0.14609	0.12359
0.19792	0.11294	0.12059
0.07778	0.04803	0.02171
0.20513	0.12781	0.11524
0.025	0.01612	0.00617
0.09091	0.02999	0.0466
0.11111	0.04335	0.04968
0.18182	0.17368	0.15538
0.20769	0.15907	0.14353
0.19697	0.11829	0.0891
0.40909	0.21117	0.17239
0.22892	0.12982	0.11725
0.11404	0.08857	0.10632
0.14407	0.08529	0.05973
0.14286	0.0722	0.05509
0.0125	0.00161	0.0
0.03077	0.01738	0.01282
0.1716	0.09696	0.06179
0.13223	0.04774	0.03359
0.1457	0.05852	0.03735
0.1831	0.0659	0.0315
0.03636	0.00411	0.0
0.22785	0.09314	0.08404
0.26087	0.08557	0.08988
0.02667	0.02667	0.02083
0.06977	0.05102	0.07143
0.36364	0.2182	0.24063
0.29545	0.15102	0.08786
0.0625	0.0625	0.05128
0.0	0.0	0.0
0.21739	0.07717	0.0796
0.0	0.0	0.0
0.04545	0.03702	0.03774
0.0	0.0	0.0
0.19277	0.12128	0.12273
0.01724	0.00112	0.00191
0.1	0.05019	0.02524
0.10811	0.0837	0.06953
0.60976	0.40839	0.30806
0.05556	0.0439	0.02439
0.28049	0.20145	0.21902
0.26804	0.21651	0.2231
0.35156	0.3047	0.28697
0.24638	0.10196	0.07224
0.22667	0.17076	0.15032
0.16923	0.15732	0.12821
0.2449	0.11788	0.10464
0.07353	0.02135	0.00473
0.1	0.06388	0.06452
0.52273	0.36884	0.31155
0.27941	0.12907	0.12988
0.0	0.0	0.0
0.06796	0.04542	0.0536
0.02632	0.00424	0.0
0.16327	0.15076	0.15869
0.01667	0.01667	0.02778
0.14773	0.08798	0.0772
0.12857	0.07281	0.05191
0.28182	0.21438	0.17285
0.07576	0.05182	0.04878
0.10526	0.06961	0.05642
0.24242	0.12708	0.11289
0.0	0.0	0.0
0.02083	0.00673	0.01114
0.18797	0.12832	0.12561
0.01695	0.01695	0.0
0.36364	0.24442	0.2289
0.24074	0.09978	0.09585
0.01653	0.0136	0.00884
0.20896	0.13436	0.13443
0.44156	0.25939	0.27215
0.62162	0.32261	0.29779
0.09859	0.06315	0.06953
0.06349	0.021	0.02971
0.1087	0.07117	0.05357
0.28283	0.22874	0.25602
0.06383	0.0254	0.00606
0.16162	0.10787	0.07753
0.29808	0.28909	0.2459
0.68919	0.47347	0.40328
0.05556	0.0215	0.02564
0.12329	0.08793	0.04651
0.13433	0.0756	0.08062
0.06154	0.03723	0.03062
0.06723	0.03876	0.04117
0.17442	0.13653	0.1322
0.24074	0.14878	0.13003
0.3125	0.21574	0.21521
0.17949	0.14517	0.14867
0.09524	0.04097	0.04795
0.0625	0.0625	0.05128
0.10606	0.06647	0.05376
0.14103	0.05874	0.05796
0.35455	0.19825	0.16951
3.16667	2.74204	2.56007
0.12766	0.02679	0.02322
0.12821	0.05131	0.07121
0.14141	0.05149	0.0603
0.47368	0.34072	0.31183
0.08929	0.03371	0.01917
0.10938	0.05445	0.05603
0.01449	0.00468	0.00769
0.09091	0.04058	0.02632
0.08738	0.03602	0.01998
0.01408	0.00182	0.0
0.06818	0.04839	0.07604
0.11111	0.08244	0.05882
0.14706	0.09772	0.0814
0.05556	0.01465	0.02504
0.10959	0.07601	0.0724
0.21084	0.1442	0.13308
0.11538	0.04178	0.03638
0.32727	0.261	0.27557
0.29323	0.28135	0.27743
0.11429	0.06543	0.0
0.18072	0.16051	0.17308
0.34043	0.12564	0.12181
0.06061	0.04399	0.05268
0.17647	0.09072	0.09614
0.17143	0.17143	0.17778
0.18367	0.07767	0.08063
0.09589	0.05304	0.03602
0.48333	0.44517	0.39645
0.31373	0.16382	0.19056
0.06557	0.02751	0.04011
0.16162	0.09547	0.11022
0.19685	0.09831	0.09719
0.09	0.08258	0.06557
0.0354	0.00343	0.00194
0.08889	0.03154	0.02405
0.25926	0.17962	0.16428
0.01111	0.00072	0.00116
0.03774	0.03774	0.02941
0.09677	0.05021	0.05093
0.27068	0.22435	0.20392
0.14286	0.06529	0.08685
0.17949	0.11294	0.09881
0.0	0.0	0.0
0.1	0.05198	0.03989
0.0625	0.05322	0.02
0.25773	0.1703	0.16132
0.16	0.10152	0.08102
0.10714	0.04379	0.03512
0.0	0.0	0.0
0.03774	0.00245	0.00197
0.18889	0.15163	0.12846
0.17647	0.15275	0.07692
0.19231	0.14206	0.12802
0.69231	0.46592	0.40382
0.21154	0.17929	0.13735
0.14925	0.12375	0.1
0.14	0.10968	0.11397
0.07576	0.06061	0.05131
0.01923	0.01675	0.01587
0.20769	0.11812	0.10929
0.35593	0.19468	0.18106
0.14085	0.11859	0.09756
0.32558	0.19657	0.21118
0.30208	0.17608	0.1166
0.25301	0.23202	0.23325
0.49425	0.37339	0.31422
0.23729	0.12959	0.11971
0.30657	0.17358	0.1681
0.15054	0.10581	0.11321
0.3209	0.14567	0.10756
0.13158	0.0914	0.07673
0.19118	0.07828	0.06669
0.15217	0.13254	0.1064
0.12	0.07225	0.05766
0.13372	0.0814	0.06421
0.19643	0.13021	0.12124
0.19828	0.1271	0.11134
0.03529	0.01555	0.01961
0.40476	0.21738	0.17685
0.07812	0.0378	0.02971
0.45745	0.39363	0.37863
0.08411	0.06361	0.05211
0.15625	0.06906	0.06287
0.0597	0.04767	0.02381
0.26389	0.12191	0.12565
0.2	0.1613	0.15177
0.20652	0.10836	0.09892
0.08108	0.02442	0.01149
0.09677	0.07977	0.07407
0.18605	0.10955	0.10411
0.15152	0.12171	0.11724
0.31	0.18778	0.18623
0.03488	0.02401	0.01961
0.0	0.0	0.0
0.30357	0.21029	0.15445
0.11905	0.08793	0.07742
0.0	0.0	0.0
0.48333	0.35808	0.28425
0.30769	0.25724	0.25269
0.14286	0.07511	0.05183
0.02521	0.00271	0.00262
0.0	0.0	0.0
0.1	0.05019	0.04176
0.20619	0.10412	0.10502
0.22581	0.17933	0.14602
0.1028	0.08743	0.07937
0.15238	0.06452	0.03804
0.35088	0.18619	0.1369
0.4	0.23767	0.23572
0.24468	0.17161	0.16966
0.08861	0.05595	0.03971
0.08	0.0284	0.03672
0.0	0.0	0.0
0.15909	0.06232	0.00992
0.0339	0.01285	0.01449
0.05932	0.05276	0.05634
0.16667	0.10968	0.09394
0.15942	0.09304	0.05507
0.1134	0.1134	0.11475
0.43956	0.36763	0.294
0.30508	0.18047	0.16489
0.01961	0.00506	0.0
0.15126	0.12145	0.11541
0.1625	0.13065	0.1213
0.08257	0.06038	0.04981
0.09709	0.06734	0.05378
0.13846	0.10373	0.07409
0.01639	0.00952	0.0
0.20408	0.15076	0.13333
0.14925	0.07752	0.08385
0.35897	0.34699	0.33333
0.06667	0.06667	0.05556
0.04167	0.03561	0.02326
0.1039	0.03981	0.0477
0.19355	0.15298	0.15789
0.11029	0.05243	0.04972
0.07692	0.06502	0.05128
0.225	0.22465	0.18
0.13208	0.10225	0.09193
0.07333	0.02817	0.0177
0.16438	0.09501	0.07671
0.18824	0.18331	0.17713
0.10219	0.03509	0.02754
0.47059	0.27657	0.1887
0.29032	0.13635	0.12995
0.16364	0.14898	0.12903
0.1573	0.12143	0.12
0.11842	0.05138	0.04069
0.54878	0.45637	0.41333
0.11765	0.04032	0.03227
0.09333	0.04517	0.04842
0.12821	0.11249	0.11462
0.15534	0.11431	0.11667
0.11538	0.02773	0.03162
0.07229	0.02877	0.02488
0.23077	0.03641	0.01346
0.18462	0.17222	0.15
0.20588	0.06925	0.04563
0.12987	0.05614	0.05712
0.25556	0.12082	0.07453
0.61111	0.37519	0.26309
0.07634	0.07043	0.0641
0.22449	0.15339	0.1355
0.26087	0.26087	0.2381
0.0625	0.04502	0.0339
0.16327	0.08561	0.0731
0.07407	0.03406	0.03129
0.33333	0.19603	0.14886
0.27848	0.26338	0.24127
0.0	0.0	0.0
0.16964	0.10398	0.08275
0.12903	0.08635	0.05942
0.7191	0.41435	0.33936
0.03529	0.0038	0.00366
0.29032	0.13166	0.14651
0.475	0.36535	0.3252
0.14851	0.12393	0.11613
0.11667	0.10108	0.08824
0.28972	0.18574	0.16952
0.04878	0.03423	0.0121
0.0	0.0	0.0
0.28358	0.14206	0.12679
0.11828	0.0659	0.07259
0.25974	0.16968	0.14515
0.10101	0.03358	0.04148
0.08738	0.02413	0.01384
0.28767	0.22274	0.19707
0.28889	0.17778	0.17683
0.0	0.0	0.0
0.30769	0.14228	0.16
0.1831	0.0918	0.09539
0.32432	0.18703	0.16276
0.20408	0.08496	0.07317
0.26667	0.19313	0.18146
0.06452	0.06452	0.05455
0.4	0.20972	0.19565
0.22378	0.15272	0.16526
0.12766	0.09198	0.07754
0.06383	0.0182	0.00224
0.05405	0.03341	0.02057
0.41111	0.34642	0.30214
0.15517	0.094	0.09126
0.02941	0.02941	0.02326
0.04762	0.00693	0.00224
0.40217	0.33207	0.29542
0.0	0.0	0.0
0.41791	0.25136	0.21876
0.12658	0.06128	0.0467
0.20833	0.10665	0.08139
0.1828	0.11518	0.06454
0.13483	0.06455	0.05073
0.16071	0.09736	0.06453
0.13492	0.07398	0.0914
0.34783	0.22677	0.21344
0.57143	0.33031	0.2481
0.125	0.08873	0.0424
0.31111	0.30072	0.27391
0.28866	0.24776	0.21958
0.23913	0.08207	0.06868
0.15315	0.08633	0.08716
0.10687	0.0505	0.03558
0.08219	0.02078	0.02457
0.01786	0.01296	0.00637
0.1453	0.10037	0.08849
0.0303	0.00815	0.00557
0.1	0.05019	0.02524
0.13953	0.09641	0.08464
0.18519	0.18519	0.14706
0.20588	0.13726	0.16444
0.22857	0.15947	0.1517
0.15	0.03108	0.01244
0.18182	0.14443	0.10919
0.17045	0.07958	0.05282
0.16216	0.12336	0.10557
0.27586	0.1717	0.13812
0.18182	0.08065	0.08253
0.45122	0.38909	0.35148
0.23636	0.21584	0.191
0.15854	0.12038	0.10546
1.0	0.71396	0.737
0.15702	0.15702	0.12987
0.04717	0.03439	0.00745
0.21951	0.21951	0.19231
0.15	0.09679	0.07775
0.26	0.13228	0.11054
0.12766	0.0913	0.09056
0.03158	0.02241	0.01639
0.04054	0.00916	0.01507
0.43662	0.39118	0.407
0.69565	0.61713	0.62038
0.02143	0.00784	0.01631
0.21154	0.13896	0.08429
0.07362	0.06393	0.06
0.04478	0.00482	0.00462
0.10345	0.07787	0.08151
0.07595	0.07595	0.08247
0.12245	0.06122	0.0902
0.075	0.04059	0.04551
0.29545	0.26761	0.25644
0.04706	0.01671	0.02088
0.2	0.12619	0.1402
0.02326	0.02326	0.01961
0.13846	0.13176	0.11111
0.20354	0.15702	0.13627
0.0	0.0	0.0
0.30208	0.22079	0.22425
0.19658	0.13373	0.12322
0.07586	0.03383	0.04133
0.08235	0.04288	0.03922
0.28409	0.17377	0.14547
0.11333	0.05484	0.03366
0.08911	0.08305	0.06664
0.05952	0.02843	0.04776
0.22078	0.15607	0.16902
0.13483	0.05982	0.05783
0.33766	0.21575	0.21204
0.11429	0.05877	0.06268
0.06944	0.06856	0.06521
0.05479	0.0433	0.02326
0.08485	0.03872	0.03859
0.60748	0.41731	0.36097
0.07143	0.05346	0.02454
0.17526	0.11175	0.11689
0.22835	0.12676	0.09759
0.71818	0.57864	0.52319
0.0641	0.00663	0.00265
0.04673	0.02502	0.01837
0.19595	0.0872	0.07655
0.36066	0.3099	0.24334
0.07317	0.06334	0.05769
0.25	0.12953	0.16356
0.10959	0.05567	0.03838
0.21649	0.1204	0.09951
0.25556	0.22688	0.19525
0.0873	0.03481	0.0207
0.1195	0.04077	0.03316
0.1519	0.05922	0.03983
0.14474	0.0762	0.0627
0.15646	0.13386	0.13868
0.11719	0.06856	0.0721
0.14423	0.09554	0.10037
0.10596	0.05597	0.04751
0.42969	0.31403	0.25514
0.38462	0.19458	0.16375
0.29139	0.22625	0.22153
0.24074	0.10394	0.06686
0.25439	0.11661	0.09862
0.17204	0.12073	0.12313
0.05941	0.03289	0.03459
0.29008	0.19874	0.18447
0.2037	0.0768	0.06118
0.34021	0.17296	0.14305
0.04878	0.02598	0.02088
0.22222	0.08804	0.08538
0.12245	0.06056	0.07168
0.1828	0.16685	0.18282
0.21053	0.15689	0.18265
0.06364	0.06364	0.04412
0.16867	0.12398	0.09615
0.03774	0.014	0.01991
0.26804	0.23944	0.20546
0.21333	0.12219	0.10943
0.04878	0.02283	0.0121
0.07914	0.04758	0.04186
0.09494	0.05716	0.05194
0.12048	0.08861	0.08163
0.03448	0.01038	0.01034
0.14035	0.1064	0.1265
0.19388	0.17611	0.15254
0.23841	0.15681	0.13295
0.11842	0.10612	0.125
0.14894	0.09062	0.07
0.19149	0.13729	0.13309
0.25694	0.20051	0.16936
0.07432	0.0351	0.03402
0.08602	0.02776	0.00793
0.17021	0.0824	0.04117
0.17568	0.10419	0.106
0.24615	0.12806	0.09051
0.24051	0.15519	0.1304
0.13924	0.09311	0.08561
0.32787	0.201	0.1847
0.14634	0.12707	0.12245
0.15464	0.14566	0.13115
0.08108	0.04795	0.03506
0.09677	0.07977	0.07407
0.21154	0.12658	0.1393
0.41011	0.24901	0.25329
0.13445	0.08703	0.07204
0.23077	0.19009	0.17982
0.18349	0.14148	0.15337
0.21053	0.17786	0.2026
0.05825	0.02538	0.04588
0.13636	0.09783	0.09182
0.4486	0.40821	0.37602
0.088	0.03304	0.02828
0.43056	0.26258	0.1864
0.15556	0.0864	0.06963
0.29487	0.14106	0.11294
0.24359	0.09804	0.09088
0.13861	0.0821	0.06828
0.15385	0.14463	0.13793
0.0	0.0	0.0
0.42667	0.21249	0.23254
0.23308	0.16495	0.15486
0.01493	0.00337	0.0
0.05085	0.0071	0.00349
0.11504	0.06995	0.05377
0.25714	0.16316	0.13452
0.08182	0.01526	0.00908
0.20619	0.09413	0.08657
0.125	0.06856	0.05071
0.07339	0.03847	0.0435
0.22785	0.1458	0.13827
0.14286	0.14286	0.12766
0.12745	0.12745	0.11475
0.14504	0.08742	0.10005
0.09554	0.06227	0.06591
0.10791	0.05454	0.04646
0.31068	0.16476	0.1398
0.14286	0.12478	0.09562
0.18045	0.08198	0.0722
0.03185	0.00617	0.00312
0.16667	0.09337	0.09447
0.2	0.10485	0.11162
0.08955	0.05827	0.07428
0.08182	0.03696	0.0318
0.11258	0.03588	0.02411
0.06667	0.00916	0.00526
0.08772	0.07952	0.08542
0.1134	0.05588	0.0543
0.40496	0.19759	0.15547
0.13986	0.06001	0.04982
0.09877	0.047	0.02975
0.44737	0.26319	0.20401
0.03333	0.02133	0.01391
0.12727	0.03285	0.00897
0.2268	0.13336	0.14228
0.12308	0.066	0.06533
0.0	0.0	0.0
0.05085	0.01777	0.02408
0.04706	0.01709	0.00834
0.11364	0.06817	0.06021
0.40909	0.29108	0.26573
0.12245	0.07045	0.07546
0.17021	0.07826	0.0441
0.03419	0.02702	0.0137
0.19512	0.13573	0.11324
0.22642	0.15065	0.12774
0.05263	0.04346	0.04839
0.5618	0.42047	0.33337
0.18681	0.08189	0.07656
0.10256	0.03517	0.02306
0.01639	0.00211	0.0
0.75309	0.57232	0.51484
0.06931	0.01693	0.01957
0.0202	0.00294	0.0
0.1087	0.05402	0.0699
0.08046	0.05247	0.03794
0.21622	0.13622	0.12688
0.04808	0.03722	0.03175
0.01667	0.01667	0.02778
0.2907	0.20069	0.19236
0.02198	0.01312	0.0
0.17857	0.10312	0.06275
0.10112	0.05692	0.05771
0.375	0.16043	0.17008
0.18478	0.12378	0.09734
0.31897	0.19746	0.17039
0.02151	0.01145	0.01936
0.16667	0.16667	0.16071
0.04	0.02279	0.01227
0.17742	0.11865	0.09424
0.19178	0.12838	0.12905
0.02941	0.00807	0.00808
0.17797	0.11346	0.08604
0.02198	0.0094	0.01095
0.0	0.0	0.0
0.18421	0.12139	0.13604
0.22727	0.17414	0.16191
0.13043	0.08043	0.09002
0.00855	0.00772	0.01254
0.14925	0.0809	0.05148
0.05618	0.0511	0.049
0.23944	0.12903	0.09288
0.14894	0.07962	0.0801
0.13462	0.08159	0.07966
0.16923	0.06748	0.039
0.24272	0.22017	0.24812
0.01099	0.00248	0.0
0.37736	0.34755	0.36338
0.13333	0.02852	0.009
0.26667	0.18281	0.15654
0.27027	0.16089	0.1588
0.11765	0.05172	0.02912
0.11111	0.03894	0.02889
0.0	0.0	0.0
0.10588	0.09488	0.09434
0.5	0.3787	0.3145
0.08333	0.03762	0.02926
0.26724	0.18691	0.16858
0.13008	0.06242	0.07683
0.02913	0.0213	0.01667
0.24286	0.19864	0.18111
0.10687	0.05715	0.04179
0.22857	0.14287	0.0918
0.30435	0.26735	0.22493
0.23022	0.11419	0.09
0.17241	0.11291	0.088
0.49565	0.38463	0.37697
0.18519	0.10994	0.08847
0.12766	0.10089	0.08998
0.27586	0.1573	0.16586
0.18978	0.13942	0.1438
0.12	0.0713	0.09782
0.01429	0.00323	0.0
0.0	0.0	0.0
0.16393	0.10152	0.09255
0.18947	0.10121	0.07054
0.0597	0.00579	0.00497
0.21898	0.1347	0.12192
0.16949	0.05524	0.05163
0.06667	0.02473	0.00181
0.22414	0.11571	0.12292
0.17355	0.05761	0.05171
0.2125	0.11492	0.06634
0.16949	0.14051	0.16216
0.0	0.0	0.0
0.27835	0.18593	0.18826
0.11515	0.09365	0.09076
0.10959	0.06804	0.05539
0.02344	0.01663	0.0125
0.16429	0.16429	0.14607
0.14667	0.11485	0.09398
0.01724	0.00112	0.00176
0.2037	0.07799	0.05597
0.09184	0.08361	0.06667
0.12727	0.07303	0.07661
0.1625	0.073	0.0613
0.175	0.06978	0.05523
0.15152	0.12171	0.11724
0.19328	0.16402	0.16386
0.24194	0.1145	0.09255
0.0	0.0	0.0
0.15152	0.0909	0.08377
0.09375	0.05671	0.04719
0.0	0.0	0.0
0.28947	0.23855	0.2386
0.02667	0.01505	0.0
0.03883	0.03883	0.03125
0.11881	0.1105	0.09524
0.18644	0.04432	0.06454
0.1625	0.15242	0.11765
0.16822	0.11004	0.06914
0.25974	0.16927	0.15744
0.65333	0.35492	0.29102
0.21277	0.08719	0.0441
0.25974	0.18266	0.17113
0.35714	0.31155	0.2809
0.07627	0.04647	0.02829
0.17442	0.13279	0.11639
0.32	0.16733	0.16129
0.14545	0.08915	0.07924
0.18644	0.11427	0.08514
0.05797	0.00796	0.00462
0.22785	0.18662	0.16062
0.28571	0.21073	0.20687
0.01653	0.0136	0.00884
0.03488	0.00826	0.00683
0.16071	0.16071	0.11429
0.24211	0.17082	0.12511
0.17089	0.13415	0.13536
0.27723	0.222	0.20055
0.07975	0.04097	0.03098
0.13534	0.08198	0.09717
0.2	0.06869	0.06153
0.21875	0.12334	0.12695
0.14737	0.09849	0.07616
0.36538	0.25871	0.17697
0.0875	0.07423	0.06179
0.21649	0.12371	0.1029
0.15	0.12423	0.11293
0.04396	0.04396	0.01852
0.01099	0.00177	0.0
0.09231	0.05857	0.0389
0.5	0.47619	0.4181
0.03077	0.03077	0.02564
0.18627	0.09994	0.08583
0.12	0.06646	0.05826
0.18293	0.08066	0.03669
0.14286	0.05276	0.05197
0.31915	0.15996	0.16453
0.2193	0.12536	0.10497
0.17143	0.07054	0.05487
0.31313	0.18704	0.16184
0.37662	0.25056	0.2153
0.28788	0.27468	0.2302
0.2625	0.24275	0.26186
0.23611	0.12054	0.08891
0.18519	0.05588	0.06166
0.31944	0.29392	0.26498
0.02727	0.0044	0.0
0.01429	0.00646	0.01051
0.01031	0.01031	0.0
0.16667	0.09273	0.11135
0.04762	0.01894	0.03224
0.17881	0.12883	0.11148
0.1831	0.14675	0.11398
0.1	0.06292	0.05349
0.45614	0.31072	0.34945
0.30769	0.2159	0.19088
0.31818	0.29911	0.24138
0.14103	0.08727	0.07671
0.21212	0.14077	0.11913
0.26027	0.19666	0.20481
0.14458	0.11739	0.09679
0.3125	0.26967	0.25387
0.275	0.19396	0.14985
0.16667	0.08137	0.05261
0.28571	0.28571	0.24561
0.23404	0.07483	0.07097
0.12766	0.06315	0.05562
0.22093	0.1583	0.12525
0.11927	0.11187	0.08955
0.125	0.0337	0.01357
0.16234	0.11564	0.10636
0.06977	0.05102	0.07143
0.32927	0.28285	0.27649
0.01724	0.00112	0.00191
0.15789	0.14318	0.12512
0.02649	0.02093	0.02222
0.12037	0.04183	0.03951
0.04167	0.03293	0.01695
0.02326	0.0135	0.0
0.02727	0.01085	0.01638
0.44186	0.33912	0.34619
0.10526	0.06679	0.07494
0.2963	0.18102	0.21541
0.16364	0.16364	0.18182
0.29167	0.21773	0.20813
0.25	0.20037	0.1893
0.12844	0.09768	0.10026
0.21687	0.15118	0.1371
0.22047	0.16867	0.13762
0.07092	0.03456	0.01883
0.09333	0.03355	0.04255
0.06897	0.04383	0.0406
0.1875	0.13979	0.15337
