0.0	0.0	0.0
0.3	0.3	0.27778
0.0	0.0	0.0
0.17582	0.16377	0.12733
0.05405	0.04926	0.04545
0.06944	0.06138	0.04651
0.03659	0.03659	0.02
0.0	0.0	0.0
0.0	0.0	0.0
0.0396	0.03641	0.01695
0.0	0.0	0.0
0.10938	0.10231	0.11579
0.08642	0.0681	0.06649
0.12281	0.11432	0.09091
0.0625	0.0625	0.04348
0.15254	0.14077	0.16763
0.0	0.0	0.0
0.0	0.0	0.0
0.0087	0.00561	0.0
0.0	0.0	0.0
0.0	0.0	0.0
0.04444	0.04659	0.04164
0.0	0.0	0.0
0.0	0.0	0.0
0.15556	0.15806	0.12671
0.00585	0.00377	0.0
0.03175	0.02816	0.04549
0.09259	0.09796	0.09677
0.04545	0.09091	0.13793
0.08791	0.06202	0.05674
0.24638	0.21503	0.24227
0.0	0.0	0.0
0.0	0.0	0.0
0.28302	0.2836	0.31511
0.02222	0.02867	0.01612
0.25424	0.26568	0.19767
0.01351	0.00697	0.0
0.07071	0.05995	0.02207
0.04348	0.04007	0.04641
0.0	0.0	0.0
0.0	0.0	0.0
0.02353	0.03642	0.02529
0.0	0.0	0.0
0.03226	0.02861	0.01843
0.09554	0.09184	0.08871
0.15152	0.16665	0.19013
0.14634	0.14946	0.12067
0.07273	0.06627	0.0635
0.02222	0.02222	0.01852
0.26042	0.24729	0.21657
0.30986	0.28486	0.30107
0.025	0.025	0.02041
0.0	0.0	0.0
0.25	0.25	0.22222
0.0	0.0	0.0
0.20492	0.20492	0.18667
0.10526	0.09111	0.10435
0.19643	0.18173	0.14399
0.56667	0.58113	0.49605
0.07246	0.08087	0.05725
0.10345	0.10937	0.12658
0.17568	0.17088	0.19565
0.0	0.0	0.0
0.0	0.0	0.0
0.03846	0.03846	0.04031
0.08434	0.08745	0.0869
0.08219	0.07821	0.09062
0.06154	0.06005	0.05128
0.11702	0.11702	0.10169
0.07778	0.07527	0.05263
0.01869	0.01869	0.01493
0.13333	0.23511	0.26667
0.08696	0.08696	0.07273
0.0	0.0	0.0
0.08046	0.08046	0.06481
0.02174	0.02174	0.01754
0.0	0.0	0.0
0.37143	0.35067	0.33167
0.0	0.0	0.0
0.02985	0.03634	0.02899
0.0	0.0	0.0
0.05814	0.05176	0.04652
0.08772	0.08772	0.05882
0.0	0.0	0.0
0.0	0.0	0.0
0.08197	0.09518	0.11662
0.11765	0.11536	0.09615
0.0	0.0	0.0
0.20755	0.20755	0.17647
0.0	0.0	0.0
0.16477	0.16056	0.14151
0.0	0.0	0.0
0.07843	0.08506	0.08703
0.07955	0.07734	0.05234
0.01538	0.00992	0.0
0.0	0.0	0.0
0.0	0.0	0.0
0.06818	0.06818	0.07018
0.12069	0.11262	0.11268
0.38983	0.39557	0.37573
0.0	0.0	0.0
0.0087	0.0087	0.0
0.14815	0.14157	0.12561
0.0	0.0	0.0
0.11628	0.11947	0.10902
0.13846	0.12505	0.09426
0.0	0.0	0.0
0.0241	0.01865	0.00506
0.06993	0.07286	0.07193
0.06329	0.06573	0.06122
0.0	0.0	0.0
0.22772	0.22772	0.20339
0.16832	0.15618	0.14932
0.23529	0.25	0.25581
0.0	0.0	0.0
0.19178	0.19178	0.20455
0.10227	0.10227	0.09434
0.13636	0.13636	0.14035
0.23288	0.22801	0.19565
0.03419	0.03391	0.00358
0.11864	0.11864	0.10811
0.0	0.0	0.0
0.2093	0.2468	0.24192
0.14583	0.14951	0.13124
0.07059	0.0757	0.08032
0.09859	0.09539	0.07757
0.46789	0.45279	0.4165
0.0	0.0	0.0
0.20354	0.19954	0.17064
0.09375	0.09375	0.07692
0.3481	0.34932	0.31613
0.0	0.0	0.0
0.0	0.0	0.0
0.0	0.0	0.0
0.14286	0.14286	0.13699
0.0	0.0	0.0
0.0411	0.0411	0.04444
0.0	0.0	0.0
0.05882	0.06451	0.0517
0.19417	0.18101	0.1454
0.34211	0.29454	0.30745
0.10714	0.10714	0.08696
0.09091	0.07787	0.07826
0.0	0.0	0.0
0.21649	0.20318	0.18019
0.1875	0.18593	0.15909
0.0	0.0	0.0
0.06299	0.05384	0.03715
0.10526	0.09889	0.09817
0.22086	0.19155	0.16096
0.0	0.0	0.0
0.01802	0.01802	0.01538
0.0	0.0	0.0
0.24658	0.28012	0.2559
0.11404	0.0962	0.0751
0.0	0.0	0.0
0.0	0.0	0.0
0.16304	0.15813	0.14815
0.07647	0.08254	0.07754
0.15929	0.15929	0.12857
0.18293	0.18293	0.16
0.0	0.0	0.0
0.29032	0.29032	0.26316
0.0	0.0	0.0
0.11966	0.11966	0.11594
0.01429	0.01429	0.0
0.0	0.0	0.0
0.22222	0.22222	0.17949
0.0875	0.0875	0.07143
0.12739	0.13786	0.12733
0.02632	0.01995	0.0
0.02941	0.02214	0.01667
0.0	0.0	0.0
0.0	0.0	0.0
0.0	0.0	0.0
0.24299	0.2505	0.2643
0.0	0.0	0.0
0.1134	0.13002	0.10483
0.25424	0.26568	0.19767
0.0	0.0	0.0
0.0	0.0	0.0
0.0	0.0	0.0
0.13636	0.15883	0.19524
0.46296	0.44862	0.41603
0.0	0.0	0.0
0.0	0.0	0.0
0.29851	0.27104	0.28493
0.0	0.0	0.0
0.0	0.0	0.0
0.0	0.0	0.0
0.0	0.0	0.0
0.09589	0.08174	0.06305
0.0	0.0	0.0
0.0	0.0	0.0
0.0	0.0	0.0
0.0	0.0	0.0
0.10526	0.09111	0.10435
0.28947	0.31363	0.3199
0.16438	0.15952	0.17778
0.08247	0.08213	0.01695
0.07237	0.07237	0.07609
0.0	0.0	0.0
0.0	0.0	0.0
0.0	0.0	0.0
0.0	0.0	0.0
0.22549	0.21377	0.21402
0.22093	0.22093	0.20755
0.03333	0.02974	0.01786
0.0	0.0	0.0
0.0	0.0	0.0
0.03846	0.03846	0.04031
0.0	0.0	0.0
0.01942	0.01597	0.01639
0.05495	0.05246	0.03509
0.0	0.0	0.0
0.0	0.0	0.0
0.2	0.2	0.19737
0.07558	0.07558	0.06542
0.0	0.0	0.0
0.0	0.0	0.0
0.0	0.0	0.0
0.0	0.0	0.0
0.27143	0.26174	0.24543
0.0	0.0	0.0
0.19178	0.19178	0.20455
0.0	0.0	0.0
0.0	0.0	0.0
0.0	0.0	0.0
0.1145	0.11278	0.09877
0.20968	0.20968	0.17949
0.0625	0.0625	0.05882
0.0	0.0	0.0
0.22667	0.22667	0.19149
0.11864	0.11864	0.10811
0.0	0.0	0.0
0.0	0.0	0.0
0.0	0.0	0.0
0.0	0.0	0.0
0.0	0.0	0.0
0.0	0.0	0.0
0.0	0.0	0.0
0.01974	0.01591	0.01087
0.0	0.0	0.0
0.0	0.0	0.0
0.04348	0.04007	0.04641
0.12121	0.09481	0.1121
0.28814	0.28814	0.25714
0.0	0.0	0.0
0.0241	0.02176	0.01012
0.20325	0.20325	0.18421
0.46296	0.51607	0.44395
0.04	0.02881	0.02926
0.22772	0.22772	0.20339
0.0	0.0	0.0
0.28333	0.28333	0.25
0.23529	0.25	0.25581
0.0	0.0	0.0
0.00962	0.00992	0.0
0.0	0.0	0.0
0.0	0.0	0.0
0.0	0.0	0.0
0.15029	0.15029	0.13462
0.0	0.0	0.0
0.0	0.0	0.0
0.0	0.0	0.0
0.08929	0.09619	0.11147
0.0	0.0	0.0
0.06299	0.05384	0.03715
0.0	0.0	0.0
0.0	0.0	0.0
0.0	0.0	0.0
0.0	0.0	0.0
0.0	0.0	0.0
0.03333	0.03656	0.04164
0.17708	0.17573	0.14488
0.0	0.0	0.0
0.0	0.0	0.0
0.0	0.0	0.0
0.01099	0.00709	0.0
0.0	0.0	0.0
0.0	0.0	0.0
0.0989	0.05777	0.03763
0.15385	0.13795	0.16993
0.09091	0.1126	0.09375
0.02222	0.02867	0.01612
0.0	0.0	0.0
0.0	0.0	0.0
0.0	0.0	0.0
0.0	0.0	0.0
0.0	0.0	0.0
0.1625	0.20281	0.19958
0.0	0.0	0.0
0.22302	0.22926	0.21152
0.0	0.0	0.0
0.06723	0.07752	0.0729
0.0	0.0	0.0
0.24419	0.28205	0.3202
0.28788	0.28589	0.30105
0.00901	0.00901	0.01493
0.0	0.0	0.0
0.0	0.0	0.0
0.0	0.0	0.0
0.01176	0.01062	0.0
0.0	0.0	0.0
0.02062	0.01829	0.0
0.0	0.0	0.0
0.0	0.0	0.0
0.0	0.0	0.0
0.03704	0.02598	0.03225
0.0	0.0	0.0
0.0	0.0	0.0
0.0	0.0	0.0
0.0	0.0	0.0
0.0	0.0	0.0
0.0	0.0	0.0
0.0	0.0	0.0
0.0	0.0	0.0
0.0	0.0	0.0
0.0	0.0	0.0
0.0	0.0	0.0
0.0	0.0	0.0
0.07362	0.07362	0.05941
0.0	0.0	0.0
0.26923	0.25599	0.1606
0.0	0.0	0.0
0.0	0.0	0.0
0.0	0.0	0.0
0.0	0.0	0.0
0.0	0.0	0.0
0.0	0.0	0.0
0.07143	0.07143	0.06
0.0	0.0	0.0
0.0	0.0	0.0
0.1	0.1	0.08929
0.0	0.0	0.0
0.0	0.0	0.0
0.0	0.0	0.0
0.0	0.0	0.0
0.14286	0.14286	0.13699
0.21978	0.22048	0.20483
0.05217	0.05133	0.04589
0.0	0.0	0.0
0.15854	0.15184	0.14481
0.0	0.0	0.0
0.05941	0.06323	0.07231
0.10606	0.12853	0.1379
0.31111	0.28707	0.28177
0.03883	0.02004	0.02961
0.0087	0.00561	0.0
0.12821	0.122	0.11736
0.13559	0.13395	0.11429
0.06742	0.05364	0.05234
0.04444	0.04659	0.04164
0.27473	0.25096	0.2269
0.12	0.09762	0.10598
0.0	0.0	0.0
0.03604	0.03429	0.01538
0.1	0.06952	0.05721
0.125	0.13018	0.125
0.0	0.0	0.0
0.0	0.0	0.0
0.0	0.0	0.0
0.0	0.0	0.0
0.0	0.0	0.0
0.04938	0.0454	0.03478
0.4812	0.44962	0.38107
0.0	0.0	0.0
0.0	0.0	0.0
0.4026	0.35522	0.35883
0.06471	0.07077	0.07779
0.07143	0.06786	0.05902
0.0	0.0	0.0
0.0274	0.02077	0.0
0.21875	0.19	0.19675
0.07921	0.06387	0.02132
0.0495	0.04854	0.03226
0.02532	0.01306	0.00573
0.13559	0.12711	0.13493
0.39496	0.39413	0.37663
0.10112	0.10112	0.07407
0.0	0.0	0.0
0.17978	0.16672	0.11436
0.0	0.0	0.0
0.03333	0.03369	0.03629
0.0	0.0	0.0
0.48148	0.46624	0.43764
0.0087	0.0087	0.0
0.13333	0.12387	0.11308
0.24731	0.22128	0.20607
0.15152	0.16665	0.19013
0.13971	0.12049	0.07822
0.0	0.0	0.0
0.06944	0.06138	0.04651
0.10526	0.09111	0.10435
0.31429	0.32349	0.31253
0.07143	0.07143	0.0635
0.16304	0.15813	0.14815
0.2623	0.2623	0.22222
0.20492	0.20492	0.18667
0.0	0.0	0.0
0.04412	0.04412	0.02564
0.12048	0.12553	0.12838
0.08955	0.0881	0.09756
0.20253	0.20253	0.17391
0.24	0.2429	0.22914
0.0	0.0	0.0
0.2234	0.2028	0.13468
0.21552	0.21551	0.17607
0.55932	0.54834	0.476
0.18812	0.17789	0.14932
0.0	0.0	0.0
0.33333	0.3086	0.28494
0.0	0.0	0.0
0.24138	0.22052	0.17628
0.0	0.0	0.0
0.07692	0.06512	0.07231
0.23529	0.25	0.25581
0.05128	0.04508	0.05106
0.06742	0.06742	0.0566
0.0	0.0	0.0
0.12069	0.12069	0.08824
0.0	0.0	0.0
0.0274	0.03844	0.04545
0.15152	0.13782	0.08658
0.0566	0.05416	0.04642
0.0	0.0	0.0
0.03604	0.03429	0.01538
0.01111	0.01111	0.01786
0.33684	0.27602	0.20818
0.51429	0.4654	0.44942
0.01205	0.01205	0.0
0.0	0.0	0.0
0.14286	0.14286	0.13699
0.19178	0.19178	0.20455
0.0	0.0	0.0
0.21875	0.19892	0.16129
0.11864	0.11864	0.10811
0.0	0.0	0.0
0.0	0.0	0.0
0.11905	0.10637	0.08349
0.04587	0.04587	0.02985
0.13559	0.12464	0.15355
0.11475	0.11052	0.1058
0.24299	0.24809	0.2643
0.02222	0.02198	0.01612
0.20833	0.19219	0.12847
0.36667	0.35913	0.36917
0.01802	0.01627	0.0
0.19481	0.19019	0.20833
0.11921	0.11727	0.10693
0.14414	0.14414	0.11594
0.34459	0.335	0.30917
0.13043	0.13043	0.10909
0.01538	0.00992	0.0
0.01429	0.00737	0.0
0.01775	0.01565	0.0
0.0	0.0	0.0
0.07563	0.06858	0.06849
0.0	0.0	0.0
0.0	0.0	0.0
0.18605	0.15528	0.11636
0.1	0.10967	0.1105
0.0241	0.01865	0.00506
0.08642	0.08402	0.08
0.06504	0.07867	0.07809
0.12821	0.12517	0.11594
0.06452	0.05654	0.05085
0.01429	0.01429	0.0
0.07353	0.04909	0.02902
0.11111	0.09676	0.09881
0.27473	0.24635	0.24431
0.1958	0.18565	0.16202
0.40984	0.3543	0.31361
0.12346	0.11947	0.11322
0.34211	0.31493	0.29855
0.10169	0.08118	0.06451
0.16667	0.16463	0.14423
0.11765	0.11026	0.09992
0.06579	0.07172	0.06738
0.04	0.03548	0.01724
0.07018	0.07018	0.06452
0.02778	0.03897	0.04651
0.01111	0.01111	0.01786
0.35789	0.28824	0.21287
0.05479	0.04993	0.04444
0.24138	0.27845	0.25623
0.15625	0.11692	0.11662
0.11475	0.10443	0.11741
0.38983	0.38814	0.29727
0.0	0.0	0.0
0.07143	0.07564	0.06957
0.12871	0.11784	0.09313
0.06667	0.06193	0.06667
0.09589	0.10427	0.09164
0.1131	0.11482	0.10112
0.0	0.0	0.0
0.08219	0.07821	0.09062
0.3	0.28749	0.2344
0.30769	0.26846	0.2411
0.0	0.0	0.0
0.44286	0.3594	0.42647
0.08	0.08838	0.04811
0.0	0.0	0.0
0.01124	0.01124	0.01852
0.0	0.0	0.0
0.0	0.0	0.0
0.01639	0.00846	0.0
0.10563	0.11562	0.1064
0.10791	0.12925	0.13407
0.11828	0.11828	0.10345
0.10303	0.1087	0.08675
0.0	0.0	0.0
0.0	0.0	0.0
0.0	0.0	0.0
0.09231	0.0794	0.08145
0.18095	0.18032	0.171
0.17442	0.17442	0.16981
0.14545	0.1302	0.09873
0.24088	0.22626	0.20199
0.0	0.0	0.0
0.25424	0.28756	0.28044
0.62264	0.60251	0.65239
0.0	0.0	0.0
0.27632	0.25933	0.27711
0.0	0.0	0.0
0.17742	0.17742	0.16216
0.16667	0.18217	0.17271
0.0	0.0	0.0
0.0	0.0	0.0
0.1129	0.1129	0.11111
0.14118	0.15294	0.13462
0.06757	0.06407	0.04618
0.0219	0.0219	0.01235
0.0	0.0	0.0
0.06716	0.06644	0.0625
0.21839	0.22061	0.18519
0.08333	0.08172	0.05263
0.0	0.0	0.0
0.26027	0.26027	0.23256
0.39216	0.38994	0.37097
0.03361	0.02548	0.017
0.11628	0.11053	0.09426
0.0	0.0	0.0
0.19588	0.17492	0.13997
0.04762	0.06275	0.09204
0.08333	0.08333	0.06897
0.75926	0.72658	0.66685
0.0	0.0	0.0
0.14773	0.14332	0.135
0.0	0.0	0.0
0.0	0.0	0.0
0.33628	0.34456	0.3444
0.16393	0.15706	0.13677
0.01887	0.00487	0.0
0.0	0.0	0.0
0.33594	0.3445	0.32387
0.00613	0.00475	0.00806
0.225	0.225	0.26923
0.41379	0.4349	0.39716
0.03704	0.03763	0.0303
0.45192	0.46803	0.43234
0.15152	0.14612	0.14515
0.42857	0.4371	0.46553
0.14754	0.15492	0.10984
0.16279	0.16279	0.15686
0.0566	0.05173	0.06451
0.09836	0.09889	0.13978
0.09524	0.09524	0.08
0.1358	0.12584	0.1058
0.0404	0.0404	0.04839
0.0	0.0	0.0
0.15385	0.12715	0.08116
0.13291	0.13291	0.12371
0.09565	0.09565	0.08451
0.14815	0.14815	0.14286
0.09195	0.09417	0.07407
0.0	0.0	0.0
0.29412	0.28366	0.27771
0.0	0.0	0.0
0.04478	0.04478	0.025
0.08537	0.08537	0.08
0.07071	0.06582	0.05085
0.15476	0.16667	0.17308
0.41071	0.40146	0.37518
0.10092	0.1015	0.10543
0.17213	0.16816	0.15068
0.23529	0.22831	0.20213
0.1573	0.17506	0.20787
0.18605	0.16428	0.125
0.07692	0.06265	0.0625
0.12658	0.12658	0.10638
0.125	0.12258	0.1087
0.0	0.0	0.0
0.08219	0.08351	0.07096
0.04762	0.04762	0.02632
0.03226	0.03148	0.02778
0.03279	0.03279	0.02632
0.11111	0.12424	0.09012
0.13793	0.16962	0.18709
0.07071	0.07168	0.06669
0.30769	0.30731	0.29086
0.16	0.14451	0.12285
0.23864	0.22872	0.19593
0.0	0.0	0.0
0.04167	0.04167	0.03448
0.0	0.0	0.0
0.0	0.0	0.0
0.175	0.16747	0.12186
0.025	0.02016	0.0
0.0	0.0	0.0
0.0	0.0	0.0
0.27143	0.27143	0.25581
0.04167	0.04167	0.03571
0.0	0.0	0.0
0.08759	0.08217	0.0669
0.07143	0.047	0.04444
0.0	0.0	0.0
0.06024	0.06295	0.08294
0.14943	0.14386	0.15385
0.02857	0.02557	0.00933
0.16216	0.15604	0.12973
0.35938	0.35938	0.35
0.03077	0.05657	0.06103
0.36957	0.36488	0.32557
0.0	0.0	0.0
0.0	0.0	0.0
0.03509	0.03509	0.02857
0.0	0.0	0.0
0.42373	0.3991	0.37509
0.0	0.0	0.0
0.04348	0.04348	0.04444
0.0991	0.0991	0.08955
0.16842	0.15244	0.15213
0.29091	0.29091	0.24242
0.0	0.0	0.0
0.14423	0.13492	0.09482
0.04211	0.04006	0.04756
0.15753	0.1551	0.14389
0.09459	0.07149	0.06667
0.14925	0.16416	0.16205
0.08571	0.0788	0.08576
0.0	0.0	0.0
0.02941	0.02941	0.02439
0.1049	0.10151	0.09302
0.02299	0.02299	0.01923
0.42	0.38902	0.35166
0.38462	0.36625	0.34776
0.11321	0.11623	0.10884
0.1875	0.15422	0.1258
0.15753	0.15399	0.13672
0.21538	0.19503	0.15893
0.0	0.0	0.0
0.11504	0.12104	0.11267
0.03226	0.03226	0.02703
0.24528	0.24528	0.22581
0.20833	0.18861	0.18079
0.1371	0.11966	0.10505
0.0	0.0	0.0
0.31343	0.25515	0.24755
0.04706	0.04706	0.04082
0.13725	0.12206	0.08493
0.0	0.0	0.0
0.0	0.0	0.0
0.0	0.0	0.0
0.31746	0.22167	0.17697
0.0	0.0	0.0
0.0354	0.03739	0.04067
0.06849	0.06849	0.07143
0.0431	0.0317	0.01747
0.16842	0.17418	0.15746
0.0	0.0	0.0
0.0	0.0	0.0
0.14516	0.13579	0.11935
0.0	0.0	0.0
0.0	0.0	0.0
0.07258	0.05696	0.02572
0.11905	0.11905	0.13208
0.06579	0.06536	0.03518
0.06452	0.05255	0.05263
0.0	0.0	0.0
0.09302	0.0919	0.07843
0.0	0.0	0.0
0.0	0.0	0.0
0.44444	0.43169	0.37327
0.07042	0.06361	0.04762
0.03297	0.03048	0.01786
0.35897	0.35897	0.34783
0.12308	0.07889	0.048
0.06383	0.04461	0.03285
0.07595	0.08615	0.06383
0.4125	0.39956	0.34383
0.0	0.0	0.0
0.25926	0.25926	0.22059
0.13043	0.1178	0.09008
0.0	0.0	0.0
0.0	0.0	0.0
0.0625	0.08131	0.08197
0.0	0.0	0.0
0.29762	0.31833	0.30422
0.33333	0.31717	0.29814
0.19444	0.19444	0.17391
0.008	0.00413	0.00697
0.14062	0.14566	0.13482
0.0	0.0	0.0
0.18182	0.17558	0.18216
0.02857	0.02534	0.0
0.22642	0.21423	0.19561
0.08621	0.10038	0.07018
0.0	0.0	0.0
0.06918	0.06857	0.05882
0.03614	0.03614	0.04
0.04545	0.04545	0.04878
0.12222	0.10214	0.08521
0.03448	0.02595	0.01786
0.11009	0.12044	0.14242
0.10476	0.10476	0.10145
0.02564	0.00662	0.0
0.07463	0.07463	0.07895
0.01961	0.01961	0.01639
0.13235	0.11384	0.1258
0.0	0.0	0.0
0.0	0.0	0.0
0.11111	0.09796	0.08516
0.0	0.0	0.0
0.14706	0.14753	0.09756
0.02128	0.02128	0.0
0.18367	0.18367	0.16667
0.2931	0.27419	0.23529
0.32143	0.30757	0.26468
0.03659	0.03659	0.03846
0.08163	0.08163	0.1
0.05882	0.05454	0.051
0.0	0.0	0.0
0.0	0.0	0.0
0.29487	0.26217	0.28467
0.01739	0.01234	0.0
0.15909	0.15027	0.13124
0.08333	0.08333	0.06897
0.0	0.0	0.0
0.0	0.0	0.0
0.0	0.0	0.0
0.10976	0.12154	0.11224
0.32653	0.31893	0.34121
0.01961	0.01961	0.0
0.0	0.0	0.0
0.05594	0.05527	0.04651
0.0	0.0	0.0
0.0	0.0	0.0
0.03571	0.03571	0.02778
0.01818	0.01818	0.0
0.0	0.0	0.0
0.0	0.0	0.0
0.12121	0.10018	0.09283
0.0	0.0	0.0
0.33	0.31064	0.2715
0.18692	0.19806	0.20866
0.13514	0.13557	0.11628
0.0	0.0	0.0
0.0625	0.04939	0.0
0.04839	0.03642	0.02703
0.0	0.0	0.0
0.1831	0.17035	0.12824
0.0	0.0	0.0
0.15663	0.14729	0.10816
0.16418	0.15887	0.12862
0.34091	0.28957	0.33293
0.22857	0.21841	0.21625
0.05109	0.04756	0.04651
0.25	0.25	0.22581
0.03333	0.04767	0.04404
0.07955	0.06744	0.06208
0.01389	0.00717	0.012
0.04938	0.02668	0.01075
0.0	0.0	0.0
0.0	0.0	0.0
0.07246	0.07152	0.02564
0.1913	0.19577	0.19486
0.34118	0.34118	0.32
0.0	0.0	0.0
0.15556	0.15556	0.1375
0.0	0.0	0.0
0.0	0.0	0.0
0.05769	0.05583	0.03226
0.2906	0.28232	0.26389
0.07937	0.08602	0.08997
0.35514	0.34699	0.27803
0.04412	0.04412	0.02381
0.11475	0.09889	0.11177
0.0	0.0	0.0
0.1165	0.1165	0.10938
0.18966	0.15293	0.13
0.08108	0.06624	0.04167
0.13462	0.11475	0.077
0.0	0.0	0.0
0.0	0.0	0.0
0.0	0.0	0.0
0.08462	0.08462	0.06579
0.0	0.0	0.0
0.08571	0.08571	0.08235
0.16154	0.12878	0.11692
0.59701	0.59172	0.55814
0.0	0.0	0.0
0.01111	0.01111	0.01786
0.0	0.0	0.0
0.1236	0.12142	0.10714
0.1134	0.09876	0.07074
0.0	0.0	0.0
0.0	0.0	0.0
0.59259	0.59259	0.52941
0.0	0.0	0.0
0.0	0.0	0.0
0.125	0.1241	0.10778
0.12308	0.11017	0.09309
0.0	0.0	0.0
0.05882	0.05882	0.05634
0.0	0.0	0.0
0.0	0.0	0.0
0.10674	0.1013	0.10469
0.04918	0.04548	0.02632
0.05195	0.05278	0.06809
0.0	0.0	0.0
0.41935	0.40215	0.38385
0.0	0.0	0.0
0.31507	0.2576	0.18753
0.16667	0.15889	0.17076
0.39326	0.41967	0.39363
0.03846	0.07692	0.08824
0.03497	0.04692	0.06229
0.18182	0.18182	0.16667
0.04	0.04	0.03333
0.03922	0.03922	0.03448
0.17105	0.14686	0.11111
0.10526	0.0955	0.09302
0.0	0.0	0.0
0.04717	0.02525	0.00423
0.0	0.0	0.0
0.07692	0.06947	0.05188
0.0	0.0	0.0
0.09677	0.10371	0.10909
0.24419	0.24642	0.24283
0.0	0.0	0.0
0.0	0.0	0.0
0.0	0.0	0.0
0.0	0.0	0.0
0.04167	0.03494	0.03526
0.23913	0.23176	0.23995
0.25	0.25314	0.24827
0.19298	0.19128	0.15625
0.0	0.0	0.0
0.17708	0.17708	0.16364
0.17391	0.18886	0.195
0.03704	0.03017	0.03421
0.00847	0.00847	0.0
0.02667	0.02667	0.02273
0.09574	0.08098	0.089
0.22727	0.20745	0.24315
0.09459	0.09023	0.08765
0.19118	0.19401	0.19668
0.0	0.0	0.0
0.125	0.11239	0.09253
0.01282	0.00662	0.00974
0.19403	0.18533	0.20923
0.15294	0.15255	0.15622
0.01389	0.01389	0.0
0.26582	0.23681	0.21314
0.27619	0.2728	0.2381
0.19149	0.1757	0.12903
0.0	0.0	0.0
0.18367	0.16522	0.1172
0.0	0.0	0.0
0.225	0.19151	0.17773
0.03077	0.02928	0.02632
0.17647	0.17618	0.17144
0.18667	0.21201	0.22437
0.24286	0.22719	0.19662
0.20155	0.18979	0.19272
0.01709	0.01709	0.01389
0.40351	0.36216	0.28044
0.05102	0.04345	0.03763
0.00909	0.00909	0.01408
0.0	0.0	0.0
0.12281	0.10979	0.0905
0.34314	0.30613	0.26778
0.07246	0.07713	0.09283
0.02804	0.0434	0.04838
0.0	0.0	0.0
0.32558	0.30081	0.27023
0.0	0.0	0.0
0.06452	0.06452	0.07143
0.07826	0.07882	0.06361
0.17391	0.17391	0.13793
0.0	0.0	0.0
0.12195	0.12902	0.14714
0.0	0.0	0.0
0.05921	0.04626	0.04114
0.02381	0.01498	0.01961
0.03077	0.02531	0.02564
0.0	0.0	0.0
0.0	0.0	0.0
0.37288	0.35646	0.3403
0.08571	0.04746	0.04956
0.0	0.0	0.0
0.20408	0.20408	0.19355
0.0	0.0	0.0
0.04505	0.04185	0.02941
0.03896	0.02953	0.01367
0.0	0.0	0.0
0.28571	0.28877	0.28588
0.20455	0.20416	0.19891
0.07914	0.07914	0.08046
0.02941	0.02214	0.01667
0.04	0.03225	0.02273
0.0	0.0	0.0
0.45333	0.49371	0.5212
0.07143	0.08333	0.10417
0.05882	0.05565	0.0541
0.0	0.0	0.0
0.13415	0.13296	0.12
0.0	0.0	0.0
0.31034	0.31255	0.28508
0.15652	0.15652	0.14925
0.1	0.09032	0.09309
0.24528	0.23126	0.2591
0.03883	0.04854	0.04762
0.02703	0.02703	0.02326
0.14444	0.13763	0.12507
0.07778	0.07168	0.09139
0.25	0.23278	0.24103
0.04286	0.03226	0.02926
0.13636	0.1063	0.09149
0.08271	0.07567	0.06329
0.13934	0.13934	0.12162
0.0	0.0	0.0
0.01587	0.0041	0.0
0.19444	0.19444	0.16667
0.04878	0.03894	0.02745
0.0	0.0	0.0
0.06364	0.06041	0.04762
0.04386	0.03565	0.01772
0.19079	0.18591	0.16667
0.04819	0.04313	0.02245
0.14815	0.17083	0.15653
0.0	0.0	0.0
0.02655	0.02854	0.01817
0.1087	0.08904	0.03846
0.18919	0.18132	0.1788
0.39759	0.39406	0.35094
0.05195	0.04273	0.04978
0.05172	0.05283	0.05042
0.06122	0.06056	0.04444
0.05495	0.05495	0.05263
0.75625	0.73081	0.66949
0.26087	0.23141	0.17028
0.0411	0.04794	0.0482
0.0	0.0	0.0
0.09722	0.07213	0.02677
0.0	0.0	0.0
0.11111	0.11111	0.10714
0.08642	0.08642	0.07692
0.04878	0.04878	0.03922
0.15789	0.15789	0.14035
0.14035	0.1392	0.12318
0.0	0.0	0.0
0.42222	0.38133	0.36057
0.0	0.0	0.0
0.24828	0.24828	0.23529
0.23077	0.18733	0.16518
0.0	0.0	0.0
0.0	0.0	0.0
0.27419	0.22423	0.20138
0.10092	0.09648	0.09725
0.27273	0.23272	0.20171
0.0411	0.0411	0.02273
0.03448	0.03244	0.02804
0.12903	0.13787	0.146
0.09278	0.09278	0.08621
0.0	0.0	0.0
0.19767	0.19465	0.1777
0.08889	0.08064	0.08188
0.03419	0.02702	0.01772
0.05319	0.05079	0.07217
0.0125	0.00322	0.00538
0.1203	0.12248	0.12862
0.19048	0.17562	0.17247
0.14894	0.14894	0.125
0.0	0.0	0.0
0.01667	0.0043	0.00737
0.12977	0.12977	0.11392
0.0	0.0	0.0
0.16279	0.14141	0.13441
0.05691	0.05009	0.04054
0.19718	0.20354	0.18353
0.05224	0.05224	0.05952
0.0	0.0	0.0
0.0	0.0	0.0
0.17143	0.15053	0.12903
0.0	0.0	0.0
0.09639	0.08939	0.06516
0.0	0.0	0.0
0.0625	0.06905	0.07218
0.0	0.0	0.0
0.05155	0.04656	0.03125
0.09924	0.0985	0.07692
0.10769	0.08883	0.0579
0.0	0.0	0.0
0.0	0.0	0.0
0.0	0.0	0.0
0.20833	0.19085	0.14985
0.0	0.0	0.0
0.12857	0.14284	0.1542
0.14414	0.17435	0.15891
0.06211	0.06211	0.05882
0.34921	0.34459	0.31047
0.0	0.0	0.0
0.0	0.0	0.0
0.0	0.0	0.0
0.24719	0.25444	0.24528
0.0	0.0	0.0
0.03509	0.03168	0.0
0.16346	0.12747	0.09828
0.0	0.0	0.0
0.01064	0.00686	0.0
0.2924	0.28899	0.2879
0.05926	0.06475	0.06699
0.04412	0.037	0.03698
0.0	0.0	0.0
0.2439	0.24259	0.21665
0.03077	0.03126	0.02646
0.0	0.0	0.0
0.09375	0.0882	0.0794
0.08889	0.0724	0.07742
0.14167	0.14167	0.14667
0.20388	0.20388	0.2
0.1039	0.1131	0.10167
0.07143	0.07143	0.06818
0.08182	0.07624	0.09122
0.52874	0.52317	0.46377
0.0	0.0	0.0
0.06944	0.08064	0.07024
0.06452	0.06452	0.05172
0.17143	0.15621	0.14223
0.2069	0.21778	0.18378
0.12222	0.12974	0.11111
0.06316	0.06316	0.06667
0.0	0.0	0.0
0.02759	0.01401	0.00293
0.11111	0.10615	0.10157
0.20548	0.20548	0.18182
0.11382	0.11933	0.11417
0.0	0.0	0.0
0.0	0.0	0.0
0.05797	0.05096	0.048
0.04938	0.02827	0.03094
0.01786	0.02362	0.01897
0.09195	0.08639	0.07843
0.0	0.0	0.0
0.0	0.0	0.0
0.03478	0.03562	0.0243
0.15323	0.15323	0.14865
0.03226	0.03226	0.025
0.07273	0.06529	0.04791
0.05983	0.06672	0.05556
0.07843	0.09361	0.13793
0.09375	0.10306	0.14224
0.15741	0.15231	0.12561
0.0	0.0	0.0
0.09286	0.09286	0.09524
0.14286	0.14214	0.08363
0.03175	0.03098	0.02632
0.02885	0.01954	0.02062
0.04348	0.03272	0.02439
0.0	0.0	0.0
0.0	0.0	0.0
0.0	0.0	0.0
0.0	0.0	0.0
0.06579	0.06451	0.04545
0.072	0.072	0.06667
0.09524	0.10116	0.11568
0.04878	0.06333	0.05242
0.13605	0.13978	0.11957
0.01282	0.01282	0.0
0.0	0.0	0.0
0.12931	0.11846	0.08132
0.04762	0.03532	0.03612
0.10169	0.10169	0.09722
0.06087	0.06255	0.05958
0.10559	0.10519	0.0829
0.25243	0.25243	0.21875
0.03846	0.03163	0.03125
0.01587	0.01587	0.01316
0.29167	0.28268	0.24998
0.10377	0.09921	0.10181
0.0	0.0	0.0
0.34483	0.337	0.3594
0.01316	0.01316	0.0
0.15873	0.16997	0.1679
0.0	0.0	0.0
0.31169	0.30205	0.27259
0.10577	0.10112	0.12398
0.02128	0.02059	0.02447
0.15909	0.13306	0.11589
0.0	0.0	0.0
0.08861	0.06941	0.06809
0.03012	0.03012	0.02885
0.0	0.0	0.0
0.13592	0.16033	0.17765
0.0	0.0	0.0
0.0	0.0	0.0
0.28049	0.26159	0.19676
0.19266	0.21809	0.22182
0.08148	0.08124	0.07151
0.26724	0.28309	0.26133
0.04808	0.04094	0.03175
0.16216	0.17436	0.12536
0.14493	0.13603	0.06692
0.0	0.0	0.0
0.04464	0.04262	0.03594
0.01031	0.01031	0.01724
0.04348	0.04348	0.04167
0.26	0.2316	0.22257
0.10714	0.07488	0.05767
0.05988	0.06007	0.04838
0.13913	0.13323	0.1295
0.2	0.19627	0.1754
0.0	0.0	0.0
0.0	0.0	0.0
0.32353	0.35151	0.33044
0.07273	0.07273	0.08824
0.09091	0.09091	0.10417
0.0	0.0	0.0
0.16	0.14502	0.14218
0.02817	0.02817	0.0241
0.03636	0.03636	0.02941
0.168	0.1747	0.16608
0.0	0.0	0.0
0.0	0.0	0.0
0.27358	0.24741	0.20686
0.0	0.0	0.0
0.08333	0.08199	0.06831
0.04	0.04	0.02632
0.03636	0.01407	0.0
0.22549	0.2283	0.20758
0.14894	0.15304	0.13921
0.0	0.0	0.0
0.07801	0.0835	0.07411
0.02885	0.03163	0.0347
0.0	0.0	0.0
0.25287	0.24768	0.20064
0.02083	0.02016	0.0
0.0	0.0	0.0
0.0	0.0	0.0
0.02083	0.0271	0.03409
0.09211	0.09211	0.09091
0.0	0.0	0.0
0.16883	0.15018	0.13492
0.01149	0.01149	0.0
0.13103	0.13037	0.125
0.0	0.0	0.0
0.0	0.0	0.0
0.15306	0.17015	0.20186
0.0	0.0	0.0
0.04082	0.02765	0.03485
0.04098	0.04098	0.0274
0.2028	0.2021	0.18565
0.05	0.02741	0.01075
0.0	0.0	0.0
0.04762	0.04762	0.0396
0.0	0.0	0.0
0.0	0.0	0.0
0.17647	0.16175	0.15667
0.12397	0.12583	0.11269
0.0	0.0	0.0
0.1383	0.13177	0.10967
0.14706	0.14657	0.14144
0.47619	0.47308	0.41872
0.11268	0.11131	0.09756
0.01724	0.01724	0.01408
0.0	0.0	0.0
0.0	0.0	0.0
0.0	0.0	0.0
0.1375	0.1377	0.14032
0.09259	0.06689	0.03794
0.40187	0.42355	0.36003
0.0	0.0	0.0
0.0	0.0	0.0
0.57554	0.56787	0.49513
0.0	0.0	0.0
0.0	0.0	0.0
0.13245	0.13245	0.14894
0.08966	0.09521	0.12222
0.17089	0.17006	0.19061
0.23276	0.23276	0.21622
0.19828	0.19828	0.18056
0.05696	0.05635	0.05263
0.28767	0.28767	0.22222
0.22989	0.22989	0.21154
0.0	0.0	0.0
0.08333	0.0801	0.08195
0.05607	0.05577	0.04095
0.30769	0.29328	0.25726
0.21311	0.21311	0.18421
0.0625	0.0625	0.03448
0.0	0.0	0.0
0.18367	0.18367	0.16667
0.06944	0.07078	0.05447
0.0	0.0	0.0
0.0	0.0	0.0
0.0	0.0	0.0
0.13043	0.10612	0.09902
0.16176	0.16176	0.14634
0.17742	0.17742	0.17568
0.22727	0.18693	0.08986
0.20312	0.19202	0.15385
0.03279	0.02697	0.02703
0.0	0.0	0.0
0.025	0.025	0.02041
0.29412	0.29412	0.27419
0.21795	0.23281	0.22921
0.0	0.0	0.0
0.0283	0.03469	0.04183
0.0	0.0	0.0
0.0	0.0	0.0
0.02239	0.02287	0.02793
0.0	0.0	0.0
0.08966	0.08966	0.07778
0.02273	0.01711	0.0241
0.21277	0.21137	0.16907
0.17308	0.17152	0.15916
0.10204	0.0971	0.08929
0.15476	0.16742	0.11224
0.01613	0.01456	0.0
0.05882	0.06451	0.0702
0.0	0.0	0.0
0.10959	0.10959	0.11111
0.04545	0.04545	0.05769
0.2027	0.19965	0.20405
0.0	0.0	0.0
0.09722	0.08064	0.04878
0.33333	0.33333	0.31579
0.17895	0.16229	0.13459
0.09375	0.09408	0.08828
0.10345	0.09066	0.08692
0.0	0.0	0.0
0.03306	0.03892	0.05081
0.15179	0.15523	0.14231
0.25352	0.25352	0.24444
0.0	0.0	0.0
0.2069	0.20437	0.2127
0.26471	0.26471	0.23684
0.0	0.0	0.0
0.28261	0.2854	0.26685
0.0	0.0	0.0
0.0	0.0	0.0
0.0	0.0	0.0
0.0	0.0	0.0
0.0	0.0	0.0
0.0	0.0	0.0
0.15	0.12225	0.12687
0.0	0.0	0.0
0.11494	0.11494	0.11321
0.23364	0.23724	0.2571
0.04828	0.04828	0.05682
0.04762	0.05156	0.06112
0.15	0.1391	0.0898
0.16438	0.13963	0.09377
0.0	0.0	0.0
0.0	0.0	0.0
0.02158	0.01578	0.00944
0.2451	0.22453	0.22738
0.07463	0.07558	0.075
0.04651	0.023	0.00335
0.04839	0.04839	0.02778
0.1831	0.15765	0.12258
0.07843	0.07843	0.08065
0.08475	0.08475	0.08219
0.16456	0.17108	0.09609
0.0	0.0	0.0
0.30769	0.25981	0.22348
0.37313	0.37072	0.34562
0.69565	0.6409	0.59322
0.41111	0.38133	0.3145
0.09677	0.09296	0.07407
0.125	0.125	0.11628
0.03774	0.03774	0.0303
0.0	0.0	0.0
0.0	0.0	0.0
0.09091	0.11519	0.09887
0.15385	0.15065	0.08929
0.0274	0.0274	0.02222
0.09091	0.07881	0.04241
0.11765	0.11765	0.09677
0.14615	0.12928	0.12329
0.17857	0.16665	0.13363
0.10256	0.07938	0.07852
0.0	0.0	0.0
0.0	0.0	0.0
0.12676	0.12221	0.08986
0.0	0.0	0.0
0.23288	0.22138	0.20573
0.02083	0.02083	0.01754
0.0	0.0	0.0
0.24561	0.24618	0.26565
0.19565	0.20757	0.25138
0.0	0.0	0.0
0.09302	0.1024	0.07407
0.16667	0.17083	0.1603
0.0	0.0	0.0
0.04412	0.03321	0.02381
0.0	0.0	0.0
0.02899	0.0243	0.02457
0.0	0.0	0.0
0.08475	0.09512	0.08511
0.0	0.0	0.0
0.0	0.0	0.0
0.38095	0.38432	0.35434
0.0	0.0	0.0
0.01923	0.01923	0.0
0.1	0.09548	0.06667
0.15217	0.13183	0.14793
0.20183	0.21101	0.19118
0.0	0.0	0.0
0.03636	0.0346	0.02941
0.01923	0.01923	0.01538
0.0	0.0	0.0
0.0	0.0	0.0
0.2027	0.23188	0.22722
0.40541	0.43853	0.39179
0.02299	0.01891	0.0
0.07576	0.07576	0.075
0.09402	0.09402	0.08451
0.30435	0.32047	0.32935
0.0	0.0	0.0
0.07812	0.04939	0.03989
0.19298	0.20146	0.15943
0.1	0.1	0.10256
0.0	0.0	0.0
0.01527	0.01527	0.01266
0.09375	0.09425	0.05942
0.0	0.0	0.0
0.0	0.0	0.0
0.18421	0.18421	0.18605
0.17021	0.15579	0.1175
0.0	0.0	0.0
0.06107	0.05392	0.04165
0.11594	0.12762	0.13195
0.0	0.0	0.0
0.42623	0.36115	0.33613
0.13636	0.13636	0.12963
0.72222	0.71322	0.65767
0.16667	0.16667	0.15789
0.10526	0.07639	0.05976
0.13187	0.14178	0.1472
0.3587	0.3429	0.31804
0.2963	0.29351	0.26
0.125	0.12365	0.0774
0.21429	0.18431	0.12151
0.0	0.0	0.0
0.04225	0.03225	0.0
0.09589	0.08881	0.07426
0.0	0.0	0.0
0.0	0.0	0.0
0.09353	0.08656	0.07666
0.2963	0.2413	0.17381
0.09859	0.09904	0.11367
0.06593	0.06593	0.0678
0.30357	0.30125	0.30985
0.02273	0.02273	0.01818
0.0	0.0	0.0
0.1	0.11704	0.14821
0.0	0.0	0.0
0.0	0.0	0.0
0.04545	0.03628	0.02467
0.25	0.27491	0.26881
0.01282	0.01282	0.0
0.0625	0.0625	0.06
0.0	0.0	0.0
0.09836	0.0854	0.08127
0.0	0.0	0.0
0.13158	0.10611	0.13183
0.0	0.0	0.0
0.05195	0.03938	0.02222
0.12346	0.14175	0.176
0.0	0.0	0.0
0.1453	0.15356	0.15863
0.01724	0.0089	0.01518
0.08	0.0916	0.11933
0.06667	0.05841	0.05435
0.0	0.0	0.0
0.16438	0.14096	0.09902
0.0	0.0	0.0
0.33613	0.36322	0.34718
0.0	0.0	0.0
0.24615	0.24466	0.21053
0.37778	0.32829	0.26583
0.02532	0.02858	0.02174
0.0	0.0	0.0
0.0	0.0	0.0
0.125	0.14149	0.12654
0.03191	0.02162	0.0266
0.0	0.0	0.0
0.0	0.0	0.0
0.3	0.27578	0.27954
0.26471	0.24856	0.19668
0.01471	0.01138	0.0
0.0	0.0	0.0
0.0	0.0	0.0
0.0	0.0	0.0
0.0	0.0	0.0
0.0	0.0	0.0
0.0	0.0	0.0
0.52239	0.49682	0.47856
0.21875	0.21873	0.16692
0.0	0.0	0.0
0.13462	0.13462	0.1
0.10959	0.13255	0.162
0.08791	0.06982	0.03444
0.29091	0.24396	0.25469
0.0	0.0	0.0
0.0	0.0	0.0
0.06154	0.06154	0.05263
0.11429	0.11197	0.12273
0.0	0.0	0.0
0.0	0.0	0.0
0.10256	0.09897	0.09864
0.12139	0.10684	0.09204
0.03704	0.03704	0.04167
0.16176	0.12618	0.10829
0.16	0.16	0.15217
0.29231	0.31312	0.3161
0.0	0.0	0.0
0.0	0.0	0.0
0.0	0.0	0.0
0.04348	0.03471	0.02304
0.06667	0.06667	0.05954
0.0	0.0	0.0
0.26316	0.22876	0.22443
0.12727	0.12727	0.08571
0.24038	0.23263	0.21925
0.31148	0.31464	0.23016
0.0	0.0	0.0
0.0	0.0	0.0
0.08929	0.08929	0.08571
0.11111	0.11349	0.11021
0.09756	0.09598	0.07692
0.13415	0.12745	0.10796
0.27632	0.24574	0.21
0.0	0.0	0.0
0.0	0.0	0.0
0.0	0.0	0.0
0.00667	0.00602	0.0
0.0	0.0	0.0
0.0	0.0	0.0
0.35366	0.35483	0.33746
0.24194	0.19823	0.18189
0.09396	0.08833	0.08046
0.04396	0.04396	0.03774
0.36842	0.35144	0.30362
0.30882	0.27656	0.239
0.0	0.0	0.0
0.12162	0.12554	0.11111
0.04615	0.06798	0.08997
0.06818	0.05516	0.05231
0.0	0.0	0.0
0.0	0.0	0.0
0.33766	0.33138	0.26087
0.11034	0.10054	0.09061
0.01869	0.01869	0.01538
0.12791	0.12791	0.11538
0.12903	0.14411	0.16303
0.33981	0.34511	0.30227
0.07692	0.07072	0.0625
0.17442	0.15452	0.09921
0.11679	0.11679	0.09756
0.0	0.0	0.0
0.12048	0.12048	0.10476
0.08421	0.08421	0.08929
0.15909	0.16934	0.20346
0.0	0.0	0.0
0.08197	0.08197	0.08333
0.0625	0.06733	0.04673
0.0	0.0	0.0
0.0	0.0	0.0
0.0	0.0	0.0
0.1811	0.18109	0.16722
0.0	0.0	0.0
0.12766	0.12766	0.13333
0.0	0.0	0.0
0.41667	0.41058	0.40103
0.00709	0.00709	0.01163
0.04396	0.0358	0.03704
0.02222	0.02222	0.01961
0.05319	0.06177	0.05263
0.29091	0.27565	0.21212
0.01786	0.00461	0.0
0.33673	0.31464	0.29362
0.09091	0.09091	0.08696
0.0	0.0	0.0
0.0	0.0	0.0
0.0	0.0	0.0
0.0	0.0	0.0
0.09259	0.09259	0.06061
0.14894	0.12147	0.0902
0.20253	0.20253	0.19149
0.0	0.0	0.0
0.15789	0.16695	0.14467
0.15517	0.15517	0.16216
0.13415	0.12862	0.1104
0.01429	0.01474	0.0
0.05882	0.05882	0.05479
0.69912	0.65026	0.57459
0.09259	0.09945	0.08368
0.0	0.0	0.0
0.15714	0.13963	0.14809
0.0411	0.0411	0.04082
0.0119	0.00307	0.0
0.13043	0.12061	0.10215
0.01562	0.02016	0.0
0.09259	0.09259	0.05882
0.0	0.0	0.0
0.17391	0.16314	0.15984
0.01613	0.00416	0.0
0.04225	0.04225	0.04545
0.54054	0.53524	0.44735
0.04494	0.03443	0.02287
0.01333	0.00344	0.00573
0.0	0.0	0.0
0.0	0.0	0.0
0.13462	0.13462	0.12903
0.12857	0.12857	0.11364
0.05208	0.05208	0.05172
0.18321	0.18321	0.16456
0.27119	0.27119	0.28571
0.1	0.1	0.08824
0.1875	0.17742	0.13793
0.20635	0.19303	0.15645
0.06422	0.058	0.06638
0.0	0.0	0.0
0.0	0.0	0.0
0.06931	0.06931	0.06667
0.25862	0.25166	0.24014
0.04938	0.04938	0.04167
0.3	0.2911	0.27993
0.0	0.0	0.0
0.01449	0.01309	0.0
0.17742	0.12902	0.11289
0.03797	0.03797	0.02128
0.05556	0.05556	0.04839
0.07143	0.07143	0.06122
0.325	0.32377	0.30883
0.20879	0.20026	0.19749
0.0	0.0	0.0
0.21212	0.2253	0.2129
0.05797	0.05797	0.04819
0.23404	0.2338	0.21835
0.17647	0.21061	0.24837
0.25	0.29031	0.30081
0.03077	0.02531	0.0
0.0	0.0	0.0
0.19	0.19418	0.18278
0.23485	0.22994	0.21933
0.0	0.0	0.0
0.13187	0.14568	0.16675
0.02941	0.02419	0.0
0.1875	0.1875	0.17949
0.03509	0.04923	0.0
0.0	0.0	0.0
0.08571	0.09539	0.12902
0.15517	0.15517	0.15714
0.12752	0.13423	0.12421
0.03226	0.03069	0.02778
0.02857	0.02857	0.02326
0.06593	0.06593	0.07273
0.05714	0.03993	0.02908
0.05128	0.04714	0.02041
0.02985	0.02864	0.03146
0.0	0.0	0.0
0.26984	0.29389	0.23241
0.0	0.0	0.0
0.0	0.0	0.0
0.06931	0.07218	0.07033
0.07778	0.09318	0.08639
0.0	0.0	0.0
0.0	0.0	0.0
0.27273	0.27273	0.2
0.0	0.0	0.0
0.0	0.0	0.0
0.0	0.0	0.0
0.10909	0.12082	0.15152
0.60976	0.62428	0.53283
0.0	0.0	0.0
0.0	0.0	0.0
0.54167	0.51204	0.49067
0.3617	0.36304	0.34775
0.08451	0.08451	0.075
0.43662	0.44024	0.38781
0.0	0.0	0.0
0.0	0.0	0.0
0.01775	0.01145	0.01022
0.0	0.0	0.0
0.17308	0.17308	0.20588
0.03846	0.03846	0.03226
0.0	0.0	0.0
0.06593	0.05707	0.03774
0.0	0.0	0.0
0.04878	0.04878	0.05195
0.0	0.0	0.0
0.61111	0.6935	0.62526
0.18571	0.20599	0.2093
0.37255	0.35165	0.30644
0.02419	0.02419	0.02532
0.08974	0.10214	0.10819
0.0	0.0	0.0
0.0	0.0	0.0
0.11864	0.09731	0.09323
0.07759	0.07759	0.05315
0.00775	0.008	0.01243
0.12245	0.12704	0.08387
0.1828	0.19562	0.15902
0.02899	0.02641	0.02299
0.0	0.0	0.0
0.0	0.0	0.0
0.07097	0.07221	0.06383
0.11304	0.10603	0.10649
0.0	0.0	0.0
0.0	0.0	0.0
0.0	0.0	0.0
0.0	0.0	0.0
0.0	0.0	0.0
0.03497	0.03451	0.03526
0.0	0.0	0.0
0.09091	0.08748	0.07692
0.41414	0.41086	0.35428
0.19048	0.2007	0.21968
0.37313	0.37213	0.34712
0.17647	0.17551	0.20141
0.02083	0.02083	0.01724
0.0625	0.06678	0.06849
0.15909	0.14093	0.112
0.05376	0.05376	0.05085
0.0	0.0	0.0
0.01449	0.0187	0.03071
0.0404	0.043	0.04074
0.12222	0.12222	0.10909
0.0177	0.02341	0.0187
0.0	0.0	0.0
0.07143	0.06957	0.06607
0.0	0.0	0.0
0.0122	0.00629	0.01032
0.22857	0.23409	0.18914
0.16901	0.14856	0.12228
0.03261	0.03611	0.02867
0.07792	0.07792	0.06818
0.275	0.32418	0.28145
0.2	0.19837	0.15322
0.0119	0.0119	0.0
0.06122	0.09018	0.08063
0.0	0.0	0.0
0.08772	0.09337	0.10446
0.30714	0.30505	0.28693
0.18667	0.18752	0.16996
0.03731	0.0414	0.0548
0.25301	0.25301	0.23529
0.02685	0.02685	0.02198
0.1375	0.1375	0.125
0.11392	0.1078	0.1045
0.14966	0.14505	0.13773
0.03333	0.02258	0.00938
0.19149	0.17364	0.13022
0.01852	0.02569	0.02985
0.0	0.0	0.0
0.0	0.0	0.0
0.0	0.0	0.0
0.07792	0.07162	0.06377
0.35878	0.33462	0.33399
0.0	0.0	0.0
0.06579	0.06705	0.0582
0.0	0.0	0.0
0.3	0.27202	0.22032
0.0	0.0	0.0
0.02239	0.02263	0.02419
0.12403	0.11352	0.10044
0.00602	0.00777	0.0124
0.10256	0.07981	0.05018
0.08824	0.07946	0.07128
0.0	0.0	0.0
0.0	0.0	0.0
0.07527	0.06382	0.05818
0.0	0.0	0.0
0.01136	0.01026	0.0
0.04054	0.03574	0.02222
0.05833	0.05537	0.04545
0.23333	0.23333	0.2
0.15789	0.11238	0.10751
0.03175	0.04762	0.05405
0.12389	0.10989	0.10612
0.0202	0.01792	0.01667
0.00885	0.00885	0.01449
0.03472	0.03987	0.04763
0.21831	0.20944	0.1853
0.04301	0.04301	0.03509
0.10476	0.0851	0.08266
0.12308	0.12009	0.09515
0.0	0.0	0.0
0.09195	0.06562	0.05439
0.0	0.0	0.0
0.03448	0.03448	0.02857
0.22857	0.24286	0.2381
0.0	0.0	0.0
0.19643	0.19643	0.16418
0.0	0.0	0.0
0.15152	0.13976	0.1145
0.0	0.0	0.0
0.10843	0.11659	0.13092
0.09756	0.08536	0.07935
0.0	0.0	0.0
0.02985	0.04478	0.05
0.16514	0.16514	0.13636
0.02	0.02	0.01087
0.02308	0.01935	0.01282
0.0	0.0	0.0
0.0	0.0	0.0
0.07812	0.08266	0.06451
0.13415	0.13415	0.12
0.0	0.0	0.0
0.06723	0.05963	0.06129
0.01869	0.02622	0.01538
0.0	0.0	0.0
0.0	0.0	0.0
0.0	0.0	0.0
0.18333	0.17578	0.09179
0.10909	0.117	0.11526
0.47458	0.486	0.47686
0.08333	0.0723	0.02848
0.10185	0.10215	0.10769
0.18182	0.18182	0.17073
0.09783	0.10342	0.10016
0.0411	0.03093	0.02222
0.27778	0.28911	0.20428
0.15556	0.15376	0.17568
0.0	0.0	0.0
0.06481	0.06481	0.07812
0.12598	0.1143	0.11688
0.0	0.0	0.0
0.03738	0.03557	0.01613
0.0	0.0	0.0
0.04724	0.05435	0.05063
0.0	0.0	0.0
0.29204	0.29714	0.29772
0.01695	0.01695	0.01408
0.05	0.03991	0.0
0.35616	0.35881	0.34958
0.02326	0.02963	0.01961
0.19774	0.19792	0.19497
0.0	0.0	0.0
0.09146	0.08399	0.08333
0.09091	0.13313	0.15206
0.06349	0.06349	0.05405
0.0473	0.04163	0.02377
0.0	0.0	0.0
0.11765	0.11726	0.11198
0.07071	0.07071	0.06667
0.14783	0.1363	0.10975
0.06494	0.05152	0.0362
0.08451	0.07632	0.07577
0.22131	0.20834	0.17032
0.0	0.0	0.0
0.13605	0.13605	0.125
0.06557	0.05764	0.08574
0.32653	0.32653	0.32203
0.0	0.0	0.0
0.27848	0.29153	0.2766
0.06034	0.05811	0.04768
0.04615	0.05062	0.02381
0.01105	0.01105	0.00885
0.05405	0.04141	0.02381
0.0	0.0	0.0
0.25926	0.23981	0.21238
0.08571	0.09614	0.07156
0.06796	0.06858	0.04839
0.03731	0.04068	0.03623
0.08861	0.08861	0.08333
0.02174	0.02454	0.03571
0.12879	0.11949	0.06656
0.49123	0.46519	0.40322
0.05738	0.06319	0.068
0.0	0.0	0.0
0.12037	0.12037	0.10294
0.0	0.0	0.0
0.05208	0.05208	0.05172
0.0	0.0	0.0
0.0	0.0	0.0
0.0	0.0	0.0
0.0	0.0	0.0
0.0678	0.04756	0.0728
0.00935	0.00844	0.0
0.10135	0.10135	0.08696
0.16346	0.16377	0.14286
0.06522	0.04909	0.04058
0.09302	0.07202	0.07072
0.28994	0.28994	0.26214
0.03472	0.03785	0.03149
0.06832	0.06832	0.06863
0.01869	0.01869	0.01515
0.14286	0.14286	0.13514
0.0339	0.03636	0.03137
0.14599	0.14362	0.10588
0.0177	0.02055	0.01817
0.0	0.0	0.0
0.0	0.0	0.0
0.05172	0.04533	0.03077
0.0	0.0	0.0
0.16867	0.18848	0.18608
0.0	0.0	0.0
0.0	0.0	0.0
0.01786	0.02035	0.02468
0.00613	0.00475	0.00806
0.0	0.0	0.0
0.02564	0.04218	0.04031
0.29231	0.28188	0.31513
0.04054	0.03749	0.04126
0.18812	0.18812	0.15625
0.37037	0.3644	0.33333
0.40411	0.39571	0.35691
0.0	0.0	0.0
0.0	0.0	0.0
0.25714	0.27588	0.24713
0.04464	0.036	0.0318
0.01754	0.00905	0.0
0.0625	0.06703	0.08024
0.0	0.0	0.0
0.1954	0.18649	0.17865
0.0	0.0	0.0
0.04706	0.04706	0.03704
0.08075	0.08075	0.08163
0.19608	0.18152	0.19968
0.04098	0.04098	0.0411
0.09524	0.08397	0.08195
0.07843	0.05945	0.06187
0.07345	0.07235	0.07402
0.09756	0.09756	0.11111
0.01389	0.01254	0.0
0.0	0.0	0.0
0.0	0.0	0.0
0.0	0.0	0.0
0.0	0.0	0.0
0.08571	0.08064	0.04878
0.09459	0.07061	0.05926
0.0	0.0	0.0
0.0	0.0	0.0
0.0	0.0	0.0
0.0241	0.0241	0.02128
0.05442	0.05112	0.05199
0.0	0.0	0.0
0.0	0.0	0.0
0.0	0.0	0.0
0.01961	0.01771	0.0
0.0	0.0	0.0
0.0	0.0	0.0
0.03947	0.03353	0.05308
0.0	0.0	0.0
0.0	0.0	0.0
0.0	0.0	0.0
0.0	0.0	0.0
0.0	0.0	0.0
0.0	0.0	0.0
0.09434	0.07972	0.08219
0.0	0.0	0.0
0.26667	0.26667	0.24138
0.13889	0.13889	0.11538
0.07576	0.05376	0.03887
0.0	0.0	0.0
0.10145	0.08368	0.05018
0.0	0.0	0.0
0.11765	0.14421	0.15581
0.0	0.0	0.0
0.0	0.0	0.0
0.09259	0.09259	0.05882
0.0	0.0	0.0
0.0	0.0	0.0
0.0	0.0	0.0
0.14035	0.14035	0.11111
0.0	0.0	0.0
0.02	0.02	0.03125
0.0	0.0	0.0
0.0	0.0	0.0
0.0	0.0	0.0
0.0	0.0	0.0
0.0	0.0	0.0
0.0	0.0	0.0
0.0	0.0	0.0
0.05495	0.0638	0.08286
0.0	0.0	0.0
0.0	0.0	0.0
0.04211	0.03735	0.03695
0.02353	0.0148	0.01887
0.0119	0.01075	0.0
0.18868	0.18196	0.18144
0.0	0.0	0.0
0.0	0.0	0.0
0.0	0.0	0.0
0.05618	0.04131	0.05335
0.0	0.0	0.0
0.0	0.0	0.0
0.0	0.0	0.0
0.07059	0.07059	0.06
0.1405	0.1405	0.13514
0.01149	0.01149	0.01852
0.08824	0.08475	0.0678
0.0	0.0	0.0
0.0	0.0	0.0
0.0	0.0	0.0
0.01389	0.00717	0.01122
0.0	0.0	0.0
0.0	0.0	0.0
0.0	0.0	0.0
0.0	0.0	0.0
0.0	0.0	0.0
0.0	0.0	0.0
0.0	0.0	0.0
0.13761	0.13761	0.11765
0.0	0.0	0.0
0.0	0.0	0.0
0.0	0.0	0.0
0.11667	0.12957	0.09677
0.17105	0.17105	0.17021
0.21212	0.23068	0.20749
0.0	0.0	0.0
0.0	0.0	0.0
0.0	0.0	0.0
0.0	0.0	0.0
0.0	0.0	0.0
0.0	0.0	0.0
0.23171	0.20572	0.18298
0.12676	0.1699	0.19812
0.0	0.0	0.0
0.0	0.0	0.0
0.02439	0.0257	0.0274
0.0	0.0	0.0
0.0	0.0	0.0
0.0	0.0	0.0
0.0	0.0	0.0
0.0	0.0	0.0
0.0	0.0	0.0
0.31579	0.33333	0.31429
0.0	0.0	0.0
0.0	0.0	0.0
0.0	0.0	0.0
0.07042	0.08132	0.07577
0.15464	0.15464	0.12903
0.0	0.0	0.0
0.0	0.0	0.0
0.0	0.0	0.0
0.0	0.0	0.0
0.0	0.0	0.0
0.0	0.0	0.0
0.2375	0.19635	0.16918
0.04444	0.03656	0.04164
0.0	0.0	0.0
0.0	0.0	0.0
0.0	0.0	0.0
0.0	0.0	0.0
0.0	0.0	0.0
0.0	0.0	0.0
0.0	0.0	0.0
0.19643	0.20562	0.21549
0.13953	0.16202	0.165
0.0	0.0	0.0
0.0	0.0	0.0
0.0	0.0	0.0
0.04598	0.04003	0.04691
0.0	0.0	0.0
0.0	0.0	0.0
0.0	0.0	0.0
0.0	0.0	0.0
0.0	0.0	0.0
0.14815	0.14815	0.125
0.0	0.0	0.0
0.11321	0.09068	0.06842
0.02899	0.02617	0.0
0.0	0.0	0.0
0.07792	0.07164	0.05353
0.02899	0.05797	0.1
0.0	0.0	0.0
0.0	0.0	0.0
0.0	0.0	0.0
0.05455	0.05132	0.04412
0.06452	0.06452	0.06757
0.13953	0.13953	0.12727
0.09091	0.07079	0.07713
0.0	0.0	0.0
0.0	0.0	0.0
0.13462	0.13462	0.125
0.11024	0.10185	0.07499
0.04167	0.03494	0.04545
0.0	0.0	0.0
0.0	0.0	0.0
0.02857	0.03963	0.04545
0.0	0.0	0.0
0.0	0.0	0.0
0.0	0.0	0.0
0.0	0.0	0.0
0.01408	0.01272	0.0
0.0	0.0	0.0
0.03306	0.02319	0.01743
0.48333	0.47738	0.40016
0.0	0.0	0.0
0.0	0.0	0.0
0.0	0.0	0.0
0.0	0.0	0.0
0.0	0.0	0.0
0.0	0.0	0.0
0.72727	0.63533	0.5532
0.0	0.0	0.0
0.0	0.0	0.0
0.0	0.0	0.0
0.0	0.0	0.0
0.0	0.0	0.0
0.0297	0.03257	0.03694
0.0	0.0	0.0
0.0	0.0	0.0
0.0	0.0	0.0
0.00962	0.00248	0.0
0.11392	0.12167	0.12902
0.0	0.0	0.0
0.05833	0.05322	0.02508
0.08511	0.09024	0.0887
0.0	0.0	0.0
0.13158	0.11501	0.1029
0.07143	0.07143	0.07547
0.11111	0.09892	0.07885
0.13978	0.13978	0.12727
0.0	0.0	0.0
0.20455	0.20455	0.21154
0.04717	0.05142	0.05681
0.0	0.0	0.0
0.0	0.0	0.0
0.03125	0.0383	0.03797
0.0	0.0	0.0
0.0	0.0	0.0
0.0	0.0	0.0
0.01266	0.01266	0.02
0.0	0.0	0.0
0.0	0.0	0.0
0.0625	0.04502	0.03448
0.0	0.0	0.0
0.0	0.0	0.0
0.0	0.0	0.0
0.0	0.0	0.0
0.0	0.0	0.0
0.0	0.0	0.0
0.0	0.0	0.0
0.0	0.0	0.0
0.28395	0.26638	0.25486
0.11881	0.12168	0.09043
0.21101	0.21101	0.2
0.00667	0.00172	0.00297
0.0	0.0	0.0
0.0	0.0	0.0
0.0	0.0	0.0
0.0	0.0	0.0
0.0	0.0	0.0
0.0	0.0	0.0
0.24038	0.21712	0.20766
0.0	0.0	0.0
0.0	0.0	0.0
0.0	0.0	0.0
0.0	0.0	0.0
0.05155	0.04024	0.03571
0.0	0.0	0.0
0.0	0.0	0.0
0.0	0.0	0.0
0.14815	0.13619	0.12609
0.0	0.0	0.0
0.0	0.0	0.0
0.0	0.0	0.0
0.0	0.0	0.0
0.04444	0.04229	0.00921
0.0	0.0	0.0
0.0614	0.06423	0.05797
0.04	0.04	0.03571
0.075	0.07379	0.0625
0.0	0.0	0.0
0.0	0.0	0.0
0.04878	0.04878	0.05882
0.0	0.0	0.0
0.0	0.0	0.0
0.0	0.0	0.0
0.52941	0.54453	0.53377
0.0	0.0	0.0
0.0	0.0	0.0
0.15686	0.14798	0.20036
0.0	0.0	0.0
0.0	0.0	0.0
0.0	0.0	0.0
0.0	0.0	0.0
0.05512	0.03962	0.04043
0.0	0.0	0.0
0.0	0.0	0.0
0.04301	0.04301	0.04918
0.10857	0.10857	0.1028
0.07087	0.07087	0.06329
0.0	0.0	0.0
0.08621	0.08731	0.07436
0.0	0.0	0.0
0.0	0.0	0.0
0.0	0.0	0.0
0.08889	0.08458	0.09676
0.0	0.0	0.0
0.0	0.0	0.0
0.28704	0.25806	0.23197
0.09615	0.09615	0.08824
0.1	0.1	0.08511
0.25397	0.27597	0.25466
0.0	0.0	0.0
0.0	0.0	0.0
0.0	0.0	0.0
0.0	0.0	0.0
0.03093	0.04124	0.03333
0.04225	0.03952	0.02293
0.0	0.0	0.0
0.02941	0.00759	0.01229
0.0	0.0	0.0
0.04286	0.06543	0.08448
0.0	0.0	0.0
0.0	0.0	0.0
0.0	0.0	0.0
0.19149	0.18016	0.16993
0.0	0.0	0.0
0.13636	0.1118	0.11905
0.0	0.0	0.0
0.0	0.0	0.0
0.14667	0.14667	0.12766
0.0	0.0	0.0
0.02105	0.01732	0.01852
0.0	0.0	0.0
0.0	0.0	0.0
0.2381	0.22157	0.18433
0.0	0.0	0.0
0.0	0.0	0.0
0.0	0.0	0.0
0.0	0.0	0.0
0.0	0.0	0.0
0.0	0.0	0.0
0.0	0.0	0.0
0.0	0.0	0.0
0.0	0.0	0.0
0.07792	0.0863	0.08911
0.07576	0.09139	0.09834
0.0	0.0	0.0
0.31579	0.31579	0.25
0.08861	0.09677	0.08333
0.0	0.0	0.0
0.0	0.0	0.0
0.0	0.0	0.0
0.0	0.0	0.0
0.40351	0.40351	0.35294
0.0	0.0	0.0
0.18519	0.20846	0.17784
0.0	0.0	0.0
0.0	0.0	0.0
0.13415	0.13729	0.09612
0.0	0.0	0.0
0.0	0.0	0.0
0.0	0.0	0.0
0.14286	0.13108	0.149
0.0	0.0	0.0
0.08537	0.09559	0.09354
0.0	0.0	0.0
0.0	0.0	0.0
0.0	0.0	0.0
0.11392	0.11514	0.12333
0.0	0.0	0.0
0.02857	0.01966	0.00423
0.18681	0.17051	0.16993
0.0	0.0	0.0
0.0687	0.08076	0.07949
0.0	0.0	0.0
0.0	0.0	0.0
0.0	0.0	0.0
0.0	0.0	0.0
0.05797	0.06451	0.05
0.0	0.0	0.0
0.0	0.0	0.0
0.0	0.0	0.0
0.07843	0.06957	0.03333
0.28049	0.31468	0.25741
0.0	0.0	0.0
0.0	0.0	0.0
0.0	0.0	0.0
0.28571	0.26478	0.27302
0.0	0.0	0.0
0.0	0.0	0.0
0.05495	0.06629	0.05513
0.21951	0.23483	0.22459
0.15596	0.1527	0.13363
0.0	0.0	0.0
0.0	0.0	0.0
0.0	0.0	0.0
0.04478	0.04333	0.05128
0.47273	0.46419	0.38944
0.0	0.0	0.0
0.11667	0.1043	0.11205
0.0	0.0	0.0
0.0	0.0	0.0
0.20755	0.18379	0.20018
0.04762	0.07065	0.06689
0.22059	0.22057	0.20198
0.0	0.0	0.0
0.0	0.0	0.0
0.0	0.0	0.0
0.0	0.0	0.0
0.0	0.0	0.0
0.07812	0.06098	0.034
0.0	0.0	0.0
0.06024	0.08628	0.10112
0.0	0.0	0.0
0.0	0.0	0.0
0.06383	0.05628	0.03571
0.0	0.0	0.0
0.0	0.0	0.0
0.0	0.0	0.0
0.0	0.0	0.0
0.03191	0.03534	0.04393
0.0	0.0	0.0
0.0	0.0	0.0
0.0	0.0	0.0
0.0	0.0	0.0
0.0	0.0	0.0
0.05634	0.06361	0.04545
0.0	0.0	0.0
0.0	0.0	0.0
0.0	0.0	0.0
0.0	0.0	0.0
0.0	0.0	0.0
0.0	0.0	0.0
0.0	0.0	0.0
0.18367	0.19288	0.17241
0.0	0.0	0.0
0.0	0.0	0.0
0.04854	0.04384	0.03333
0.19737	0.20075	0.18681
0.0	0.0	0.0
0.04348	0.05843	0.04838
0.0	0.0	0.0
0.02632	0.02207	0.02166
0.39726	0.38311	0.32447
0.0	0.0	0.0
0.04167	0.03853	0.02439
0.04545	0.04881	0.03297
0.1375	0.13224	0.15337
0.01504	0.01504	0.0122
0.0	0.0	0.0
0.03409	0.04545	0.03704
0.0	0.0	0.0
0.0	0.0	0.0
0.05263	0.03565	0.00759
0.0	0.0	0.0
0.11667	0.1129	0.07087
0.05185	0.05185	0.04938
0.0	0.0	0.0
0.2	0.2	0.19149
0.0	0.0	0.0
0.0	0.0	0.0
0.03175	0.03175	0.0
0.10811	0.1113	0.10721
0.18889	0.17813	0.16695
0.02273	0.02273	0.01887
0.0	0.0	0.0
0.0283	0.03104	0.02985
0.0	0.0	0.0
0.0	0.0	0.0
0.26531	0.25081	0.23762
0.0	0.0	0.0
0.17857	0.17857	0.16667
0.0	0.0	0.0
0.1844	0.1844	0.16471
0.0	0.0	0.0
0.21	0.20934	0.17185
0.0	0.0	0.0
0.0	0.0	0.0
0.0	0.0	0.0
0.0	0.0	0.0
0.21875	0.23284	0.21208
0.0	0.0	0.0
0.16384	0.12665	0.1205
0.05195	0.04482	0.05121
0.01439	0.01926	0.0207
0.01389	0.01075	0.0
0.0	0.0	0.0
0.14062	0.12852	0.10229
0.0	0.0	0.0
0.0678	0.05522	0.05714
0.08696	0.08696	0.07143
0.0	0.0	0.0
0.0	0.0	0.0
0.0	0.0	0.0
0.0989	0.0989	0.08929
0.38824	0.38898	0.36827
0.19767	0.19766	0.19049
0.10577	0.10577	0.1
0.08955	0.09436	0.09097
0.23377	0.23208	0.21138
0.04286	0.0258	0.00573
0.0	0.0	0.0
0.0	0.0	0.0
0.0	0.0	0.0
0.00637	0.00411	0.0
0.04938	0.04938	0.04
0.21429	0.21429	0.19149
0.26087	0.26087	0.32143
0.0	0.0	0.0
0.13333	0.118	0.085
0.0	0.0	0.0
0.07778	0.04659	0.04342
0.0	0.0	0.0
0.17391	0.17916	0.16646
0.0	0.0	0.0
0.0989	0.08295	0.07742
0.0	0.0	0.0
0.0	0.0	0.0
0.29293	0.29293	0.27119
0.20635	0.19814	0.13502
0.0	0.0	0.0
0.21552	0.20047	0.19593
0.0	0.0	0.0
0.0	0.0	0.0
0.03846	0.03846	0.0463
0.03571	0.03571	0.0566
0.0	0.0	0.0
0.09701	0.09148	0.09091
0.17273	0.17799	0.15406
0.05882	0.07855	0.07407
0.01325	0.01346	0.02309
0.08	0.10107	0.09533
0.14851	0.14787	0.14984
0.0915	0.0915	0.08696
0.0	0.0	0.0
0.0463	0.04181	0.03812
0.02667	0.0344	0.03646
0.08917	0.09019	0.09128
0.09259	0.07765	0.07056
0.03448	0.04226	0.05529
0.0	0.0	0.0
0.0	0.0	0.0
0.0	0.0	0.0
0.00725	0.00374	0.00593
0.0	0.0	0.0
0.0	0.0	0.0
0.0	0.0	0.0
0.0	0.0	0.0
0.10417	0.10417	0.1
0.0	0.0	0.0
0.33333	0.29653	0.26484
0.0	0.0	0.0
0.0	0.0	0.0
0.0	0.0	0.0
0.0	0.0	0.0
0.06897	0.06985	0.07563
0.0	0.0	0.0
0.0	0.0	0.0
0.0	0.0	0.0
0.2037	0.23176	0.22294
0.0	0.0	0.0
0.0	0.0	0.0
0.0	0.0	0.0
0.0	0.0	0.0
0.05096	0.04335	0.042
0.02899	0.0194	0.0148
0.0	0.0	0.0
0.0	0.0	0.0
0.02062	0.02062	0.01724
0.0	0.0	0.0
0.0	0.0	0.0
0.0	0.0	0.0
0.0	0.0	0.0
0.13043	0.14235	0.16844
0.0	0.0	0.0
0.07534	0.07534	0.06742
0.0	0.0	0.0
0.0	0.0	0.0
0.0	0.0	0.0
0.0	0.0	0.0
0.0	0.0	0.0
0.0	0.0	0.0
0.0	0.0	0.0
0.0	0.0	0.0
0.02222	0.02222	0.01818
0.0	0.0	0.0
0.2	0.21177	0.23816
0.02857	0.02719	0.02326
0.02778	0.02569	0.01538
0.0	0.0	0.0
0.0	0.0	0.0
0.0	0.0	0.0
0.0	0.0	0.0
0.0	0.0	0.0
0.0	0.0	0.0
0.0	0.0	0.0
0.05	0.05	0.05769
0.05833	0.05833	0.06579
0.0	0.0	0.0
0.07059	0.07059	0.07692
0.0	0.0	0.0
0.0	0.0	0.0
0.2233	0.21952	0.17069
0.16495	0.17027	0.16287
0.0	0.0	0.0
0.0	0.0	0.0
0.075	0.0752	0.08196
0.0	0.0	0.0
0.0	0.0	0.0
0.07895	0.08574	0.07713
0.0	0.0	0.0
0.10843	0.08472	0.05831
0.0	0.0	0.0
0.0	0.0	0.0
0.0	0.0	0.0
0.0	0.0	0.0
0.0	0.0	0.0
0.0	0.0	0.0
0.07303	0.07303	0.07477
0.0	0.0	0.0
0.0	0.0	0.0
0.0	0.0	0.0
0.0	0.0	0.0
0.0	0.0	0.0
0.0	0.0	0.0
0.0	0.0	0.0
0.0	0.0	0.0
0.0	0.0	0.0
0.0	0.0	0.0
0.0	0.0	0.0
0.26582	0.25928	0.24729
0.0	0.0	0.0
0.0	0.0	0.0
0.0	0.0	0.0
0.0	0.0	0.0
0.0	0.0	0.0
0.0	0.0	0.0
0.0	0.0	0.0
0.0	0.0	0.0
0.0	0.0	0.0
0.0	0.0	0.0
0.0	0.0	0.0
0.0	0.0	0.0
0.0	0.0	0.0
0.0	0.0	0.0
0.04396	0.03651	0.01433
0.15079	0.15079	0.1375
0.0	0.0	0.0
0.04054	0.03749	0.03117
0.00862	0.00862	0.01408
0.15625	0.15625	0.14754
0.0	0.0	0.0
0.0	0.0	0.0
0.0	0.0	0.0
0.08889	0.08314	0.05241
0.24219	0.23336	0.2043
0.0	0.0	0.0
0.0	0.0	0.0
0.0	0.0	0.0
0.02381	0.02381	0.0137
0.0	0.0	0.0
0.0	0.0	0.0
0.0	0.0	0.0
0.12121	0.11416	0.11322
0.0	0.0	0.0
0.23256	0.2323	0.2557
0.11207	0.10094	0.09453
0.0404	0.04985	0.01667
0.0	0.0	0.0
0.0	0.0	0.0
0.2459	0.2459	0.22222
0.0	0.0	0.0
0.0	0.0	0.0
0.0	0.0	0.0
0.0	0.0	0.0
0.0	0.0	0.0
0.0	0.0	0.0
0.0	0.0	0.0
0.02062	0.01297	0.02097
0.0	0.0	0.0
0.12598	0.12598	0.11688
0.0	0.0	0.0
0.0	0.0	0.0
0.0	0.0	0.0
0.0	0.0	0.0
0.0	0.0	0.0
0.0	0.0	0.0
0.0	0.0	0.0
0.0	0.0	0.0
0.0	0.0	0.0
0.0	0.0	0.0
0.01333	0.01118	0.01122
0.0	0.0	0.0
0.0	0.0	0.0
0.0	0.0	0.0
0.17204	0.18104	0.19521
0.0	0.0	0.0
0.08333	0.08333	0.06452
0.32727	0.30204	0.27324
0.47368	0.34884	0.37629
0.10938	0.08266	0.0579
0.0	0.0	0.0
0.0	0.0	0.0
0.06731	0.04776	0.04813
0.07955	0.0711	0.05538
0.0	0.0	0.0
0.16867	0.14573	0.13282
0.0	0.0	0.0
0.0	0.0	0.0
0.0	0.0	0.0
0.69737	0.66846	0.5978
0.0	0.0	0.0
0.31325	0.28875	0.31015
0.24742	0.24774	0.2679
0.2973	0.30368	0.26259
0.27273	0.19889	0.1532
0.18987	0.18987	0.18
0.11475	0.11475	0.10811
0.08696	0.06941	0.05228
0.0	0.0	0.0
0.0	0.0	0.0
0.48649	0.49692	0.49226
0.13043	0.12014	0.09756
0.0	0.0	0.0
0.06593	0.06487	0.03704
0.0	0.0	0.0
0.11724	0.11724	0.10588
0.0	0.0	0.0
0.07955	0.07955	0.07143
0.01493	0.01493	0.0
0.21429	0.23357	0.20364
0.06061	0.05718	0.04878
0.10256	0.10918	0.17032
0.22807	0.2224	0.18182
0.0	0.0	0.0
0.0	0.0	0.0
0.11194	0.1194	0.11765
0.0	0.0	0.0
0.17742	0.16961	0.16667
0.1	0.08644	0.03333
0.0354	0.0531	0.06061
0.13043	0.10143	0.10409
0.39773	0.32218	0.28471
0.49383	0.50733	0.54277
0.0	0.0	0.0
0.04762	0.03994	0.06621
0.05435	0.05329	0.03509
0.23404	0.25256	0.23675
0.0	0.0	0.0
0.12871	0.09389	0.07335
0.25	0.25	0.20339
0.68	0.63609	0.57719
0.0	0.0	0.0
0.04478	0.04478	0.02564
0.02817	0.02817	0.02381
0.03125	0.03125	0.02632
0.02679	0.02016	0.01449
0.15909	0.14699	0.12531
0.17647	0.16698	0.13333
0.33043	0.33043	0.30556
0.21348	0.21348	0.20755
0.08065	0.08065	0.08333
0.06349	0.06349	0.05263
0.01538	0.01538	0.02439
0.11268	0.10539	0.07757
0.35	0.36933	0.38871
0.25926	0.2497	0.21046
0.0	0.0	0.0
0.3	0.27578	0.28193
0.04396	0.04359	0.04321
0.825	0.79427	0.8895
0.01786	0.01354	0.0
0.0	0.0	0.0
0.0	0.0	0.0
0.24561	0.23372	0.21309
0.0	0.0	0.0
0.0	0.0	0.0
0.02439	0.02439	0.04
0.14815	0.15291	0.08894
0.1194	0.12084	0.1008
0.02778	0.03882	0.03996
0.06944	0.06854	0.06738
0.12821	0.14184	0.15042
0.07895	0.07597	0.08387
0.32075	0.32743	0.31867
0.20168	0.20168	0.18571
0.05714	0.05714	0.0
0.19277	0.18849	0.19608
0.04167	0.04771	0.04338
0.05941	0.06643	0.06451
0.06818	0.05791	0.05396
0.14865	0.14865	0.13043
0.12	0.13352	0.20103
0.09589	0.08881	0.07426
0.48077	0.44663	0.39212
0.06	0.07354	0.11861
0.0	0.0	0.0
0.13	0.11063	0.11182
0.20312	0.18017	0.17953
0.06931	0.06962	0.04918
0.00909	0.00909	0.0
0.0	0.0	0.0
0.2439	0.23129	0.21666
0.0	0.0	0.0
0.2	0.16902	0.13903
0.05785	0.06798	0.07114
0.19231	0.19231	0.17073
0.14286	0.11826	0.11662
0.07407	0.08402	0.07767
0.0	0.0	0.0
0.04396	0.04289	0.03636
0.01235	0.02469	0.04
0.2	0.19747	0.18015
0.22857	0.22441	0.21043
0.0	0.0	0.0
0.0	0.0	0.0
0.0	0.0	0.0
0.13095	0.1321	0.11165
0.14035	0.14035	0.12121
0.09174	0.08286	0.06061
0.74	0.68188	0.58362
0.12	0.12	0.09677
0.14925	0.13673	0.125
0.2	0.17224	0.1731
0.03077	0.02928	0.02632
0.01942	0.01628	0.0
0.27068	0.24179	0.20725
0.22222	0.2025	0.2029
0.13889	0.1344	0.09524
0.22472	0.23088	0.23675
0.13402	0.14199	0.13791
0.1413	0.1413	0.14035
0.55556	0.50614	0.43757
0.24138	0.2269	0.19178
0.30657	0.28936	0.31658
0.10204	0.08755	0.07629
0.01515	0.01515	0.01205
0.11607	0.13622	0.11111
0.11594	0.13603	0.14865
0.1087	0.1087	0.08929
0.12	0.10107	0.06522
0.11047	0.09414	0.07973
0.09615	0.10235	0.11445
0.0	0.0	0.0
0.0	0.0	0.0
0.15789	0.1494	0.16216
0.07812	0.07106	0.05263
0.4881	0.4781	0.45094
0.09259	0.0908	0.08406
0.08475	0.09786	0.09771
0.04545	0.04398	0.02381
0.06429	0.06198	0.04819
0.19444	0.18965	0.16812
0.08696	0.08134	0.06897
0.0	0.0	0.0
0.0	0.0	0.0
0.08989	0.09061	0.06511
0.0	0.0	0.0
0.09821	0.07747	0.08619
0.0119	0.00307	0.0
0.0	0.0	0.0
0.13725	0.14231	0.1
0.16867	0.15234	0.13171
0.03614	0.03128	0.02012
0.32692	0.31947	0.25285
0.25641	0.25641	0.25532
0.07143	0.07142	0.05315
0.0	0.0	0.0
0.11607	0.07228	0.05501
0.06593	0.08295	0.07567
0.12632	0.13412	0.13921
0.18478	0.18478	0.16071
0.08411	0.08411	0.07937
0.06742	0.06742	0.03571
0.09836	0.09889	0.08177
0.41935	0.4625	0.44395
0.15957	0.15339	0.12544
0.22059	0.12426	0.06067
0.0	0.0	0.0
0.0	0.0	0.0
0.0	0.0	0.0
0.01681	0.01382	0.01429
0.05882	0.05882	0.05634
0.1	0.1	0.08824
0.08571	0.08847	0.10463
0.0	0.0	0.0
0.42857	0.41671	0.33842
0.16923	0.1856	0.22344
0.01961	0.01771	0.0
0.06897	0.06702	0.05797
0.09333	0.09333	0.08696
0.16	0.1629	0.10343
0.06931	0.07792	0.08419
0.056	0.05445	0.04177
0.0	0.0	0.0
0.10909	0.08269	0.05806
0.02899	0.02899	0.025
0.38462	0.35318	0.32831
0.06667	0.06667	0.05556
0.19355	0.15641	0.18962
0.0	0.0	0.0
0.1746	0.16538	0.13514
0.05263	0.04777	0.03107
0.0	0.0	0.0
0.27848	0.27439	0.20833
0.08911	0.07697	0.07018
0.0	0.0	0.0
0.09589	0.095	0.09164
0.16667	0.16667	0.16981
0.07246	0.05913	0.03653
0.50725	0.45297	0.35166
0.21277	0.21345	0.24307
0.10909	0.10029	0.07862
0.07317	0.07906	0.05882
0.04027	0.04134	0.05063
0.52	0.53717	0.49284
0.02985	0.02985	0.025
0.27536	0.21596	0.21119
0.16438	0.16438	0.15909
0.09278	0.09278	0.10909
0.0	0.0	0.0
0.0	0.0	0.0
0.0	0.0	0.0
0.15873	0.15514	0.10526
0.0	0.0	0.0
0.03846	0.05045	0.0599
0.16867	0.18693	0.13328
0.72222	0.69048	0.6752
0.08264	0.07011	0.056
0.09091	0.078	0.06911
0.43077	0.37417	0.34124
0.03158	0.02784	0.01754
0.09615	0.098	0.11491
0.06364	0.04604	0.03321
0.37931	0.32757	0.306
0.25316	0.25316	0.22917
0.0	0.0	0.0
0.17699	0.16384	0.14146
0.0	0.0	0.0
0.72727	0.70337	0.6248
0.0	0.0	0.0
0.13333	0.16182	0.19077
0.0	0.0	0.0
0.10784	0.09361	0.07957
0.10169	0.09349	0.08824
0.2243	0.21404	0.20967
0.03797	0.02246	0.00561
0.0	0.0	0.0
0.125	0.13909	0.10725
0.03226	0.03226	0.03571
0.24359	0.23076	0.20476
0.04167	0.04132	0.02132
0.05941	0.03704	0.03329
0.23288	0.23288	0.22222
0.27885	0.26796	0.23152
0.0	0.0	0.0
0.20513	0.2349	0.22983
0.04286	0.03963	0.02326
0.12821	0.10173	0.09408
0.1	0.06322	0.04193
0.25333	0.24601	0.2306
0.09091	0.06524	0.06694
0.20408	0.183	0.16557
0.12587	0.12542	0.12561
0.09756	0.1247	0.13418
0.04255	0.02573	0.0089
0.07407	0.04719	0.06548
0.36994	0.35875	0.30304
0.07273	0.05924	0.06061
0.02941	0.02941	0.02326
0.2619	0.1966	0.1123
0.35955	0.3378	0.31905
0.0	0.0	0.0
0.40625	0.38353	0.34903
0.1	0.10765	0.06652
0.20833	0.1765	0.12095
0.0625	0.05746	0.03509
0.2069	0.20354	0.19652
0.05357	0.05357	0.0303
0.07317	0.06451	0.05754
0.32258	0.2955	0.28672
0.53488	0.5086	0.48381
0.30909	0.29382	0.24997
0.29412	0.28766	0.26302
0.22222	0.21863	0.20815
0.23913	0.19772	0.1779
0.10811	0.09677	0.09051
0.04511	0.03977	0.02862
0.0	0.0	0.0
0.0	0.0	0.0
0.12174	0.11472	0.08824
0.02941	0.02214	0.01667
0.0	0.0	0.0
0.0814	0.07595	0.05607
0.18519	0.18519	0.14706
0.15	0.13451	0.15483
0.40541	0.39274	0.41441
0.0125	0.0129	0.02024
0.19048	0.18817	0.13043
0.15909	0.13818	0.10204
0.0	0.0	0.0
0.2907	0.26179	0.21657
0.11864	0.10715	0.08543
0.41558	0.37158	0.33502
0.50893	0.43372	0.40407
0.15663	0.13602	0.11104
0.35294	0.37631	0.36461
0.15702	0.15702	0.12987
0.0	0.0	0.0
0.30488	0.27418	0.22137
0.16162	0.15965	0.13176
0.13131	0.14173	0.13285
0.05	0.06169	0.06115
0.0	0.0	0.0
0.0	0.0	0.0
0.39394	0.38514	0.36585
0.27778	0.24611	0.25806
0.0	0.0	0.0
0.21154	0.19663	0.16335
0.11043	0.1029	0.09677
0.0	0.0	0.0
0.11628	0.08964	0.07661
0.06962	0.06962	0.07216
0.03093	0.05254	0.08035
0.0	0.0	0.0
0.27206	0.27206	0.24691
0.0	0.0	0.0
0.14118	0.11953	0.12654
0.07059	0.05768	0.04608
0.07812	0.07812	0.0625
0.15315	0.15228	0.13636
0.0	0.0	0.0
0.10714	0.12057	0.14167
0.10185	0.10572	0.1052
0.05479	0.0623	0.05618
0.03571	0.02995	0.02
0.34211	0.31832	0.30107
0.06207	0.05294	0.03702
0.09901	0.1022	0.0698
0.04762	0.048	0.05548
0.16	0.16644	0.18364
0.13684	0.12087	0.08772
0.38411	0.39752	0.40336
0.08088	0.06854	0.04022
0.03497	0.04128	0.04444
0.0	0.0	0.0
0.08025	0.07646	0.06516
0.56566	0.55455	0.4876
0.0597	0.04525	0.04726
0.13542	0.12802	0.11864
0.11765	0.11737	0.08484
0.75926	0.74041	0.68344
0.0	0.0	0.0
0.00926	0.00836	0.0
0.08333	0.09676	0.09031
0.36066	0.3543	0.28754
0.0375	0.0375	0.02
0.1791	0.15694	0.11102
0.04	0.04	0.04651
0.15152	0.15248	0.11667
0.15625	0.15625	0.15
0.0	0.0	0.0
0.01282	0.0124	0.0166
0.08	0.08903	0.1085
0.02649	0.02649	0.02273
0.13699	0.13566	0.12791
0.072	0.05651	0.06663
0.04545	0.04369	0.04525
0.0069	0.0069	0.01136
0.42991	0.43438	0.41163
0.0	0.0	0.0
0.16892	0.16914	0.15909
0.02778	0.03405	0.03996
0.13115	0.13352	0.13364
0.0	0.0	0.0
0.0	0.0	0.0
0.22835	0.21944	0.19693
0.07273	0.07155	0.07068
0.21782	0.20662	0.19908
0.025	0.025	0.02041
0.05682	0.05608	0.06147
0.07368	0.07572	0.0758
0.30526	0.22953	0.20064
0.20833	0.19623	0.17957
0.12621	0.12621	0.11111
0.02222	0.02222	0.01818
0.18367	0.15206	0.17352
0.15476	0.15782	0.1638
0.0	0.0	0.0
0.0375	0.0375	0.04348
0.03704	0.04301	0.0375
0.04	0.03785	0.03015
0.0	0.0	0.0
0.01149	0.01149	0.01887
0.16364	0.16949	0.14286
0.20619	0.19854	0.17544
0.13287	0.13669	0.14089
0.13158	0.12521	0.12766
0.14433	0.09543	0.08387
0.13684	0.14057	0.13479
0.23944	0.24193	0.22469
0.04795	0.05037	0.05053
0.04255	0.03912	0.03168
0.14894	0.11872	0.06117
0.13333	0.13075	0.14295
0.07812	0.0887	0.07195
0.18421	0.22154	0.19353
0.20513	0.18278	0.14413
0.34722	0.34764	0.32542
0.2125	0.16854	0.13824
0.14	0.14	0.12903
0.08411	0.05697	0.06548
0.0	0.0	0.0
0.13462	0.14019	0.14746
0.39548	0.40346	0.39375
0.04274	0.0397	0.02817
0.29412	0.29174	0.26278
0.11111	0.11176	0.12179
0.21127	0.20444	0.19635
0.02	0.02806	0.04677
0.0641	0.06369	0.06989
0.39604	0.37687	0.34056
0.008	0.00206	0.0
0.44776	0.46361	0.37818
0.12088	0.11875	0.11147
0.24359	0.24149	0.22717
0.15493	0.11948	0.10214
0.05941	0.04758	0.02132
0.14444	0.14444	0.14035
0.04	0.04	0.03125
0.33333	0.31883	0.28504
0.15385	0.14069	0.10725
0.0	0.0	0.0
0.0	0.0	0.0
0.01786	0.01786	0.01493
0.1619	0.16374	0.14418
0.0	0.0	0.0
0.17172	0.14205	0.12633
0.0303	0.03127	0.05
0.07339	0.08108	0.08015
0.05263	0.02886	0.00561
0.14286	0.14286	0.12766
0.23276	0.23276	0.21739
0.04688	0.05317	0.06242
0.07006	0.06965	0.06557
0.08029	0.08569	0.05546
0.22222	0.21829	0.19814
0.14	0.14	0.11667
0.1	0.10123	0.07828
0.0566	0.04199	0.03568
0.08397	0.09061	0.09395
0.08	0.08773	0.0865
0.07937	0.05427	0.03145
0.02752	0.02072	0.01515
0.0	0.0	0.0
0.02564	0.01654	0.01454
0.0	0.0	0.0
0.10101	0.08797	0.0758
0.17692	0.16451	0.11935
0.02098	0.02301	0.02694
0.07143	0.06451	0.0566
0.46281	0.44571	0.41471
0.01648	0.01241	0.01075
0.16667	0.09257	0.07794
0.28283	0.30562	0.3078
0.13793	0.13626	0.11765
0.09677	0.08481	0.06272
0.0678	0.08447	0.10599
0.10976	0.06215	0.06093
0.06522	0.06522	0.06173
0.43333	0.39281	0.3457
0.02041	0.02041	0.01754
0.0	0.0	0.0
0.0	0.0	0.0
0.13253	0.14458	0.13725
0.28846	0.20904	0.18594
0.1134	0.09643	0.07752
0.60227	0.62864	0.60417
0.08163	0.08163	0.09677
0.04	0.03871	0.02174
0.0	0.0	0.0
0.7439	0.70217	0.65738
0.0	0.0	0.0
0.0102	0.00921	0.0
0.0	0.0	0.0
0.14535	0.09863	0.07747
0.13194	0.12522	0.10752
0.0	0.0	0.0
0.01667	0.01667	0.02778
0.2303	0.20644	0.19695
0.06667	0.06164	0.03774
0.12963	0.10333	0.06158
0.0	0.0	0.0
0.26087	0.24962	0.25518
0.13253	0.11502	0.08808
0.27826	0.24879	0.21504
0.02174	0.01648	0.01852
0.16667	0.16667	0.16071
0.0	0.0	0.0
0.15873	0.16025	0.14345
0.13139	0.12997	0.10714
0.0	0.0	0.0
0.11966	0.12158	0.11859
0.00552	0.00499	0.0
0.13953	0.11926	0.09923
0.18421	0.16976	0.15287
0.22619	0.20813	0.20682
0.02985	0.02985	0.02381
0.0	0.0	0.0
0.0597	0.06018	0.06935
0.05319	0.04323	0.0692
0.15493	0.15083	0.11644
0.0	0.0	0.0
0.12264	0.12993	0.14011
0.03077	0.02928	0.0
0.21154	0.21061	0.21538
0.0	0.0	0.0
0.35294	0.36116	0.3473
0.01724	0.01724	0.0
0.21277	0.19183	0.17771
0.24286	0.22994	0.21764
0.04348	0.03272	0.02439
0.0	0.0	0.0
0.0	0.0	0.0
0.13095	0.1079	0.09921
0.56604	0.56966	0.5763
0.0411	0.0349	0.02345
0.04132	0.03119	0.02778
0.0	0.0	0.0
0.0	0.0	0.0
0.13699	0.13389	0.12831
0.06061	0.05376	0.0543
0.08	0.06623	0.03857
0.39423	0.36258	0.26712
0.03731	0.03731	0.0375
0.10345	0.11902	0.11765
0.49167	0.48386	0.43024
0.18349	0.18495	0.15164
0.08333	0.07987	0.0858
0.26056	0.29938	0.29261
0.13986	0.13038	0.13556
0.05	0.04516	0.04918
0.01429	0.0129	0.0
0.05769	0.02977	0.01209
0.13333	0.16933	0.155
0.17857	0.17473	0.15053
0.01515	0.00391	0.0
0.13534	0.13703	0.12106
0.08621	0.08119	0.09582
0.03333	0.0215	0.00737
0.32787	0.35692	0.33021
0.05128	0.02839	0.01449
0.17073	0.13806	0.08855
0.16949	0.15527	0.16216
0.02667	0.02667	0.02326
0.26263	0.24728	0.25366
0.09202	0.09202	0.09
0.0	0.0	0.0
0.0	0.0	0.0
0.21277	0.20544	0.18108
0.0	0.0	0.0
0.12727	0.12256	0.11611
0.0885	0.07565	0.0751
0.1	0.1	0.08197
0.03704	0.03704	0.01471
0.0	0.0	0.0
0.0	0.0	0.0
0.0	0.0	0.0
0.12174	0.12174	0.11268
0.22034	0.19353	0.19711
0.0	0.0	0.0
0.07447	0.0851	0.08714
0.13869	0.12055	0.10424
0.0	0.0	0.0
0.24286	0.2493	0.23856
0.0	0.0	0.0
0.01	0.01	0.0
0.09901	0.09901	0.08197
0.10345	0.08509	0.06641
0.23077	0.22621	0.22042
0.14151	0.14941	0.11314
0.17105	0.16128	0.13932
0.69663	0.6886	0.65096
0.0	0.0	0.0
0.05747	0.04634	0.01923
0.3617	0.3697	0.33503
0.0	0.0	0.0
0.0	0.0	0.0
0.14815	0.14854	0.14064
0.08182	0.08182	0.07353
0.12069	0.11902	0.08571
0.0	0.0	0.0
0.28571	0.29156	0.28891
0.27632	0.27418	0.22222
0.03448	0.05116	0.06878
0.02326	0.027	0.02729
0.18644	0.18644	0.15789
0.08602	0.07804	0.07604
0.16667	0.16211	0.15314
0.19802	0.19323	0.16949
0.0122	0.0122	0.00952
0.048	0.04051	0.05665
0.01493	0.01348	0.0
0.0	0.0	0.0
0.06383	0.05868	0.04839
0.42	0.34836	0.28425
0.0875	0.07822	0.06383
0.12222	0.13259	0.13139
0.16327	0.16327	0.15254
0.04396	0.04396	0.01852
0.0	0.0	0.0
0.05882	0.05882	0.04878
0.48684	0.4758	0.4
0.0	0.0	0.0
0.1134	0.12502	0.13791
0.05882	0.05882	0.03226
0.22892	0.19896	0.17012
0.064	0.05599	0.04731
0.12766	0.11872	0.06897
0.15	0.12096	0.12478
0.10145	0.08601	0.0579
0.18182	0.17339	0.13725
0.34177	0.2899	0.22446
0.32836	0.31054	0.28581
0.26923	0.26509	0.24824
0.28788	0.24924	0.20015
0.04	0.02903	0.01724
0.31944	0.33692	0.33333
0.0	0.0	0.0
0.0	0.0	0.0
0.0	0.0	0.0
0.0	0.0	0.0
0.0	0.0	0.0
0.05517	0.05406	0.04651
0.1	0.1	0.09091
0.08475	0.09075	0.09117
0.54545	0.53661	0.55834
0.19737	0.19737	0.17391
0.45946	0.41497	0.3997
0.07792	0.07666	0.04545
0.04839	0.04266	0.02632
0.13433	0.13866	0.12821
0.1	0.11169	0.10967
0.30275	0.30362	0.251
0.2875	0.29595	0.24084
0.06452	0.05514	0.03763
0.34884	0.34021	0.25924
0.38298	0.31155	0.35366
0.38462	0.40526	0.32254
0.13333	0.12171	0.05326
0.13761	0.14264	0.1194
0.0	0.0	0.0
0.11039	0.11101	0.1196
0.0	0.0	0.0
0.4	0.34352	0.31181
0.0	0.0	0.0
0.12174	0.12174	0.10606
0.02013	0.01645	0.0087
0.0	0.0	0.0
0.02083	0.02083	0.01724
0.0	0.0	0.0
0.0	0.0	0.0
0.22222	0.25922	0.3185
0.14815	0.14635	0.13793
0.26	0.25482	0.2591
0.17544	0.17544	0.17647
0.13043	0.13043	0.11111
0.2037	0.2037	0.19355
0.12727	0.13695	0.15102
0.02174	0.02174	0.01754
0.16667	0.15161	0.12387
0.12593	0.11517	0.11151
0.06849	0.06407	0.06667
0.06164	0.06628	0.05618
0.09677	0.09677	0.1129
