0.0	0.0	0.0
0.34615	0.34615	0.35714
0.0	0.0	0.0
0.2	0.18629	0.15778
0.05882	0.0536	0.05263
0.07576	0.06695	0.05405
0.04054	0.04054	0.02381
0.0	0.0	0.0
0.0	0.0	0.0
0.04444	0.04086	0.02083
0.0	0.0	0.0
0.12069	0.1129	0.13685
0.09589	0.07556	0.07946
0.13462	0.12531	0.10714
0.07143	0.07143	0.05455
0.17308	0.15972	0.20881
0.0	0.0	0.0
0.0	0.0	0.0
0.0098	0.00632	0.0
0.0	0.0	0.0
0.0	0.0	0.0
0.04938	0.05177	0.04978
0.0	0.0	0.0
0.0	0.0	0.0
0.17722	0.18006	0.15769
0.00649	0.00419	0.0
0.03774	0.03347	0.06117
0.10638	0.11255	0.125
0.05263	0.10526	0.17391
0.09756	0.06883	0.06809
0.28814	0.25147	0.31149
0.0	0.0	0.0
0.0	0.0	0.0
0.3125	0.31315	0.3724
0.02521	0.03252	0.02016
0.28846	0.30144	0.24091
0.01493	0.0077	0.0
0.07865	0.06669	0.02677
0.04965	0.04575	0.05831
0.0	0.0	0.0
0.0	0.0	0.0
0.02632	0.04074	0.03071
0.0	0.0	0.0
0.03636	0.03225	0.02211
0.10791	0.10373	0.10918
0.16949	0.18642	0.23306
0.17647	0.18024	0.1629
0.08333	0.07594	0.08128
0.02469	0.02469	0.02222
0.30488	0.28951	0.28876
0.35484	0.32621	0.37633
0.0274	0.0274	0.02381
0.0	0.0	0.0
0.27778	0.27778	0.26667
0.0	0.0	0.0
0.22936	0.22936	0.22581
0.11765	0.10182	0.12671
0.22449	0.20769	0.18064
0.65385	0.67054	0.6329
0.08333	0.093	0.07387
0.11688	0.12357	0.15602
0.19697	0.19159	0.23684
0.0	0.0	0.0
0.0	0.0	0.0
0.04286	0.04286	0.04838
0.09459	0.09808	0.10645
0.09091	0.0865	0.10874
0.07018	0.06847	0.06452
0.13415	0.13415	0.12766
0.08861	0.08575	0.06522
0.02062	0.02062	0.01754
0.15789	0.27842	0.34783
0.09639	0.09639	0.08696
0.0	0.0	0.0
0.09091	0.09091	0.07955
0.02439	0.02439	0.02128
0.0	0.0	0.0
0.43333	0.40912	0.42381
0.0	0.0	0.0
0.0339	0.04127	0.03635
0.0	0.0	0.0
0.06579	0.05857	0.0576
0.10638	0.10638	0.08333
0.0	0.0	0.0
0.0	0.0	0.0
0.09434	0.10955	0.14671
0.13333	0.13075	0.11905
0.0	0.0	0.0
0.2619	0.2619	0.26087
0.0	0.0	0.0
0.1871	0.18231	0.17647
0.0	0.0	0.0
0.08791	0.09534	0.10544
0.0875	0.08507	0.06164
0.01724	0.01112	0.0
0.0	0.0	0.0
0.0	0.0	0.0
0.07595	0.07595	0.08333
0.13592	0.12683	0.13793
0.42991	0.43623	0.44462
0.0	0.0	0.0
0.0098	0.0098	0.0
0.16495	0.15763	0.15073
0.0	0.0	0.0
0.13158	0.13518	0.1338
0.15517	0.14015	0.11521
0.0	0.0	0.0
0.02667	0.02064	0.006
0.07937	0.08269	0.0894
0.07042	0.07314	0.07317
0.0	0.0	0.0
0.25556	0.25556	0.25
0.18889	0.17527	0.18153
0.27119	0.28814	0.32353
0.0	0.0	0.0
0.21212	0.21212	0.24324
0.11538	0.11538	0.11628
0.1519	0.1519	0.16667
0.25758	0.2522	0.23077
0.03846	0.03814	0.00437
0.13462	0.13462	0.13333
0.0	0.0	0.0
0.23684	0.27928	0.29952
0.16471	0.16886	0.16196
0.07843	0.08411	0.09639
0.11111	0.10751	0.09582
0.52577	0.5088	0.50575
0.0	0.0	0.0
0.23	0.22548	0.21025
0.10345	0.10345	0.09091
0.39568	0.39707	0.39516
0.0	0.0	0.0
0.0	0.0	0.0
0.0	0.0	0.0
0.16038	0.16038	0.16667
0.0	0.0	0.0
0.04545	0.04545	0.05263
0.0	0.0	0.0
0.06542	0.07175	0.06187
0.2381	0.22195	0.20546
0.38235	0.32919	0.37051
0.12245	0.12245	0.10909
0.10227	0.0876	0.09548
0.0	0.0	0.0
0.25301	0.23745	0.23752
0.21429	0.21249	0.2
0.0	0.0	0.0
0.07143	0.06105	0.04586
0.11765	0.11053	0.11884
0.25	0.21683	0.19872
0.0	0.0	0.0
0.0202	0.0202	0.01887
0.0	0.0	0.0
0.28346	0.32203	0.32343
0.12745	0.10752	0.09149
0.0	0.0	0.0
0.0	0.0	0.0
0.18293	0.17741	0.18182
0.08667	0.09354	0.096
0.18367	0.18367	0.16364
0.20548	0.20548	0.19512
0.0	0.0	0.0
0.33962	0.33962	0.34483
0.0	0.0	0.0
0.13725	0.13725	0.14815
0.01613	0.01613	0.0
0.0	0.0	0.0
0.26415	0.26415	0.24138
0.10072	0.10072	0.09091
0.14388	0.15571	0.15709
0.02985	0.02263	0.0
0.03333	0.02509	0.02083
0.0	0.0	0.0
0.0	0.0	0.0
0.0	0.0	0.0
0.26804	0.27633	0.31067
0.0	0.0	0.0
0.12941	0.14838	0.13104
0.28846	0.30144	0.24091
0.0	0.0	0.0
0.0	0.0	0.0
0.0	0.0	0.0
0.15254	0.17768	0.23932
0.51546	0.49949	0.49632
0.0	0.0	0.0
0.0	0.0	0.0
0.34483	0.3131	0.36264
0.0	0.0	0.0
0.0	0.0	0.0
0.0	0.0	0.0
0.0	0.0	0.0
0.10606	0.09041	0.07497
0.0	0.0	0.0
0.0	0.0	0.0
0.0	0.0	0.0
0.0	0.0	0.0
0.11765	0.10182	0.12671
0.33846	0.36671	0.4125
0.18462	0.17915	0.21622
0.09302	0.09264	0.02083
0.08148	0.08148	0.09333
0.0	0.0	0.0
0.0	0.0	0.0
0.0	0.0	0.0
0.0	0.0	0.0
0.25275	0.23962	0.25929
0.24675	0.24675	0.25
0.03846	0.03432	0.02273
0.0	0.0	0.0
0.0	0.0	0.0
0.04286	0.04286	0.04838
0.0	0.0	0.0
0.02247	0.01848	0.02128
0.06173	0.05894	0.04255
0.0	0.0	0.0
0.0	0.0	0.0
0.22523	0.22523	0.24194
0.08497	0.08497	0.07955
0.0	0.0	0.0
0.0	0.0	0.0
0.0	0.0	0.0
0.0	0.0	0.0
0.32203	0.31054	0.32257
0.0	0.0	0.0
0.21212	0.21212	0.24324
0.0	0.0	0.0
0.0	0.0	0.0
0.0	0.0	0.0
0.13158	0.1296	0.125
0.25	0.25	0.24138
0.06944	0.06944	0.06977
0.0	0.0	0.0
0.25373	0.25373	0.23077
0.13462	0.13462	0.13333
0.0	0.0	0.0
0.0	0.0	0.0
0.0	0.0	0.0
0.0	0.0	0.0
0.0	0.0	0.0
0.0	0.0	0.0
0.0	0.0	0.0
0.02222	0.01792	0.01333
0.0	0.0	0.0
0.0	0.0	0.0
0.04965	0.04575	0.05831
0.13636	0.10666	0.13676
0.32075	0.32075	0.31034
0.0	0.0	0.0
0.02667	0.02408	0.012
0.22936	0.22936	0.22581
0.53191	0.59294	0.54419
0.04412	0.03178	0.03494
0.25556	0.25556	0.25
0.0	0.0	0.0
0.32692	0.32692	0.32143
0.27119	0.28814	0.32353
0.0	0.0	0.0
0.01053	0.01086	0.0
0.0	0.0	0.0
0.0	0.0	0.0
0.0	0.0	0.0
0.16993	0.16993	0.16667
0.0	0.0	0.0
0.0	0.0	0.0
0.0	0.0	0.0
0.10101	0.10882	0.13782
0.0	0.0	0.0
0.07143	0.06105	0.04586
0.0	0.0	0.0
0.0	0.0	0.0
0.0	0.0	0.0
0.0	0.0	0.0
0.0	0.0	0.0
0.03704	0.04062	0.04978
0.2	0.19847	0.17808
0.0	0.0	0.0
0.0	0.0	0.0
0.0	0.0	0.0
0.01299	0.00838	0.0
0.0	0.0	0.0
0.0	0.0	0.0
0.10976	0.06411	0.04516
0.17544	0.15732	0.21112
0.10638	0.13177	0.125
0.02521	0.03252	0.02016
0.0	0.0	0.0
0.0	0.0	0.0
0.0	0.0	0.0
0.0	0.0	0.0
0.0	0.0	0.0
0.1831	0.22852	0.24564
0.0	0.0	0.0
0.2562	0.26336	0.26751
0.0	0.0	0.0
0.07477	0.08621	0.08725
0.0	0.0	0.0
0.28378	0.32778	0.40956
0.32203	0.31981	0.36126
0.0101	0.0101	0.01818
0.0	0.0	0.0
0.0	0.0	0.0
0.0	0.0	0.0
0.01316	0.01188	0.0
0.0	0.0	0.0
0.02326	0.02063	0.0
0.0	0.0	0.0
0.0	0.0	0.0
0.0	0.0	0.0
0.04124	0.02893	0.03908
0.0	0.0	0.0
0.0	0.0	0.0
0.0	0.0	0.0
0.0	0.0	0.0
0.0	0.0	0.0
0.0	0.0	0.0
0.0	0.0	0.0
0.0	0.0	0.0
0.0	0.0	0.0
0.0	0.0	0.0
0.0	0.0	0.0
0.0	0.0	0.0
0.08163	0.08163	0.07059
0.0	0.0	0.0
0.31343	0.29801	0.20835
0.0	0.0	0.0
0.0	0.0	0.0
0.0	0.0	0.0
0.0	0.0	0.0
0.0	0.0	0.0
0.0	0.0	0.0
0.08	0.08	0.07317
0.0	0.0	0.0
0.0	0.0	0.0
0.1125	0.1125	0.1087
0.0	0.0	0.0
0.0	0.0	0.0
0.0	0.0	0.0
0.0	0.0	0.0
0.16038	0.16038	0.16667
0.27027	0.27114	0.28581
0.05882	0.05787	0.05617
0.0	0.0	0.0
0.17568	0.16826	0.17451
0.0	0.0	0.0
0.06667	0.07096	0.0879
0.11667	0.14138	0.16224
0.34568	0.31896	0.33941
0.04396	0.02268	0.03686
0.0098	0.00632	0.0
0.14286	0.13594	0.14144
0.15094	0.14911	0.13793
0.07407	0.05894	0.06164
0.04938	0.05177	0.04978
0.3125	0.28546	0.28
0.13433	0.10928	0.12859
0.0	0.0	0.0
0.0404	0.03844	0.01887
0.11111	0.07725	0.06891
0.14286	0.14878	0.16
0.0	0.0	0.0
0.0	0.0	0.0
0.0	0.0	0.0
0.0	0.0	0.0
0.0	0.0	0.0
0.05479	0.05037	0.04126
0.54701	0.5111	0.47488
0.0	0.0	0.0
0.0	0.0	0.0
0.45588	0.40224	0.44164
0.0719	0.07863	0.09335
0.08148	0.07741	0.07397
0.0	0.0	0.0
0.0303	0.02297	0.0
0.24561	0.21333	0.23848
0.08989	0.07248	0.02677
0.05556	0.05448	0.03922
0.02817	0.01454	0.00697
0.15238	0.14285	0.16517
0.43519	0.43428	0.44568
0.1125	0.1125	0.08889
0.0	0.0	0.0
0.20513	0.19023	0.14295
0.0	0.0	0.0
0.03704	0.03743	0.04323
0.0	0.0	0.0
0.53061	0.51382	0.51442
0.0098	0.0098	0.0
0.15152	0.14076	0.14096
0.2875	0.25724	0.27141
0.16949	0.18642	0.23306
0.15833	0.13655	0.09778
0.0	0.0	0.0
0.07576	0.06695	0.05405
0.11765	0.10182	0.12671
0.36066	0.37121	0.39067
0.08163	0.08163	0.08128
0.18293	0.17741	0.18182
0.29091	0.29091	0.26667
0.22936	0.22936	0.22581
0.0	0.0	0.0
0.05	0.05	0.03226
0.13514	0.1408	0.15656
0.10169	0.10005	0.12121
0.22857	0.22857	0.21622
0.26667	0.26989	0.27688
0.0	0.0	0.0
0.27273	0.24757	0.19192
0.2451	0.24509	0.21857
0.63462	0.62215	0.58707
0.21111	0.19963	0.18153
0.0	0.0	0.0
0.37736	0.34936	0.35372
0.0	0.0	0.0
0.27451	0.25078	0.21958
0.0	0.0	0.0
0.08791	0.07443	0.09149
0.27119	0.28814	0.32353
0.05714	0.05023	0.06128
0.07407	0.07407	0.06667
0.0	0.0	0.0
0.14286	0.14286	0.12
0.0	0.0	0.0
0.03125	0.04384	0.05714
0.16949	0.15417	0.10613
0.06186	0.05919	0.05375
0.0	0.0	0.0
0.0404	0.03844	0.01887
0.01235	0.01235	0.02128
0.39024	0.31978	0.27262
0.59016	0.53407	0.56178
0.01333	0.01333	0.0
0.0	0.0	0.0
0.16038	0.16038	0.16667
0.21212	0.21212	0.24324
0.0	0.0	0.0
0.26923	0.24482	0.2321
0.13462	0.13462	0.13333
0.0	0.0	0.0
0.0	0.0	0.0
0.13514	0.12074	0.10385
0.05208	0.05208	0.03704
0.15238	0.14008	0.18797
0.12963	0.12484	0.13008
0.26804	0.27367	0.31067
0.02521	0.02493	0.02016
0.25	0.23063	0.1774
0.40741	0.39904	0.443
0.0202	0.01824	0.0
0.22059	0.21537	0.25641
0.13433	0.13215	0.13117
0.16667	0.16667	0.14815
0.38931	0.37847	0.38217
0.14815	0.14815	0.13636
0.01724	0.01112	0.0
0.01613	0.00832	0.0
0.01974	0.0174	0.0
0.0	0.0	0.0
0.08571	0.07772	0.08475
0.0	0.0	0.0
0.0	0.0	0.0
0.21622	0.18046	0.14809
0.1125	0.12338	0.13561
0.02667	0.02064	0.006
0.09589	0.09323	0.09524
0.07339	0.08878	0.09573
0.14706	0.14358	0.14815
0.07317	0.06412	0.0625
0.01613	0.01613	0.0
0.08333	0.05563	0.03628
0.12632	0.11	0.1245
0.30864	0.27677	0.29984
0.224	0.21238	0.20369
0.45455	0.39295	0.37633
0.13699	0.13256	0.13428
0.38235	0.35199	0.35979
0.11538	0.09211	0.07981
0.1871	0.18481	0.17647
0.13235	0.12404	0.12257
0.07463	0.08136	0.08422
0.04444	0.03942	0.02083
0.07843	0.07843	0.08
0.03125	0.04384	0.05714
0.01235	0.01235	0.02128
0.41463	0.33394	0.27876
0.06061	0.05523	0.05263
0.27273	0.31461	0.31581
0.17857	0.13362	0.14671
0.12727	0.11583	0.13978
0.44231	0.44038	0.36663
0.0	0.0	0.0
0.08	0.08472	0.08448
0.14444	0.13224	0.11322
0.07246	0.06732	0.07692
0.10769	0.11711	0.112
0.12583	0.12775	0.12087
0.0	0.0	0.0
0.09091	0.0865	0.10874
0.32877	0.31505	0.27758
0.34483	0.30086	0.29224
0.0	0.0	0.0
0.5082	0.41243	0.53308
0.09195	0.10159	0.06115
0.0	0.0	0.0
0.0125	0.0125	0.02222
0.0	0.0	0.0
0.0	0.0	0.0
0.01852	0.00956	0.0
0.12097	0.1324	0.13416
0.12	0.14373	0.16128
0.13415	0.13415	0.12766
0.11486	0.12118	0.1039
0.0	0.0	0.0
0.0	0.0	0.0
0.0	0.0	0.0
0.10345	0.08898	0.09873
0.20879	0.20807	0.21986
0.2	0.2	0.21429
0.16327	0.14614	0.12067
0.27273	0.25618	0.24951
0.0	0.0	0.0
0.28846	0.32627	0.34814
0.6875	0.66527	0.77785
0.0	0.0	0.0
0.30435	0.28564	0.32954
0.0	0.0	0.0
0.19643	0.19643	0.19355
0.2	0.2186	0.24336
0.0	0.0	0.0
0.0	0.0	0.0
0.12727	0.12727	0.13793
0.16438	0.17808	0.175
0.07463	0.07076	0.05492
0.02439	0.02439	0.01493
0.0	0.0	0.0
0.07759	0.07675	0.08065
0.24051	0.24295	0.21739
0.09615	0.09429	0.06667
0.0	0.0	0.0
0.29231	0.29231	0.28571
0.43956	0.43708	0.45098
0.03846	0.02915	0.02132
0.13393	0.1273	0.12097
0.0	0.0	0.0
0.22093	0.19729	0.17204
0.05426	0.0715	0.11538
0.09524	0.09524	0.08696
0.8662	0.82892	0.83151
0.0	0.0	0.0
0.16883	0.16379	0.16953
0.0	0.0	0.0
0.0	0.0	0.0
0.37255	0.38172	0.41086
0.18692	0.17907	0.17097
0.02222	0.00573	0.0
0.0	0.0	0.0
0.37719	0.38681	0.3982
0.00685	0.0053	0.0098
0.25714	0.25714	0.33333
0.46753	0.49138	0.49402
0.04255	0.04323	0.03846
0.50538	0.52339	0.52559
0.16667	0.16073	0.17076
0.48837	0.49809	0.58192
0.16364	0.17182	0.1311
0.18182	0.18182	0.19048
0.06383	0.05833	0.07911
0.10909	0.10967	0.16773
0.10811	0.10811	0.1
0.15942	0.14772	0.13921
0.04598	0.04598	0.06
0.0	0.0	0.0
0.17778	0.14693	0.10483
0.15108	0.15108	0.15385
0.10891	0.10891	0.10526
0.16901	0.16901	0.17949
0.10127	0.10371	0.08696
0.0	0.0	0.0
0.33333	0.32148	0.34503
0.0	0.0	0.0
0.05	0.05	0.0303
0.09589	0.09589	0.09756
0.07955	0.07405	0.0625
0.17808	0.19178	0.21951
0.46	0.44964	0.44553
0.1134	0.11406	0.12844
0.19266	0.18822	0.18333
0.27273	0.26464	0.26365
0.17949	0.19974	0.26105
0.21053	0.18589	0.15789
0.08889	0.0724	0.08
0.14493	0.14493	0.13514
0.14085	0.13811	0.13514
0.0	0.0	0.0
0.09375	0.09525	0.08869
0.05455	0.05455	0.03333
0.03604	0.03516	0.0339
0.03704	0.03704	0.03226
0.12766	0.14274	0.11348
0.15686	0.1929	0.23386
0.07955	0.08064	0.08198
0.35	0.34956	0.36041
0.17647	0.15938	0.14435
0.26923	0.25804	0.24045
0.0	0.0	0.0
0.04651	0.04651	0.04167
0.0	0.0	0.0
0.0	0.0	0.0
0.20192	0.19323	0.15668
0.0283	0.02282	0.0
0.0	0.0	0.0
0.0	0.0	0.0
0.31667	0.31667	0.33333
0.04688	0.04688	0.04412
0.0	0.0	0.0
0.1	0.09381	0.08467
0.07937	0.05222	0.05263
0.0	0.0	0.0
0.06849	0.07158	0.10421
0.16667	0.16046	0.18605
0.0315	0.02819	0.01106
0.18182	0.17495	0.15778
0.41071	0.41071	0.4375
0.0339	0.06232	0.07284
0.42149	0.41614	0.40578
0.0	0.0	0.0
0.0	0.0	0.0
0.04	0.04	0.03571
0.0	0.0	0.0
0.4902	0.46171	0.48622
0.0	0.0	0.0
0.04839	0.04839	0.05263
0.11	0.11	0.10714
0.19512	0.17661	0.19421
0.32653	0.32653	0.2963
0.0	0.0	0.0
0.16484	0.1542	0.11808
0.04819	0.04586	0.0597
0.17557	0.17285	0.17305
0.10606	0.08015	0.08108
0.17544	0.19296	0.21269
0.09677	0.08897	0.10655
0.0	0.0	0.0
0.0339	0.0339	0.03125
0.11811	0.1143	0.11429
0.02597	0.02597	0.02381
0.47727	0.44207	0.43778
0.43103	0.41045	0.41935
0.13043	0.13391	0.13932
0.2069	0.17017	0.148
0.1811	0.17702	0.17436
0.24138	0.21857	0.19165
0.0	0.0	0.0
0.12871	0.13542	0.13639
0.03636	0.03636	0.03333
0.28261	0.28261	0.29167
0.24194	0.21903	0.23558
0.15455	0.13489	0.12957
0.0	0.0	0.0
0.35593	0.28975	0.30944
0.05333	0.05333	0.05128
0.15217	0.13533	0.10192
0.0	0.0	0.0
0.0	0.0	0.0
0.0	0.0	0.0
0.35714	0.24938	0.21569
0.0	0.0	0.0
0.04082	0.04311	0.05196
0.07692	0.07692	0.08824
0.04717	0.03469	0.02029
0.19277	0.19936	0.19766
0.0	0.0	0.0
0.0	0.0	0.0
0.16667	0.15591	0.14919
0.0	0.0	0.0
0.0	0.0	0.0
0.08333	0.0654	0.03225
0.13699	0.13699	0.16667
0.07353	0.07304	0.043
0.07143	0.05818	0.0625
0.0	0.0	0.0
0.10256	0.10132	0.09302
0.0	0.0	0.0
0.0	0.0	0.0
0.51429	0.49953	0.48132
0.07937	0.07168	0.05882
0.03704	0.03425	0.02174
0.4	0.4	0.42105
0.14815	0.09496	0.0645
0.07143	0.04992	0.04032
0.08696	0.09864	0.08108
0.47826	0.46326	0.44889
0.0	0.0	0.0
0.29474	0.29474	0.27273
0.14815	0.1338	0.11367
0.0	0.0	0.0
0.0	0.0	0.0
0.06897	0.08972	0.09615
0.0	0.0	0.0
0.34247	0.3663	0.38787
0.38298	0.3644	0.3677
0.22581	0.22581	0.22222
0.00901	0.00465	0.0086
0.15789	0.16354	0.16431
0.0	0.0	0.0
0.19753	0.19075	0.21114
0.03175	0.02816	0.0
0.26087	0.24683	0.25267
0.09709	0.11305	0.08513
0.0	0.0	0.0
0.08088	0.08017	0.07595
0.04167	0.04167	0.05128
0.05085	0.05085	0.05882
0.13415	0.11211	0.10036
0.04054	0.03051	0.02326
0.125	0.13675	0.17802
0.11957	0.11957	0.125
0.02941	0.00759	0.0
0.08065	0.08065	0.09091
0.02222	0.02222	0.02041
0.15	0.12902	0.15725
0.0	0.0	0.0
0.0	0.0	0.0
0.125	0.11021	0.10385
0.0	0.0	0.0
0.16949	0.17003	0.125
0.02381	0.02381	0.0
0.21429	0.21429	0.21739
0.32692	0.30583	0.28571
0.36735	0.35151	0.3333
0.04225	0.04225	0.04878
0.09302	0.09302	0.125
0.07018	0.06507	0.06853
0.0	0.0	0.0
0.0	0.0	0.0
0.33824	0.30072	0.36375
0.01961	0.01391	0.0
0.18421	0.174	0.16548
0.09524	0.09524	0.08696
0.0	0.0	0.0
0.0	0.0	0.0
0.0	0.0	0.0
0.12329	0.13652	0.13688
0.36782	0.35925	0.4228
0.02273	0.02273	0.0
0.0	0.0	0.0
0.0625	0.06174	0.05634
0.0	0.0	0.0
0.0	0.0	0.0
0.04167	0.04167	0.03571
0.02041	0.02041	0.0
0.0	0.0	0.0
0.0	0.0	0.0
0.13559	0.11207	0.11194
0.0	0.0	0.0
0.38372	0.36121	0.35413
0.21505	0.22787	0.26708
0.15152	0.152	0.14286
0.0	0.0	0.0
0.07143	0.05645	0.0
0.05455	0.04105	0.03333
0.0	0.0	0.0
0.20312	0.18898	0.15465
0.0	0.0	0.0
0.18841	0.17717	0.14908
0.18966	0.18353	0.16597
0.40541	0.34435	0.4439
0.25806	0.2466	0.26431
0.05833	0.0543	0.05797
0.29545	0.29545	0.30435
0.0375	0.05362	0.05452
0.08974	0.07609	0.07651
0.01587	0.00819	0.01518
0.05556	0.03001	0.01323
0.0	0.0	0.0
0.0	0.0	0.0
0.08065	0.0796	0.03125
0.21569	0.22073	0.23708
0.38158	0.38158	0.39024
0.0	0.0	0.0
0.17213	0.17213	0.16418
0.0	0.0	0.0
0.0	0.0	0.0
0.06522	0.06311	0.04
0.32692	0.31762	0.32203
0.09091	0.09853	0.11397
0.39583	0.38675	0.33685
0.05	0.05	0.02941
0.13208	0.11381	0.13731
0.0	0.0	0.0
0.13187	0.13187	0.13462
0.2037	0.16426	0.14793
0.09677	0.07906	0.05556
0.15217	0.12972	0.09548
0.0	0.0	0.0
0.0	0.0	0.0
0.0	0.0	0.0
0.1	0.1	0.08929
0.0	0.0	0.0
0.09677	0.09677	0.10145
0.18421	0.14685	0.14616
0.67797	0.67195	0.68571
0.0	0.0	0.0
0.0125	0.0125	0.02174
0.0	0.0	0.0
0.14103	0.13854	0.13333
0.12791	0.1114	0.08765
0.0	0.0	0.0
0.0	0.0	0.0
0.66667	0.66667	0.64286
0.0	0.0	0.0
0.0	0.0	0.0
0.14754	0.14648	0.1473
0.14286	0.12787	0.12531
0.0	0.0	0.0
0.07	0.07	0.07692
0.0	0.0	0.0
0.0	0.0	0.0
0.12025	0.11413	0.12796
0.0566	0.05234	0.03333
0.05634	0.05724	0.07856
0.0	0.0	0.0
0.47273	0.45333	0.46527
0.0	0.0	0.0
0.35385	0.28931	0.2304
0.19149	0.18255	0.21504
0.44872	0.47886	0.49433
0.04348	0.08696	0.10714
0.04	0.05367	0.07854
0.21212	0.21212	0.21622
0.04545	0.04545	0.04167
0.04444	0.04444	0.04348
0.19403	0.16658	0.13889
0.12121	0.10997	0.12121
0.0	0.0	0.0
0.05319	0.02848	0.00527
0.0	0.0	0.0
0.08571	0.07741	0.06281
0.0	0.0	0.0
0.10588	0.11347	0.12766
0.27632	0.27884	0.2993
0.0	0.0	0.0
0.0	0.0	0.0
0.0	0.0	0.0
0.0	0.0	0.0
0.04762	0.03994	0.04459
0.27848	0.2699	0.31084
0.27381	0.27725	0.28965
0.22	0.21806	0.2
0.0	0.0	0.0
0.19767	0.19767	0.2
0.20339	0.22086	0.25235
0.04167	0.03394	0.04181
0.00943	0.00943	0.0
0.02985	0.02985	0.02778
0.10714	0.09062	0.10923
0.27027	0.2467	0.33274
0.10448	0.09966	0.10338
0.21667	0.21988	0.24436
0.0	0.0	0.0
0.13793	0.12402	0.10988
0.01515	0.00782	0.01259
0.21311	0.20356	0.24727
0.17105	0.17062	0.18969
0.01613	0.01613	0.0
0.30882	0.27512	0.27175
0.30851	0.30472	0.28846
0.225	0.20645	0.16667
0.0	0.0	0.0
0.2093	0.18828	0.1465
0.0	0.0	0.0
0.25352	0.21579	0.21772
0.03509	0.03339	0.03333
0.19444	0.19413	0.20185
0.21538	0.24463	0.28669
0.27869	0.2607	0.25024
0.23423	0.22057	0.25053
0.01942	0.01942	0.01724
0.5	0.44876	0.40384
0.05682	0.04839	0.04516
0.0102	0.0102	0.01695
0.0	0.0	0.0
0.15217	0.13604	0.13032
0.38889	0.34694	0.33078
0.08065	0.08584	0.11194
0.03125	0.04838	0.05842
0.0	0.0	0.0
0.35443	0.32747	0.31135
0.0	0.0	0.0
0.07692	0.07692	0.09375
0.08911	0.08974	0.07923
0.2	0.2	0.17391
0.0	0.0	0.0
0.13514	0.14297	0.17608
0.0	0.0	0.0
0.0687	0.05368	0.05236
0.02817	0.01772	0.02632
0.03509	0.02886	0.03226
0.0	0.0	0.0
0.0	0.0	0.0
0.43137	0.41237	0.42538
0.09524	0.05273	0.05976
0.0	0.0	0.0
0.23256	0.23256	0.24
0.0	0.0	0.0
0.05051	0.04692	0.03571
0.04444	0.03369	0.01723
0.0	0.0	0.0
0.32877	0.33229	0.3645
0.23684	0.23639	0.25574
0.08871	0.08871	0.09722
0.03448	0.02595	0.02222
0.04688	0.0378	0.0303
0.0	0.0	0.0
0.50746	0.55266	0.63703
0.08108	0.09459	0.13158
0.06667	0.06307	0.06708
0.0	0.0	0.0
0.15278	0.15143	0.15
0.0	0.0	0.0
0.34615	0.34862	0.34026
0.17476	0.17476	0.18182
0.11321	0.10225	0.11636
0.28261	0.26646	0.33467
0.04348	0.05435	0.05769
0.03077	0.03077	0.02941
0.1625	0.15484	0.15168
0.0875	0.08064	0.11216
0.28302	0.26353	0.29921
0.04688	0.03528	0.034
0.16	0.12472	0.11981
0.09167	0.08387	0.07576
0.15455	0.15455	0.14516
0.0	0.0	0.0
0.01818	0.00469	0.0
0.22951	0.22951	0.21622
0.05556	0.04435	0.03486
0.0	0.0	0.0
0.07071	0.06712	0.05769
0.04854	0.03946	0.02097
0.22137	0.21571	0.21333
0.05479	0.04904	0.02793
0.17021	0.19628	0.19711
0.0	0.0	0.0
0.03	0.03225	0.02224
0.12195	0.0999	0.04762
0.20896	0.20027	0.2109
0.46479	0.46066	0.46176
0.05797	0.04768	0.06026
0.05714	0.05836	0.05967
0.07087	0.0701	0.05714
0.0625	0.0625	0.06522
0.84615	0.81769	0.81
0.30508	0.27063	0.22188
0.0458	0.05343	0.05797
0.0	0.0	0.0
0.1129	0.08376	0.034
0.0	0.0	0.0
0.12821	0.12821	0.13636
0.09859	0.09859	0.09524
0.05333	0.05333	0.04545
0.18072	0.18072	0.17778
0.15894	0.15764	0.15216
0.0	0.0	0.0
0.48718	0.44	0.45891
0.0	0.0	0.0
0.27907	0.27907	0.28986
0.26667	0.21647	0.20965
0.0	0.0	0.0
0.0	0.0	0.0
0.30909	0.25276	0.24837
0.11828	0.11308	0.12776
0.3	0.25599	0.23637
0.04839	0.04839	0.0303
0.03871	0.03642	0.03409
0.14545	0.15542	0.17897
0.10112	0.10112	0.1
0.0	0.0	0.0
0.22667	0.2232	0.22424
0.09756	0.08851	0.09677
0.03846	0.03039	0.02169
0.06024	0.05752	0.08871
0.01429	0.00369	0.00679
0.13223	0.13463	0.15132
0.21239	0.19582	0.20863
0.16867	0.16867	0.15556
0.0	0.0	0.0
0.01852	0.00478	0.0089
0.1453	0.1453	0.13846
0.0	0.0	0.0
0.18182	0.15794	0.16129
0.06306	0.0555	0.04839
0.22047	0.22757	0.22176
0.05882	0.05882	0.07246
0.0	0.0	0.0
0.0	0.0	0.0
0.19565	0.1718	0.16192
0.0	0.0	0.0
0.10667	0.09892	0.07757
0.0	0.0	0.0
0.07143	0.07891	0.09022
0.0	0.0	0.0
0.05882	0.05313	0.03846
0.11304	0.1122	0.09677
0.12069	0.09955	0.07056
0.0	0.0	0.0
0.0	0.0	0.0
0.0	0.0	0.0
0.2459	0.22526	0.19441
0.0	0.0	0.0
0.14516	0.16127	0.19158
0.16	0.19353	0.18958
0.07143	0.07143	0.07407
0.38938	0.38423	0.37888
0.0	0.0	0.0
0.0	0.0	0.0
0.0	0.0	0.0
0.28205	0.29032	0.30952
0.0	0.0	0.0
0.04	0.03612	0.0
0.1828	0.14255	0.11868
0.0	0.0	0.0
0.0122	0.00787	0.0
0.32895	0.32512	0.35006
0.06557	0.07165	0.08038
0.05	0.04193	0.04594
0.0	0.0	0.0
0.27027	0.26881	0.25858
0.0339	0.03444	0.03127
0.0	0.0	0.0
0.10714	0.10079	0.09989
0.09877	0.08044	0.09257
0.16038	0.16038	0.18033
0.23333	0.23333	0.25532
0.11594	0.12622	0.12308
0.08475	0.08475	0.09091
0.09375	0.08735	0.11676
0.5974	0.59112	0.57163
0.0	0.0	0.0
0.07812	0.09072	0.08543
0.07317	0.07317	0.06383
0.19048	0.17357	0.16914
0.24	0.25262	0.23947
0.1358	0.14416	0.13333
0.07143	0.07143	0.08163
0.0	0.0	0.0
0.0303	0.01539	0.00344
0.12264	0.11716	0.1193
0.23438	0.23438	0.22857
0.13208	0.13846	0.14707
0.0	0.0	0.0
0.0	0.0	0.0
0.0678	0.05959	0.06255
0.05479	0.03137	0.03698
0.02	0.02645	0.02304
0.10127	0.09514	0.09302
0.0	0.0	0.0
0.0	0.0	0.0
0.03883	0.03977	0.02942
0.17273	0.17273	0.18333
0.03704	0.03704	0.03125
0.08054	0.0723	0.05672
0.06731	0.07506	0.0678
0.08889	0.10609	0.17391
0.10526	0.11572	0.17336
0.17708	0.17135	0.15352
0.0	0.0	0.0
0.10317	0.10317	0.11429
0.1625	0.16169	0.10502
0.03509	0.03424	0.03125
0.03226	0.02185	0.02516
0.04762	0.03584	0.02857
0.0	0.0	0.0
0.0	0.0	0.0
0.0	0.0	0.0
0.0	0.0	0.0
0.07463	0.07318	0.05714
0.08036	0.08036	0.08065
0.10606	0.11265	0.13978
0.05405	0.07018	0.0629
0.15267	0.15685	0.14474
0.01408	0.01408	0.0
0.0	0.0	0.0
0.14423	0.13212	0.09786
0.05634	0.04179	0.04881
0.11429	0.11429	0.11864
0.06731	0.06916	0.07033
0.11806	0.1176	0.09988
0.28571	0.28571	0.26923
0.04348	0.03576	0.03846
0.01802	0.01802	0.01639
0.32812	0.31802	0.30553
0.11957	0.1143	0.13032
0.0	0.0	0.0
0.4	0.39092	0.46589
0.01471	0.01471	0.0
0.18182	0.19469	0.21123
0.0	0.0	0.0
0.35036	0.33953	0.33522
0.11702	0.11187	0.14694
0.02469	0.02389	0.03153
0.18667	0.15612	0.15263
0.0	0.0	0.0
0.09859	0.07723	0.08281
0.03448	0.03448	0.03614
0.0	0.0	0.0
0.15385	0.18147	0.21945
0.0	0.0	0.0
0.0	0.0	0.0
0.31507	0.29384	0.23995
0.21212	0.24012	0.26215
0.09244	0.09216	0.08858
0.30693	0.32513	0.33393
0.05319	0.0453	0.03774
0.18182	0.1955	0.15322
0.16393	0.15387	0.08366
0.0	0.0	0.0
0.05208	0.04973	0.04659
0.01136	0.01136	0.02041
0.04854	0.04854	0.05
0.29885	0.26621	0.28413
0.12371	0.08645	0.07463
0.06944	0.06967	0.06212
0.15842	0.1517	0.16307
0.22807	0.22382	0.21925
0.0	0.0	0.0
0.0	0.0	0.0
0.37931	0.41212	0.43703
0.08333	0.08333	0.11111
0.10294	0.10294	0.12821
0.0	0.0	0.0
0.17699	0.16042	0.16884
0.03175	0.03175	0.02985
0.04348	0.04348	0.04
0.18584	0.19326	0.19823
0.0	0.0	0.0
0.0	0.0	0.0
0.30851	0.27899	0.25553
0.0	0.0	0.0
0.09677	0.09521	0.08932
0.04717	0.04717	0.03509
0.04167	0.01612	0.0
0.25275	0.2559	0.25235
0.16667	0.17126	0.16883
0.0	0.0	0.0
0.08661	0.0927	0.08893
0.03529	0.03871	0.04872
0.0	0.0	0.0
0.28571	0.27984	0.2508
0.02326	0.0225	0.0
0.0	0.0	0.0
0.0	0.0	0.0
0.02381	0.03098	0.04286
0.10294	0.10294	0.11111
0.0	0.0	0.0
0.18978	0.16882	0.16511
0.01316	0.01316	0.0
0.14729	0.14653	0.15278
0.0	0.0	0.0
0.0	0.0	0.0
0.17241	0.19167	0.24911
0.0	0.0	0.0
0.04651	0.0315	0.04394
0.04717	0.04717	0.03509
0.22835	0.22756	0.22809
0.05556	0.03046	0.0129
0.0	0.0	0.0
0.05442	0.05442	0.05
0.0	0.0	0.0
0.0	0.0	0.0
0.2	0.18332	0.19353
0.13889	0.14097	0.13558
0.0	0.0	0.0
0.15294	0.14572	0.13113
0.16129	0.16076	0.16715
0.54795	0.54437	0.52838
0.12903	0.12747	0.125
0.0198	0.0198	0.01786
0.0	0.0	0.0
0.0	0.0	0.0
0.0	0.0	0.0
0.15385	0.15407	0.16906
0.10204	0.07371	0.04448
0.44792	0.47208	0.43769
0.0	0.0	0.0
0.0	0.0	0.0
0.65041	0.64174	0.61337
0.0	0.0	0.0
0.0	0.0	0.0
0.15385	0.15385	0.19178
0.10156	0.10786	0.15068
0.19149	0.19057	0.23012
0.26471	0.26471	0.26667
0.21905	0.21905	0.21311
0.06475	0.06405	0.06579
0.33871	0.33871	0.29412
0.26316	0.26316	0.26829
0.0	0.0	0.0
0.09091	0.08738	0.09475
0.06316	0.06281	0.05059
0.34483	0.32867	0.30871
0.23636	0.23636	0.21875
0.06977	0.06977	0.04167
0.0	0.0	0.0
0.21429	0.21429	0.21739
0.07812	0.07962	0.06624
0.0	0.0	0.0
0.0	0.0	0.0
0.0	0.0	0.0
0.14516	0.1181	0.11828
0.18644	0.18644	0.1875
0.19469	0.19469	0.20635
0.26316	0.21645	0.11436
0.23214	0.21945	0.19355
0.03774	0.03104	0.03448
0.0	0.0	0.0
0.02985	0.02985	0.02778
0.33708	0.33708	0.34694
0.23944	0.25576	0.26932
0.0	0.0	0.0
0.03158	0.03871	0.05051
0.0	0.0	0.0
0.0	0.0	0.0
0.02564	0.02619	0.03523
0.0	0.0	0.0
0.10078	0.10078	0.09459
0.02521	0.01897	0.02857
0.2439	0.2423	0.21317
0.1978	0.19602	0.20227
0.11494	0.10938	0.11111
0.18056	0.19532	0.14768
0.01786	0.01612	0.0
0.06579	0.07214	0.08524
0.0	0.0	0.0
0.1194	0.1194	0.12821
0.05	0.05	0.06818
0.22727	0.22385	0.25069
0.0	0.0	0.0
0.10938	0.09072	0.06061
0.37736	0.37736	0.3871
0.20732	0.18802	0.17347
0.10465	0.10502	0.10706
0.11881	0.10412	0.10979
0.0	0.0	0.0
0.03738	0.04401	0.06286
0.17	0.17386	0.1728
0.28125	0.28125	0.28947
0.0	0.0	0.0
0.23529	0.23242	0.26684
0.29032	0.29032	0.28125
0.0	0.0	0.0
0.30952	0.31258	0.31228
0.0	0.0	0.0
0.0	0.0	0.0
0.0	0.0	0.0
0.0	0.0	0.0
0.0	0.0	0.0
0.0	0.0	0.0
0.16854	0.13736	0.15535
0.0	0.0	0.0
0.12821	0.12821	0.13636
0.26596	0.27005	0.31787
0.05385	0.05385	0.06849
0.05426	0.05876	0.0754
0.1791	0.16609	0.12053
0.1875	0.15927	0.11859
0.0	0.0	0.0
0.0	0.0	0.0
0.02459	0.01798	0.01191
0.27473	0.25167	0.2774
0.08475	0.08583	0.09375
0.05217	0.0258	0.0041
0.05556	0.05556	0.03571
0.20968	0.18053	0.15322
0.08791	0.08791	0.09804
0.09709	0.09709	0.10345
0.18841	0.19587	0.12205
0.0	0.0	0.0
0.35443	0.29928	0.28443
0.41667	0.41397	0.41474
0.81356	0.74953	0.758
0.47436	0.44	0.40027
0.11111	0.10673	0.09524
0.14516	0.14516	0.15152
0.04255	0.04255	0.03704
0.0	0.0	0.0
0.0	0.0	0.0
0.10145	0.12855	0.11968
0.17722	0.17353	0.11364
0.03077	0.03077	0.02703
0.10526	0.09125	0.05452
0.13636	0.13636	0.125
0.16102	0.14242	0.14754
0.20548	0.19177	0.17232
0.11429	0.08846	0.09505
0.0	0.0	0.0
0.0	0.0	0.0
0.14516	0.13995	0.11436
0.0	0.0	0.0
0.26562	0.25252	0.25717
0.02353	0.02353	0.02174
0.0	0.0	0.0
0.27451	0.27514	0.32257
0.21951	0.23288	0.30375
0.0	0.0	0.0
0.1039	0.11436	0.08889
0.19149	0.19628	0.20346
0.0	0.0	0.0
0.05085	0.03827	0.0303
0.0	0.0	0.0
0.0339	0.02842	0.03225
0.0	0.0	0.0
0.09091	0.10204	0.09575
0.0	0.0	0.0
0.0	0.0	0.0
0.42553	0.4293	0.42652
0.0	0.0	0.0
0.02174	0.02174	0.0
0.11628	0.11102	0.08696
0.175	0.1516	0.18652
0.2268	0.23711	0.23214
0.0	0.0	0.0
0.04255	0.04049	0.03846
0.02174	0.02174	0.01887
0.0	0.0	0.0
0.0	0.0	0.0
0.23077	0.26398	0.28403
0.47619	0.5151	0.50827
0.02532	0.02082	0.0
0.08929	0.08929	0.1
0.10476	0.10476	0.10169
0.35	0.36854	0.41718
0.0	0.0	0.0
0.09091	0.05747	0.05228
0.21569	0.22516	0.19241
0.11017	0.11017	0.12121
0.0	0.0	0.0
0.01709	0.01709	0.01538
0.10714	0.10771	0.07527
0.0	0.0	0.0
0.0	0.0	0.0
0.2029	0.2029	0.22222
0.19048	0.17433	0.14304
0.0	0.0	0.0
0.06723	0.05936	0.0491
0.12903	0.14203	0.15692
0.0	0.0	0.0
0.48148	0.40796	0.41203
0.15	0.15	0.15217
0.8125	0.80238	0.80714
0.18966	0.18966	0.2
0.12	0.08708	0.07526
0.14458	0.15545	0.17226
0.40244	0.38472	0.3857
0.33333	0.33019	0.31707
0.14286	0.14131	0.09675
0.24194	0.2081	0.14929
0.0	0.0	0.0
0.04688	0.03578	0.0
0.10938	0.1013	0.09391
0.0	0.0	0.0
0.0	0.0	0.0
0.10924	0.10111	0.10025
0.34043	0.27723	0.21576
0.11111	0.11162	0.14041
0.07595	0.07595	0.08511
0.34	0.3374	0.3787
0.02667	0.02667	0.02381
0.0	0.0	0.0
0.10938	0.12802	0.17292
0.0	0.0	0.0
0.0	0.0	0.0
0.05195	0.04147	0.03145
0.28947	0.31832	0.34562
0.01562	0.01562	0.0
0.07143	0.07143	0.075
0.0	0.0	0.0
0.11009	0.09559	0.09778
0.0	0.0	0.0
0.15625	0.126	0.17835
0.0	0.0	0.0
0.05882	0.04459	0.02778
0.13514	0.15516	0.20759
0.0	0.0	0.0
0.16346	0.17275	0.193
0.01961	0.01012	0.01911
0.09091	0.10409	0.14917
0.075	0.06571	0.0667
0.0	0.0	0.0
0.18182	0.15591	0.11828
0.0	0.0	0.0
0.37383	0.40395	0.41228
0.0	0.0	0.0
0.27586	0.27419	0.25806
0.44737	0.38876	0.35041
0.02817	0.0318	0.02632
0.0	0.0	0.0
0.0	0.0	0.0
0.13924	0.15761	0.15302
0.0375	0.0254	0.03526
0.0	0.0	0.0
0.0	0.0	0.0
0.34615	0.31821	0.35168
0.30508	0.28647	0.252
0.01639	0.01269	0.0
0.0	0.0	0.0
0.0	0.0	0.0
0.0	0.0	0.0
0.0	0.0	0.0
0.0	0.0	0.0
0.0	0.0	0.0
0.60345	0.57391	0.60524
0.25455	0.25453	0.21539
0.0	0.0	0.0
0.15217	0.15217	0.125
0.12308	0.14886	0.198
0.1	0.07942	0.04233
0.33333	0.27954	0.32196
0.0	0.0	0.0
0.0	0.0	0.0
0.06897	0.06897	0.06452
0.12698	0.12441	0.148
0.0	0.0	0.0
0.0	0.0	0.0
0.1165	0.11243	0.12375
0.13907	0.1224	0.11531
0.04286	0.04286	0.05405
0.18333	0.143	0.13376
0.18045	0.18045	0.18667
0.32759	0.35091	0.38315
0.0	0.0	0.0
0.0	0.0	0.0
0.0	0.0	0.0
0.04878	0.03894	0.02804
0.07317	0.07317	0.07036
0.0	0.0	0.0
0.30303	0.26342	0.28508
0.15556	0.15556	0.12
0.26596	0.25737	0.25985
0.34545	0.34896	0.27471
0.0	0.0	0.0
0.0	0.0	0.0
0.10638	0.10638	0.11538
0.12329	0.12593	0.13225
0.10909	0.10733	0.09231
0.14865	0.14123	0.12902
0.30882	0.27465	0.25308
0.0	0.0	0.0
0.0	0.0	0.0
0.0	0.0	0.0
0.00741	0.00669	0.0
0.0	0.0	0.0
0.0	0.0	0.0
0.40278	0.40411	0.41781
0.26786	0.21946	0.21827
0.10526	0.09895	0.09859
0.04878	0.04878	0.04545
0.42241	0.40294	0.38556
0.36842	0.32993	0.31867
0.0	0.0	0.0
0.13636	0.14076	0.13514
0.05455	0.08035	0.12211
0.07643	0.06184	0.06311
0.0	0.0	0.0
0.0	0.0	0.0
0.40625	0.39869	0.36364
0.12308	0.11215	0.10897
0.02198	0.02198	0.02041
0.15278	0.15278	0.15789
0.14545	0.16245	0.20107
0.38889	0.39496	0.38247
0.08696	0.07994	0.07692
0.19481	0.17258	0.1195
0.13115	0.13115	0.1194
0.0	0.0	0.0
0.13514	0.13514	0.12644
0.09412	0.09412	0.1087
0.18421	0.19608	0.2645
0.0	0.0	0.0
0.09434	0.09434	0.10714
0.06944	0.07481	0.05585
0.0	0.0	0.0
0.0	0.0	0.0
0.0	0.0	0.0
0.20354	0.20353	0.20498
0.0	0.0	0.0
0.14634	0.14634	0.16667
0.0	0.0	0.0
0.47619	0.46924	0.50129
0.00813	0.00813	0.01471
0.05	0.04072	0.04651
0.025	0.025	0.02439
0.06173	0.07168	0.06818
0.34043	0.32257	0.28
0.02083	0.00538	0.0
0.38372	0.35855	0.37022
0.10294	0.10294	0.10811
0.0	0.0	0.0
0.0	0.0	0.0
0.0	0.0	0.0
0.0	0.0	0.0
0.10638	0.10638	0.07692
0.16667	0.13593	0.10861
0.23188	0.23188	0.24324
0.0	0.0	0.0
0.16981	0.17955	0.16462
0.17647	0.17647	0.2
0.15068	0.14448	0.13351
0.01639	0.01692	0.0
0.06481	0.06481	0.06452
0.79798	0.74221	0.70646
0.10417	0.11189	0.1013
0.0	0.0	0.0
0.1746	0.15514	0.17611
0.04918	0.04918	0.05405
0.0137	0.00353	0.0
0.14815	0.13699	0.12828
0.01754	0.02263	0.0
0.10417	0.10417	0.07143
0.0	0.0	0.0
0.19672	0.18454	0.19441
0.01818	0.00469	0.0
0.04762	0.04762	0.05556
0.64516	0.63884	0.60524
0.05128	0.03928	0.02859
0.01562	0.00403	0.00759
0.0	0.0	0.0
0.0	0.0	0.0
0.15217	0.15217	0.16
0.14516	0.14516	0.13889
0.05814	0.05814	0.0625
0.2069	0.2069	0.20312
0.30769	0.30769	0.35714
0.11111	0.11111	0.10714
0.23077	0.21836	0.2
0.23636	0.22111	0.19556
0.07865	0.07103	0.09347
0.0	0.0	0.0
0.0	0.0	0.0
0.07865	0.07865	0.08333
0.29412	0.28621	0.2981
0.05634	0.05634	0.05263
0.35294	0.34247	0.35627
0.0	0.0	0.0
0.01695	0.01531	0.0
0.2	0.14544	0.13839
0.04348	0.04348	0.02703
0.0625	0.0625	0.06
0.07895	0.07895	0.07317
0.36111	0.35975	0.37218
0.25676	0.24627	0.28143
0.0	0.0	0.0
0.23729	0.25203	0.25806
0.06557	0.06557	0.0597
0.27273	0.27245	0.27986
0.2	0.23869	0.31046
0.28814	0.33459	0.38044
0.03448	0.02836	0.0
0.0	0.0	0.0
0.20879	0.21338	0.21504
0.2605	0.25506	0.26532
0.0	0.0	0.0
0.14815	0.16367	0.20553
0.0339	0.02788	0.0
0.21053	0.21053	0.21875
0.03922	0.05502	0.0
0.0	0.0	0.0
0.09524	0.10598	0.15343
0.17143	0.17143	0.18644
0.14286	0.15038	0.1522
0.03571	0.03398	0.03333
0.03279	0.03279	0.02941
0.07407	0.07407	0.08889
0.06383	0.04461	0.03548
0.05797	0.05329	0.025
0.03419	0.0328	0.03981
0.0	0.0	0.0
0.30357	0.33062	0.28325
0.0	0.0	0.0
0.0	0.0	0.0
0.08046	0.08379	0.09128
0.0875	0.10483	0.10517
0.0	0.0	0.0
0.0	0.0	0.0
0.32609	0.32609	0.26923
0.0	0.0	0.0
0.0	0.0	0.0
0.0	0.0	0.0
0.12245	0.13561	0.18519
0.72464	0.7419	0.70178
0.0	0.0	0.0
0.0	0.0	0.0
0.63415	0.59946	0.62277
0.425	0.42658	0.44512
0.10169	0.10169	0.10714
0.496	0.50011	0.47938
0.0	0.0	0.0
0.0	0.0	0.0
0.02	0.0129	0.01259
0.0	0.0	0.0
0.19565	0.19565	0.25
0.04545	0.04545	0.04348
0.0	0.0	0.0
0.07317	0.06333	0.04545
0.0	0.0	0.0
0.05405	0.05405	0.06154
0.0	0.0	0.0
0.71739	0.81411	0.78661
0.20312	0.2253	0.24324
0.43182	0.40759	0.39224
0.02703	0.02703	0.0303
0.1	0.11381	0.12982
0.0	0.0	0.0
0.0	0.0	0.0
0.13084	0.10732	0.10977
0.08654	0.08654	0.06397
0.00885	0.00913	0.0154
0.13953	0.14477	0.10483
0.20482	0.21919	0.19285
0.03448	0.03142	0.03077
0.0	0.0	0.0
0.0	0.0	0.0
0.08029	0.0817	0.07895
0.13265	0.12442	0.13882
0.0	0.0	0.0
0.0	0.0	0.0
0.0	0.0	0.0
0.0	0.0	0.0
0.0	0.0	0.0
0.03876	0.03826	0.04211
0.0	0.0	0.0
0.10169	0.09786	0.09375
0.46591	0.46222	0.43382
0.21053	0.22182	0.26219
0.43103	0.42988	0.44179
0.20339	0.20229	0.25806
0.0241	0.0241	0.02222
0.06957	0.07433	0.08159
0.17949	0.159	0.13745
0.06024	0.06024	0.06122
0.0	0.0	0.0
0.01613	0.02081	0.03686
0.04444	0.0473	0.04838
0.1375	0.1375	0.13333
0.02	0.02645	0.02304
0.0	0.0	0.0
0.08197	0.07984	0.08466
0.0	0.0	0.0
0.01389	0.00717	0.0129
0.25806	0.26429	0.23117
0.2	0.1758	0.16431
0.03704	0.04101	0.036
0.08696	0.08696	0.08333
0.30986	0.36527	0.34176
0.23077	0.22888	0.197
0.0137	0.0137	0.0
0.06818	0.10043	0.09676
0.0	0.0	0.0
0.1	0.10644	0.13206
0.344	0.34166	0.34755
0.20896	0.20991	0.20527
0.0431	0.04783	0.06997
0.28378	0.28378	0.28571
0.0303	0.0303	0.02703
0.15493	0.15493	0.15385
0.13139	0.12432	0.13376
0.16667	0.16153	0.16565
0.03704	0.02509	0.01122
0.225	0.20402	0.1758
0.02062	0.0286	0.03571
0.0	0.0	0.0
0.0	0.0	0.0
0.0	0.0	0.0
0.08451	0.07768	0.07384
0.39831	0.37148	0.39977
0.0	0.0	0.0
0.07463	0.07606	0.07235
0.0	0.0	0.0
0.34177	0.3099	0.27802
0.0	0.0	0.0
0.025	0.02527	0.02903
0.14035	0.12846	0.12398
0.0069	0.0089	0.01554
0.11111	0.08646	0.0579
0.09917	0.08931	0.08748
0.0	0.0	0.0
0.0	0.0	0.0
0.08434	0.07151	0.07083
0.0	0.0	0.0
0.01282	0.01158	0.0
0.04478	0.03948	0.02632
0.06667	0.06329	0.05882
0.2625	0.2625	0.24444
0.17647	0.1256	0.13038
0.03636	0.05455	0.06897
0.14	0.12418	0.13075
0.02299	0.02039	0.02083
0.0101	0.0101	0.01818
0.03876	0.0445	0.05769
0.248	0.23793	0.22845
0.04938	0.04938	0.04444
0.12088	0.09819	0.1058
0.13793	0.13459	0.11533
0.0	0.0	0.0
0.10127	0.07227	0.06451
0.0	0.0	0.0
0.03922	0.03922	0.03571
0.25806	0.27419	0.29412
0.0	0.0	0.0
0.2268	0.2268	0.21154
0.0	0.0	0.0
0.17241	0.15903	0.14312
0.0	0.0	0.0
0.125	0.1344	0.16692
0.10811	0.09459	0.09446
0.0	0.0	0.0
0.0339	0.05085	0.0625
0.18557	0.18557	0.16667
0.02273	0.02273	0.01351
0.02586	0.02169	0.01562
0.0	0.0	0.0
0.0	0.0	0.0
0.08772	0.09281	0.07862
0.15068	0.15068	0.14634
0.0	0.0	0.0
0.07273	0.06451	0.07033
0.02105	0.02954	0.01887
0.0	0.0	0.0
0.0	0.0	0.0
0.0	0.0	0.0
0.20755	0.199	0.11188
0.12245	0.13133	0.13996
0.56	0.57348	0.63014
0.09434	0.08185	0.03481
0.11579	0.11613	0.13462
0.20339	0.20339	0.20588
0.10976	0.11604	0.12147
0.04615	0.03474	0.02703
0.31915	0.33217	0.25359
0.18182	0.17971	0.22879
0.0	0.0	0.0
0.07216	0.07216	0.09434
0.14159	0.12846	0.14286
0.0	0.0	0.0
0.04211	0.04006	0.02
0.0	0.0	0.0
0.0531	0.06109	0.06154
0.0	0.0	0.0
0.33673	0.34262	0.38704
0.01905	0.01905	0.01724
0.05634	0.04497	0.0
0.4127	0.41576	0.45552
0.02532	0.03225	0.02273
0.22581	0.22601	0.24211
0.0	0.0	0.0
0.10135	0.09307	0.1
0.10638	0.15579	0.19711
0.07143	0.07143	0.06667
0.05426	0.04776	0.02971
0.0	0.0	0.0
0.13333	0.13289	0.13802
0.07865	0.07865	0.08
0.16346	0.15072	0.12954
0.07463	0.05921	0.04549
0.09524	0.08602	0.09309
0.25234	0.23755	0.2129
0.0	0.0	0.0
0.15504	0.15504	0.15385
0.07273	0.06393	0.10181
0.37209	0.37209	0.40426
0.0	0.0	0.0
0.31884	0.33378	0.35135
0.06796	0.06545	0.05875
0.05357	0.05875	0.0303
0.0125	0.0125	0.01087
0.06154	0.04714	0.0303
0.0	0.0	0.0
0.29167	0.26979	0.26047
0.09783	0.10973	0.0898
0.07778	0.07849	0.06122
0.04167	0.04543	0.04381
0.10145	0.10145	0.10526
0.0241	0.0272	0.04255
0.14912	0.13836	0.0862
0.54902	0.51992	0.48387
0.06542	0.07205	0.08529
0.0	0.0	0.0
0.1413	0.1413	0.13462
0.0	0.0	0.0
0.06024	0.06024	0.06667
0.0	0.0	0.0
0.0	0.0	0.0
0.0	0.0	0.0
0.0	0.0	0.0
0.08163	0.05727	0.10192
0.01124	0.01015	0.0
0.11811	0.11811	0.11268
0.18681	0.18716	0.18
0.07895	0.05942	0.0547
0.10714	0.08295	0.09043
0.32237	0.32237	0.31395
0.03846	0.04193	0.0377
0.07639	0.07639	0.08235
0.02105	0.02105	0.01852
0.16667	0.16667	0.17857
0.03738	0.04009	0.03694
0.16529	0.16261	0.13043
0.02	0.02322	0.02224
0.0	0.0	0.0
0.0	0.0	0.0
0.05882	0.05155	0.03922
0.0	0.0	0.0
0.19178	0.2143	0.23038
0.0	0.0	0.0
0.0	0.0	0.0
0.02069	0.02358	0.03225
0.00685	0.0053	0.0098
0.0	0.0	0.0
0.02899	0.04768	0.04962
0.33929	0.32718	0.40967
0.04545	0.04203	0.05069
0.21348	0.21348	0.19231
0.40541	0.39886	0.39024
0.46094	0.45135	0.44257
0.0	0.0	0.0
0.0	0.0	0.0
0.28723	0.30816	0.30043
0.05051	0.04073	0.03893
0.0198	0.01022	0.0
0.07407	0.07944	0.10613
0.0	0.0	0.0
0.22368	0.21349	0.22659
0.0	0.0	0.0
0.05333	0.05333	0.04545
0.09286	0.09286	0.1039
0.22222	0.20572	0.24667
0.04545	0.04545	0.04918
0.10714	0.09446	0.10107
0.08791	0.06664	0.07548
0.08228	0.08105	0.08914
0.11429	0.11429	0.14286
0.01587	0.01433	0.0
0.0	0.0	0.0
0.0	0.0	0.0
0.0	0.0	0.0
0.0	0.0	0.0
0.09677	0.09105	0.06061
0.10448	0.07799	0.07078
0.0	0.0	0.0
0.0	0.0	0.0
0.0	0.0	0.0
0.02667	0.02667	0.02564
0.06202	0.05826	0.06596
0.0	0.0	0.0
0.0	0.0	0.0
0.0	0.0	0.0
0.02174	0.01963	0.0
0.0	0.0	0.0
0.0	0.0	0.0
0.04412	0.03747	0.0637
0.0	0.0	0.0
0.0	0.0	0.0
0.0	0.0	0.0
0.0	0.0	0.0
0.0	0.0	0.0
0.0	0.0	0.0
0.1087	0.09185	0.10617
0.0	0.0	0.0
0.31579	0.31579	0.31818
0.15625	0.15625	0.13636
0.08772	0.06225	0.05053
0.0	0.0	0.0
0.11864	0.09786	0.06451
0.0	0.0	0.0
0.13158	0.16129	0.18768
0.0	0.0	0.0
0.0	0.0	0.0
0.10417	0.10417	0.07143
0.0	0.0	0.0
0.0	0.0	0.0
0.0	0.0	0.0
0.16	0.16	0.13793
0.0	0.0	0.0
0.02273	0.02273	0.03846
0.0	0.0	0.0
0.0	0.0	0.0
0.0	0.0	0.0
0.0	0.0	0.0
0.0	0.0	0.0
0.0	0.0	0.0
0.0	0.0	0.0
0.06098	0.0708	0.09808
0.0	0.0	0.0
0.0	0.0	0.0
0.04651	0.04126	0.04417
0.02597	0.01634	0.02222
0.01351	0.0122	0.0
0.21739	0.20965	0.23224
0.0	0.0	0.0
0.0	0.0	0.0
0.0	0.0	0.0
0.06173	0.0454	0.06305
0.0	0.0	0.0
0.0	0.0	0.0
0.0	0.0	0.0
0.08	0.08	0.075
0.15596	0.15596	0.16129
0.01299	0.01299	0.02273
0.0989	0.095	0.08333
0.0	0.0	0.0
0.0	0.0	0.0
0.0	0.0	0.0
0.01587	0.00819	0.01395
0.0	0.0	0.0
0.0	0.0	0.0
0.0	0.0	0.0
0.0	0.0	0.0
0.0	0.0	0.0
0.0	0.0	0.0
0.0	0.0	0.0
0.15306	0.15306	0.14035
0.0	0.0	0.0
0.0	0.0	0.0
0.0	0.0	0.0
0.13462	0.1495	0.12174
0.18841	0.18841	0.2
0.23333	0.25375	0.24765
0.0	0.0	0.0
0.0	0.0	0.0
0.0	0.0	0.0
0.0	0.0	0.0
0.0	0.0	0.0
0.0	0.0	0.0
0.27143	0.24099	0.23787
0.14286	0.19148	0.24474
0.0	0.0	0.0
0.0	0.0	0.0
0.02727	0.02874	0.03333
0.0	0.0	0.0
0.0	0.0	0.0
0.0	0.0	0.0
0.0	0.0	0.0
0.0	0.0	0.0
0.0	0.0	0.0
0.34615	0.36538	0.36667
0.0	0.0	0.0
0.0	0.0	0.0
0.0	0.0	0.0
0.07937	0.09165	0.09309
0.17647	0.17647	0.16
0.0	0.0	0.0
0.0	0.0	0.0
0.0	0.0	0.0
0.0	0.0	0.0
0.0	0.0	0.0
0.0	0.0	0.0
0.26389	0.21817	0.2022
0.04938	0.04062	0.04978
0.0	0.0	0.0
0.0	0.0	0.0
0.0	0.0	0.0
0.0	0.0	0.0
0.0	0.0	0.0
0.0	0.0	0.0
0.0	0.0	0.0
0.22449	0.235	0.2675
0.15385	0.17864	0.195
0.0	0.0	0.0
0.0	0.0	0.0
0.0	0.0	0.0
0.05333	0.04644	0.06
0.0	0.0	0.0
0.0	0.0	0.0
0.0	0.0	0.0
0.0	0.0	0.0
0.0	0.0	0.0
0.17021	0.17021	0.16
0.0	0.0	0.0
0.125	0.10012	0.08064
0.03333	0.0301	0.0
0.0	0.0	0.0
0.08696	0.07994	0.06451
0.03226	0.06452	0.12121
0.0	0.0	0.0
0.0	0.0	0.0
0.0	0.0	0.0
0.06122	0.0576	0.05357
0.07143	0.07143	0.08065
0.15584	0.15584	0.15217
0.10145	0.079	0.09337
0.0	0.0	0.0
0.0	0.0	0.0
0.15217	0.15217	0.15385
0.125	0.11549	0.09313
0.04762	0.03994	0.05714
0.0	0.0	0.0
0.0	0.0	0.0
0.03279	0.04548	0.05714
0.0	0.0	0.0
0.0	0.0	0.0
0.0	0.0	0.0
0.0	0.0	0.0
0.01639	0.0148	0.0
0.0	0.0	0.0
0.03738	0.02622	0.0215
0.54717	0.54043	0.49353
0.0	0.0	0.0
0.0	0.0	0.0
0.0	0.0	0.0
0.0	0.0	0.0
0.0	0.0	0.0
0.0	0.0	0.0
0.82759	0.72297	0.6915
0.0	0.0	0.0
0.0	0.0	0.0
0.0	0.0	0.0
0.0	0.0	0.0
0.0	0.0	0.0
0.03297	0.03615	0.04404
0.0	0.0	0.0
0.0	0.0	0.0
0.0	0.0	0.0
0.01075	0.00277	0.0
0.12676	0.13538	0.1542
0.0	0.0	0.0
0.06604	0.06025	0.03114
0.09639	0.1022	0.11038
0.0	0.0	0.0
0.14493	0.12668	0.12349
0.08	0.08	0.09091
0.12658	0.1127	0.09902
0.15663	0.15663	0.15556
0.0	0.0	0.0
0.23077	0.23077	0.2619
0.05319	0.05799	0.0692
0.0	0.0	0.0
0.0	0.0	0.0
0.03478	0.04263	0.04545
0.0	0.0	0.0
0.0	0.0	0.0
0.0	0.0	0.0
0.01449	0.01449	0.025
0.0	0.0	0.0
0.0	0.0	0.0
0.07143	0.05145	0.04348
0.0	0.0	0.0
0.0	0.0	0.0
0.0	0.0	0.0
0.0	0.0	0.0
0.0	0.0	0.0
0.0	0.0	0.0
0.0	0.0	0.0
0.0	0.0	0.0
0.31944	0.29968	0.30948
0.13483	0.13809	0.11257
0.23958	0.23958	0.25
0.00746	0.00193	0.00363
0.0	0.0	0.0
0.0	0.0	0.0
0.0	0.0	0.0
0.0	0.0	0.0
0.0	0.0	0.0
0.0	0.0	0.0
0.26882	0.2428	0.25075
0.0	0.0	0.0
0.0	0.0	0.0
0.0	0.0	0.0
0.0	0.0	0.0
0.05952	0.04646	0.04651
0.0	0.0	0.0
0.0	0.0	0.0
0.0	0.0	0.0
0.16667	0.15321	0.15411
0.0	0.0	0.0
0.0	0.0	0.0
0.0	0.0	0.0
0.0	0.0	0.0
0.05063	0.04818	0.01147
0.0	0.0	0.0
0.06667	0.06973	0.06667
0.04545	0.04545	0.04545
0.08333	0.08199	0.075
0.0	0.0	0.0
0.0	0.0	0.0
0.05479	0.05479	0.07143
0.0	0.0	0.0
0.0	0.0	0.0
0.0	0.0	0.0
0.6	0.61713	0.66188
0.0	0.0	0.0
0.0	0.0	0.0
0.17778	0.16771	0.24489
0.0	0.0	0.0
0.0	0.0	0.0
0.0	0.0	0.0
0.0	0.0	0.0
0.06034	0.04338	0.04738
0.0	0.0	0.0
0.0	0.0	0.0
0.04938	0.04938	0.06122
0.12258	0.12258	0.12644
0.07895	0.07895	0.07576
0.0	0.0	0.0
0.09804	0.09929	0.09231
0.0	0.0	0.0
0.0	0.0	0.0
0.0	0.0	0.0
0.10526	0.10016	0.12755
0.0	0.0	0.0
0.0	0.0	0.0
0.32632	0.29337	0.2868
0.11364	0.11364	0.11538
0.11429	0.11429	0.10811
0.28571	0.31046	0.31216
0.0	0.0	0.0
0.0	0.0	0.0
0.0	0.0	0.0
0.0	0.0	0.0
0.03529	0.04706	0.04167
0.04839	0.04526	0.02867
0.0	0.0	0.0
0.03279	0.00846	0.01474
0.0	0.0	0.0
0.05	0.07633	0.11088
0.0	0.0	0.0
0.0	0.0	0.0
0.0	0.0	0.0
0.21176	0.19924	0.20247
0.0	0.0	0.0
0.1519	0.12453	0.14235
0.0	0.0	0.0
0.0	0.0	0.0
0.16418	0.16418	0.15385
0.0	0.0	0.0
0.02326	0.01913	0.02222
0.0	0.0	0.0
0.0	0.0	0.0
0.27397	0.25496	0.23768
0.0	0.0	0.0
0.0	0.0	0.0
0.0	0.0	0.0
0.0	0.0	0.0
0.0	0.0	0.0
0.0	0.0	0.0
0.0	0.0	0.0
0.0	0.0	0.0
0.0	0.0	0.0
0.09091	0.10068	0.11392
0.08333	0.10053	0.1152
0.0	0.0	0.0
0.35294	0.35294	0.3
0.10145	0.1108	0.10526
0.0	0.0	0.0
0.0	0.0	0.0
0.0	0.0	0.0
0.0	0.0	0.0
0.45098	0.45098	0.42857
0.0	0.0	0.0
0.20833	0.23452	0.21226
0.0	0.0	0.0
0.0	0.0	0.0
0.16176	0.16556	0.1335
0.0	0.0	0.0
0.0	0.0	0.0
0.0	0.0	0.0
0.16981	0.15581	0.19556
0.0	0.0	0.0
0.09722	0.10886	0.11692
0.0	0.0	0.0
0.0	0.0	0.0
0.0	0.0	0.0
0.13235	0.13376	0.15725
0.0	0.0	0.0
0.03226	0.02219	0.00527
0.2125	0.19395	0.21147
0.0	0.0	0.0
0.07895	0.09281	0.09966
0.0	0.0	0.0
0.0	0.0	0.0
0.0	0.0	0.0
0.0	0.0	0.0
0.06452	0.07179	0.06061
0.0	0.0	0.0
0.0	0.0	0.0
0.0	0.0	0.0
0.08889	0.07884	0.04167
0.31507	0.35348	0.31257
0.0	0.0	0.0
0.0	0.0	0.0
0.0	0.0	0.0
0.325	0.30119	0.33976
0.0	0.0	0.0
0.0	0.0	0.0
0.06024	0.07267	0.06451
0.24324	0.26022	0.26365
0.17708	0.17338	0.16838
0.0	0.0	0.0
0.0	0.0	0.0
0.0	0.0	0.0
0.05085	0.0492	0.06452
0.54737	0.53748	0.49966
0.0	0.0	0.0
0.13462	0.12035	0.14193
0.0	0.0	0.0
0.0	0.0	0.0
0.22917	0.20294	0.23469
0.05556	0.08243	0.086
0.25	0.24998	0.2495
0.0	0.0	0.0
0.0	0.0	0.0
0.0	0.0	0.0
0.0	0.0	0.0
0.0	0.0	0.0
0.08772	0.06847	0.04193
0.0	0.0	0.0
0.07042	0.10086	0.13145
0.0	0.0	0.0
0.0	0.0	0.0
0.075	0.06612	0.04762
0.0	0.0	0.0
0.0	0.0	0.0
0.0	0.0	0.0
0.0	0.0	0.0
0.03529	0.03908	0.052
0.0	0.0	0.0
0.0	0.0	0.0
0.0	0.0	0.0
0.0	0.0	0.0
0.0	0.0	0.0
0.06349	0.07168	0.05556
0.0	0.0	0.0
0.0	0.0	0.0
0.0	0.0	0.0
0.0	0.0	0.0
0.0	0.0	0.0
0.0	0.0	0.0
0.0	0.0	0.0
0.2093	0.21979	0.21739
0.0	0.0	0.0
0.0	0.0	0.0
0.05556	0.05018	0.04255
0.22388	0.22772	0.22992
0.0	0.0	0.0
0.05	0.0672	0.06158
0.0	0.0	0.0
0.0297	0.02491	0.0266
0.46774	0.45108	0.4137
0.0	0.0	0.0
0.04839	0.04474	0.03226
0.05185	0.05567	0.04167
0.15278	0.14693	0.18329
0.01681	0.01681	0.01471
0.0	0.0	0.0
0.03846	0.05128	0.04545
0.0	0.0	0.0
0.0	0.0	0.0
0.06	0.04064	0.00956
0.0	0.0	0.0
0.13208	0.12781	0.08828
0.05738	0.05738	0.05882
0.0	0.0	0.0
0.22727	0.22727	0.23684
0.0	0.0	0.0
0.0	0.0	0.0
0.03636	0.03636	0.0
0.12	0.12354	0.12789
0.20988	0.19793	0.19825
0.02564	0.02564	0.02326
0.0	0.0	0.0
0.03333	0.03656	0.03922
0.0	0.0	0.0
0.0	0.0	0.0
0.29771	0.28144	0.289
0.0	0.0	0.0
0.20325	0.20325	0.20896
0.0	0.0	0.0
0.208	0.208	0.2029
0.0	0.0	0.0
0.23596	0.23521	0.20966
0.0	0.0	0.0
0.0	0.0	0.0
0.0	0.0	0.0
0.0	0.0	0.0
0.25455	0.27095	0.27365
0.0	0.0	0.0
0.18471	0.14278	0.14852
0.05755	0.04965	0.06057
0.01575	0.02108	0.0243
0.01613	0.01248	0.0
0.0	0.0	0.0
0.15929	0.14558	0.12744
0.0	0.0	0.0
0.07692	0.06265	0.07143
0.10256	0.10256	0.09524
0.0	0.0	0.0
0.0	0.0	0.0
0.0	0.0	0.0
0.10976	0.10976	0.10638
0.42857	0.42939	0.42492
0.22667	0.22665	0.24038
0.11702	0.11702	0.12
0.1	0.10537	0.11088
0.26471	0.26279	0.26145
0.04839	0.02913	0.00697
0.0	0.0	0.0
0.0	0.0	0.0
0.0	0.0	0.0
0.00719	0.00464	0.0
0.05333	0.05333	0.04545
0.25	0.25	0.24324
0.29268	0.29268	0.3913
0.0	0.0	0.0
0.15094	0.13358	0.10483
0.0	0.0	0.0
0.0875	0.05241	0.05376
0.0	0.0	0.0
0.19753	0.20349	0.20716
0.0	0.0	0.0
0.11111	0.09319	0.09462
0.0	0.0	0.0
0.0	0.0	0.0
0.32955	0.32955	0.33333
0.23214	0.22291	0.16128
0.0	0.0	0.0
0.24272	0.22578	0.24309
0.0	0.0	0.0
0.0	0.0	0.0
0.04268	0.04268	0.05556
0.04054	0.04054	0.06977
0.0	0.0	0.0
0.10744	0.10131	0.10938
0.19	0.19579	0.18109
0.06579	0.08786	0.08889
0.01471	0.01494	0.02784
0.08955	0.11313	0.11595
0.16854	0.16781	0.1858
0.10448	0.10448	0.10959
0.0	0.0	0.0
0.05208	0.04704	0.04659
0.02985	0.03851	0.04413
0.1	0.10114	0.11143
0.10417	0.08735	0.08685
0.04	0.04902	0.07167
0.0	0.0	0.0
0.0	0.0	0.0
0.0	0.0	0.0
0.00862	0.00445	0.00794
0.0	0.0	0.0
0.0	0.0	0.0
0.0	0.0	0.0
0.0	0.0	0.0
0.11628	0.11628	0.12
0.0	0.0	0.0
0.38	0.33804	0.32465
0.0	0.0	0.0
0.0	0.0	0.0
0.0	0.0	0.0
0.0	0.0	0.0
0.07692	0.07791	0.09139
0.0	0.0	0.0
0.0	0.0	0.0
0.0	0.0	0.0
0.22449	0.25541	0.26138
0.0	0.0	0.0
0.0	0.0	0.0
0.0	0.0	0.0
0.0	0.0	0.0
0.05674	0.04827	0.0504
0.03279	0.02194	0.01823
0.0	0.0	0.0
0.0	0.0	0.0
0.02326	0.02326	0.02128
0.0	0.0	0.0
0.0	0.0	0.0
0.0	0.0	0.0
0.0	0.0	0.0
0.14634	0.15971	0.20673
0.0	0.0	0.0
0.08594	0.08594	0.08451
0.0	0.0	0.0
0.0	0.0	0.0
0.0	0.0	0.0
0.0	0.0	0.0
0.0	0.0	0.0
0.0	0.0	0.0
0.0	0.0	0.0
0.0	0.0	0.0
0.025	0.025	0.02222
0.0	0.0	0.0
0.22115	0.23417	0.28042
0.0339	0.03225	0.03125
0.03093	0.0286	0.01852
0.0	0.0	0.0
0.0	0.0	0.0
0.0	0.0	0.0
0.0	0.0	0.0
0.0	0.0	0.0
0.0	0.0	0.0
0.0	0.0	0.0
0.05882	0.05882	0.075
0.06481	0.06481	0.07812
0.0	0.0	0.0
0.08108	0.08108	0.09756
0.0	0.0	0.0
0.0	0.0	0.0
0.25843	0.25406	0.2119
0.18605	0.19205	0.1987
0.0	0.0	0.0
0.0	0.0	0.0
0.08276	0.08298	0.09677
0.0	0.0	0.0
0.0	0.0	0.0
0.08696	0.09443	0.09097
0.0	0.0	0.0
0.12329	0.09633	0.07219
0.0	0.0	0.0
0.0	0.0	0.0
0.0	0.0	0.0
0.0	0.0	0.0
0.0	0.0	0.0
0.0	0.0	0.0
0.08228	0.08228	0.09195
0.0	0.0	0.0
0.0	0.0	0.0
0.0	0.0	0.0
0.0	0.0	0.0
0.0	0.0	0.0
0.0	0.0	0.0
0.0	0.0	0.0
0.0	0.0	0.0
0.0	0.0	0.0
0.0	0.0	0.0
0.0	0.0	0.0
0.29167	0.28449	0.28951
0.0	0.0	0.0
0.0	0.0	0.0
0.0	0.0	0.0
0.0	0.0	0.0
0.0	0.0	0.0
0.0	0.0	0.0
0.0	0.0	0.0
0.0	0.0	0.0
0.0	0.0	0.0
0.0	0.0	0.0
0.0	0.0	0.0
0.0	0.0	0.0
0.0	0.0	0.0
0.0	0.0	0.0
0.04878	0.04051	0.0172
0.17431	0.17431	0.1746
0.0	0.0	0.0
0.0458	0.04235	0.03853
0.00943	0.00943	0.01639
0.17857	0.17857	0.18367
0.0	0.0	0.0
0.0	0.0	0.0
0.0	0.0	0.0
0.1	0.09354	0.0638
0.27434	0.26434	0.25073
0.0	0.0	0.0
0.0	0.0	0.0
0.0	0.0	0.0
0.02679	0.02679	0.01695
0.0	0.0	0.0
0.0	0.0	0.0
0.0	0.0	0.0
0.13423	0.12642	0.13532
0.0	0.0	0.0
0.26087	0.26058	0.30834
0.12264	0.11046	0.10977
0.04444	0.05483	0.01961
0.0	0.0	0.0
0.0	0.0	0.0
0.27778	0.27778	0.27586
0.0	0.0	0.0
0.0	0.0	0.0
0.0	0.0	0.0
0.0	0.0	0.0
0.0	0.0	0.0
0.0	0.0	0.0
0.0	0.0	0.0
0.02326	0.01463	0.02567
0.0	0.0	0.0
0.14286	0.14286	0.14516
0.0	0.0	0.0
0.0	0.0	0.0
0.0	0.0	0.0
0.0	0.0	0.0
0.0	0.0	0.0
0.0	0.0	0.0
0.0	0.0	0.0
0.0	0.0	0.0
0.0	0.0	0.0
0.0	0.0	0.0
0.01504	0.01261	0.01376
0.0	0.0	0.0
0.0	0.0	0.0
0.0	0.0	0.0
0.19277	0.20286	0.23674
0.0	0.0	0.0
0.09756	0.09756	0.08333
0.36735	0.33902	0.33179
0.54545	0.4017	0.47532
0.125	0.09446	0.07284
0.0	0.0	0.0
0.0	0.0	0.0
0.07692	0.05458	0.06064
0.08861	0.0792	0.0667
0.0	0.0	0.0
0.2029	0.1753	0.18308
0.0	0.0	0.0
0.0	0.0	0.0
0.0	0.0	0.0
0.80303	0.76974	0.7686
0.0	0.0	0.0
0.35135	0.32386	0.37507
0.27586	0.27622	0.32257
0.33673	0.34396	0.32953
0.30508	0.22249	0.1857
0.21429	0.21429	0.21951
0.13208	0.13208	0.13793
0.1	0.07983	0.06591
0.0	0.0	0.0
0.0	0.0	0.0
0.54545	0.55715	0.59589
0.14754	0.1359	0.12121
0.0	0.0	0.0
0.07595	0.07472	0.04762
0.0	0.0	0.0
0.12879	0.12879	0.125
0.0	0.0	0.0
0.08861	0.08861	0.08511
0.01667	0.01667	0.0
0.23762	0.25901	0.24364
0.0678	0.06397	0.05882
0.11765	0.12524	0.2129
0.26	0.25354	0.23077
0.0	0.0	0.0
0.0	0.0	0.0
0.125	0.13333	0.14085
0.0	0.0	0.0
0.19298	0.18449	0.19355
0.11628	0.10051	0.04348
0.03883	0.05825	0.07143
0.14754	0.11474	0.12722
0.44872	0.36349	0.3525
0.58824	0.60432	0.72369
0.0	0.0	0.0
0.05263	0.04414	0.07862
0.06173	0.06053	0.04348
0.25581	0.27606	0.27621
0.0	0.0	0.0
0.14607	0.10655	0.09096
0.28409	0.28409	0.25532
0.77273	0.72283	0.71389
0.0	0.0	0.0
0.05085	0.05085	0.03226
0.03175	0.03175	0.02941
0.03509	0.03509	0.03226
0.03	0.02258	0.01754
0.17722	0.16373	0.15153
0.2	0.18924	0.16667
0.36538	0.36538	0.36066
0.24051	0.24051	0.25581
0.09259	0.09259	0.10714
0.07143	0.07143	0.06452
0.01754	0.01754	0.0303
0.12698	0.11878	0.09582
0.38462	0.40586	0.45868
0.29915	0.28811	0.26966
0.0	0.0	0.0
0.34286	0.31517	0.346
0.04938	0.04898	0.05326
0.94286	0.90774	1.10129
0.0198	0.01501	0.0
0.0	0.0	0.0
0.0	0.0	0.0
0.28	0.26644	0.27046
0.0	0.0	0.0
0.0	0.0	0.0
0.02632	0.02632	0.04545
0.17021	0.17568	0.11288
0.13115	0.13272	0.11859
0.03371	0.04711	0.05577
0.07812	0.07711	0.08195
0.14388	0.15919	0.18199
0.08955	0.08618	0.10483
0.3617	0.36923	0.38948
0.2243	0.2243	0.22414
0.06452	0.06452	0.0
0.22222	0.21729	0.25
0.04762	0.05452	0.0547
0.06667	0.07454	0.0787
0.07692	0.06533	0.06681
0.16923	0.16923	0.16216
0.13636	0.15173	0.25129
0.10938	0.1013	0.09391
0.55556	0.51611	0.50192
0.06818	0.08357	0.14708
0.0	0.0	0.0
0.14286	0.12157	0.13155
0.22807	0.2023	0.22006
0.07955	0.07991	0.0625
0.01	0.01	0.0
0.0	0.0	0.0
0.27778	0.26342	0.26705
0.0	0.0	0.0
0.22727	0.19207	0.1753
0.06364	0.07477	0.08376
0.22124	0.22124	0.21538
0.16667	0.13797	0.1516
0.08333	0.09453	0.09515
0.0	0.0	0.0
0.04938	0.04819	0.04444
0.01429	0.02857	0.05128
0.22222	0.21941	0.217
0.25806	0.25337	0.25994
0.0	0.0	0.0
0.0	0.0	0.0
0.0	0.0	0.0
0.15493	0.15628	0.14887
0.15686	0.15686	0.14815
0.10309	0.09311	0.07407
0.84091	0.77486	0.71831
0.13953	0.13953	0.125
0.16393	0.15018	0.14706
0.22222	0.19138	0.20772
0.03448	0.03281	0.03226
0.02174	0.01823	0.0
0.31304	0.27963	0.26742
0.25532	0.23266	0.26208
0.15625	0.1512	0.11765
0.25974	0.26686	0.30132
0.15294	0.16204	0.17389
0.16049	0.16049	0.17391
0.625	0.5694	0.544
0.27451	0.25804	0.23653
0.34426	0.32493	0.38853
0.11628	0.09977	0.09424
0.01724	0.01724	0.01493
0.13131	0.15411	0.14
0.13559	0.15908	0.18994
0.11905	0.11905	0.10417
0.13235	0.11147	0.07692
0.12418	0.10583	0.09714
0.1087	0.1157	0.14192
0.0	0.0	0.0
0.0	0.0	0.0
0.18367	0.1738	0.2069
0.08772	0.07979	0.06452
0.55405	0.5427	0.56656
0.10309	0.10109	0.10087
0.09434	0.10894	0.11864
0.05263	0.05093	0.0303
0.07317	0.07054	0.06061
0.21875	0.21335	0.20548
0.1	0.09354	0.08696
0.0	0.0	0.0
0.0	0.0	0.0
0.09877	0.09956	0.07643
0.0	0.0	0.0
0.11	0.08677	0.10608
0.0137	0.00353	0.0
0.0	0.0	0.0
0.15909	0.16495	0.13043
0.18421	0.16637	0.1542
0.04027	0.03485	0.02419
0.37778	0.36917	0.3266
0.28169	0.28169	0.3
0.0813	0.08129	0.06587
0.0	0.0	0.0
0.13265	0.0826	0.06928
0.07407	0.09319	0.09369
0.14286	0.15168	0.1725
0.20732	0.20732	0.19565
0.09375	0.09375	0.09615
0.07692	0.07692	0.04444
0.11321	0.11381	0.10046
0.48148	0.53102	0.56233
0.17857	0.17165	0.15395
0.25	0.14083	0.07494
0.0	0.0	0.0
0.0	0.0	0.0
0.0	0.0	0.0
0.01887	0.01552	0.01754
0.06667	0.06667	0.07018
0.11111	0.11111	0.10714
0.09836	0.10152	0.13406
0.0	0.0	0.0
0.48276	0.4694	0.41935
0.19643	0.21543	0.28628
0.02222	0.02007	0.0
0.07767	0.07548	0.07143
0.10606	0.10606	0.10811
0.17778	0.181	0.12294
0.07778	0.08744	0.10348
0.06306	0.06132	0.05091
0.0	0.0	0.0
0.12766	0.09677	0.07526
0.03175	0.03175	0.02941
0.42254	0.388	0.38879
0.07843	0.07843	0.07407
0.21951	0.17739	0.234
0.0	0.0	0.0
0.19298	0.18279	0.16129
0.05882	0.05339	0.03747
0.0	0.0	0.0
0.32353	0.31878	0.27027
0.0989	0.08543	0.08511
0.0	0.0	0.0
0.10448	0.10351	0.10611
0.18421	0.18421	0.2
0.08264	0.06744	0.04594
0.57377	0.51238	0.43691
0.2381	0.23886	0.29591
0.12766	0.11736	0.10483
0.08333	0.09004	0.07317
0.04478	0.04597	0.06132
0.57353	0.59247	0.58867
0.03333	0.03333	0.0303
0.32759	0.25691	0.28613
0.19672	0.19672	0.21875
0.10345	0.10345	0.13333
0.0	0.0	0.0
0.0	0.0	0.0
0.0	0.0	0.0
0.18182	0.17771	0.13333
0.0	0.0	0.0
0.04225	0.05542	0.06988
0.19178	0.21253	0.16428
0.79592	0.76094	0.81024
0.09434	0.08003	0.07074
0.10638	0.09128	0.08959
0.47458	0.41222	0.40522
0.03529	0.03112	0.02128
0.1087	0.11078	0.14142
0.07216	0.05221	0.04105
0.44	0.37998	0.39041
0.28169	0.28169	0.275
0.0	0.0	0.0
0.20408	0.18892	0.18004
0.0	0.0	0.0
0.83117	0.80386	0.78463
0.0	0.0	0.0
0.15385	0.18671	0.2473
0.0	0.0	0.0
0.11957	0.10378	0.09548
0.11321	0.10408	0.10714
0.25532	0.24364	0.26766
0.04225	0.02499	0.00679
0.0	0.0	0.0
0.14545	0.16185	0.13839
0.03659	0.03659	0.04444
0.27143	0.25713	0.24787
0.04651	0.04613	0.02567
0.06667	0.04157	0.04047
0.25758	0.25758	0.26316
0.30851	0.29647	0.27604
0.0	0.0	0.0
0.22857	0.26174	0.2758
0.04839	0.04474	0.02857
0.14085	0.11176	0.11015
0.11364	0.07184	0.05242
0.28358	0.27539	0.2779
0.10667	0.07655	0.0887
0.23256	0.20853	0.20696
0.14062	0.14012	0.15253
0.11111	0.14201	0.16772
0.04819	0.02914	0.01098
0.08511	0.05421	0.08312
0.4129	0.40041	0.36647
0.08163	0.06649	0.07407
0.03279	0.03279	0.02778
0.30556	0.22936	0.14438
0.41026	0.38544	0.39882
0.0	0.0	0.0
0.44828	0.42321	0.41248
0.10959	0.11797	0.07788
0.2459	0.20833	0.16127
0.06977	0.06414	0.04255
0.23684	0.233	0.24679
0.06122	0.06122	0.03846
0.08257	0.0728	0.07097
0.35714	0.32716	0.34407
0.62162	0.59108	0.62205
0.35417	0.33667	0.31996
0.32895	0.32172	0.31807
0.24691	0.24293	0.25073
0.26829	0.22183	0.21212
0.12	0.10741	0.10829
0.05	0.04408	0.03418
0.0	0.0	0.0
0.0	0.0	0.0
0.13725	0.12934	0.10909
0.03448	0.02595	0.02222
0.0	0.0	0.0
0.0915	0.08539	0.06818
0.21277	0.21277	0.18519
0.16854	0.15113	0.18959
0.47619	0.46132	0.54466
0.01408	0.01454	0.02457
0.20513	0.20264	0.15
0.175	0.152	0.1194
0.0	0.0	0.0
0.32051	0.28864	0.25267
0.12963	0.11707	0.09878
0.46377	0.41467	0.40947
0.58163	0.49568	0.49835
0.18056	0.15681	0.14083
0.4	0.42649	0.44563
0.18627	0.18627	0.17241
0.0	0.0	0.0
0.34247	0.30799	0.26881
0.18182	0.1796	0.16196
0.14444	0.1559	0.15676
0.05714	0.0705	0.07724
0.0	0.0	0.0
0.0	0.0	0.0
0.44828	0.43826	0.45455
0.31915	0.28277	0.32496
0.0	0.0	0.0
0.23913	0.22228	0.20256
0.12414	0.11568	0.11827
0.0	0.0	0.0
0.12821	0.09883	0.08938
0.07857	0.07857	0.08861
0.03371	0.05726	0.09347
0.0	0.0	0.0
0.31092	0.31092	0.3125
0.0	0.0	0.0
0.15789	0.13368	0.15302
0.07792	0.06368	0.05507
0.08772	0.08772	0.07576
0.17	0.16903	0.16364
0.0	0.0	0.0
0.12	0.13504	0.17202
0.1134	0.11771	0.12663
0.06154	0.06997	0.06849
0.04	0.03355	0.02439
0.37681	0.35061	0.35653
0.07143	0.06093	0.04722
0.11364	0.1173	0.08871
0.05556	0.056	0.073
0.18182	0.18914	0.23086
0.15476	0.1367	0.1087
0.42029	0.43497	0.47059
0.09016	0.07641	0.04863
0.04132	0.04879	0.05882
0.0	0.0	0.0
0.08904	0.08484	0.07772
0.63636	0.62386	0.59706
0.06667	0.05053	0.05644
0.15294	0.14459	0.14583
0.13333	0.13302	0.10497
0.83673	0.81596	0.81
0.0	0.0	0.0
0.01053	0.00951	0.0
0.09302	0.10802	0.10837
0.40741	0.40022	0.35943
0.04286	0.04286	0.025
0.20339	0.17822	0.1364
0.04545	0.04545	0.05882
0.17241	0.17352	0.14583
0.17442	0.17442	0.18
0.0	0.0	0.0
0.01481	0.01433	0.02096
0.08696	0.09677	0.12563
0.02985	0.02985	0.02817
0.15038	0.14892	0.15068
0.08036	0.06307	0.08038
0.05155	0.04955	0.05615
0.00769	0.00769	0.0137
0.5	0.50521	0.54027
0.0	0.0	0.0
0.18939	0.18964	0.19444
0.03158	0.03871	0.04957
0.14953	0.15224	0.16597
0.0	0.0	0.0
0.0	0.0	0.0
0.26126	0.25107	0.24945
0.08	0.0787	0.08286
0.24719	0.23448	0.24502
0.0303	0.0303	0.02857
0.0625	0.06169	0.0724
0.0814	0.08364	0.08918
0.35366	0.26591	0.25735
0.23529	0.22162	0.21988
0.14286	0.14286	0.13725
0.025	0.025	0.02222
0.2093	0.17328	0.21878
0.17568	0.17915	0.20376
0.0	0.0	0.0
0.04167	0.04167	0.05263
0.04132	0.04798	0.04545
0.04511	0.04268	0.03699
0.0	0.0	0.0
0.01282	0.01282	0.02273
0.1875	0.19421	0.17857
0.23256	0.22393	0.21739
0.14729	0.15153	0.1679
0.14706	0.13994	0.15385
0.16471	0.10891	0.10483
0.15116	0.15528	0.1606
0.27869	0.28159	0.29176
0.05385	0.05657	0.06146
0.04706	0.04326	0.03774
0.16279	0.12977	0.07096
0.14925	0.14636	0.17472
0.08772	0.0996	0.08769
0.2029	0.24401	0.22918
0.22857	0.20367	0.17369
0.39062	0.39109	0.39578
0.23288	0.1847	0.16129
0.16279	0.16279	0.16667
0.09574	0.06485	0.08155
0.0	0.0	0.0
0.14894	0.15511	0.17528
0.4375	0.44632	0.46897
0.04808	0.04466	0.03448
0.33898	0.33624	0.33669
0.1236	0.12431	0.14717
0.24194	0.23411	0.24411
0.02247	0.03153	0.05727
0.07092	0.07046	0.08387
0.44444	0.42293	0.41548
0.00885	0.00228	0.0
0.51724	0.53555	0.48797
0.1375	0.13508	0.13813
0.27143	0.26909	0.275
0.1746	0.13465	0.12618
0.06522	0.05224	0.02516
0.16456	0.16456	0.17391
0.04545	0.04545	0.03846
0.38806	0.37118	0.36755
0.17094	0.15632	0.12903
0.0	0.0	0.0
0.0	0.0	0.0
0.02041	0.02041	0.01887
0.1828	0.18487	0.17622
0.0	0.0	0.0
0.1954	0.16164	0.15792
0.03448	0.03559	0.0625
0.08081	0.08927	0.09446
0.0597	0.03273	0.00697
0.15942	0.15942	0.15385
0.25962	0.25962	0.26316
0.05172	0.05867	0.07394
0.07914	0.07867	0.08151
0.09091	0.09702	0.06891
0.25	0.24558	0.24006
0.15909	0.15909	0.14583
0.11504	0.11646	0.09875
0.06475	0.04803	0.04532
0.09483	0.10233	0.11563
0.09091	0.0997	0.10874
0.09091	0.06216	0.03931
0.03061	0.02304	0.01818
0.0	0.0	0.0
0.0283	0.01825	0.0172
0.0	0.0	0.0
0.11494	0.1001	0.09475
0.20354	0.18926	0.15156
0.02344	0.0257	0.03271
0.08	0.07225	0.06818
0.5283	0.50878	0.51505
0.01887	0.0142	0.01338
0.1875	0.10415	0.09353
0.31111	0.33618	0.3632
0.15385	0.15198	0.14286
0.11111	0.09737	0.08064
0.07619	0.09492	0.13016
0.12857	0.0728	0.07833
0.07438	0.07438	0.07812
0.48148	0.43646	0.41641
0.02247	0.02247	0.02083
0.0	0.0	0.0
0.0	0.0	0.0
0.14865	0.16216	0.16667
0.32258	0.23376	0.22182
0.12941	0.11005	0.09612
0.67949	0.70923	0.74802
0.09091	0.09091	0.11538
0.04545	0.04398	0.02703
0.0	0.0	0.0
0.82432	0.77808	0.7826
0.0	0.0	0.0
0.01163	0.0105	0.0
0.0	0.0	0.0
0.16447	0.11161	0.09528
0.14844	0.14087	0.13282
0.0	0.0	0.0
0.01923	0.01923	0.03571
0.25676	0.23016	0.23544
0.075	0.06935	0.04651
0.14583	0.11625	0.07526
0.0	0.0	0.0
0.29032	0.27781	0.30218
0.14865	0.12901	0.10651
0.31683	0.28328	0.26978
0.0241	0.01827	0.02222
0.18987	0.18987	0.2
0.0	0.0	0.0
0.17544	0.17712	0.17034
0.14634	0.14476	0.12857
0.0	0.0	0.0
0.13333	0.13548	0.144
0.00617	0.00557	0.0
0.16216	0.13859	0.129
0.21875	0.20159	0.20682
0.26027	0.23949	0.2637
0.0339	0.0339	0.02941
0.0	0.0	0.0
0.0678	0.06834	0.08669
0.05882	0.04781	0.08274
0.17188	0.16733	0.14041
0.0	0.0	0.0
0.13542	0.14347	0.16606
0.03571	0.03398	0.0
0.24719	0.2461	0.28
0.0	0.0	0.0
0.4	0.40931	0.43413
0.01923	0.01923	0.0
0.23529	0.21214	0.21248
0.272	0.25754	0.26565
0.04839	0.03642	0.02941
0.0	0.0	0.0
0.0	0.0	0.0
0.14474	0.11926	0.11684
0.625	0.629	0.69156
0.04545	0.03861	0.02789
0.04587	0.03462	0.03333
0.0	0.0	0.0
0.0	0.0	0.0
0.15873	0.15514	0.16497
0.06612	0.05864	0.06309
0.08955	0.07413	0.04668
0.44565	0.40987	0.32877
0.04098	0.04098	0.04412
0.11765	0.13535	0.14815
0.5514	0.54264	0.52193
0.20619	0.20784	0.18473
0.09333	0.08945	0.10463
0.29134	0.33474	0.35716
0.15748	0.14681	0.16746
0.05682	0.05132	0.06122
0.01562	0.01411	0.0
0.06383	0.03294	0.01433
0.15094	0.1917	0.19241
0.2027	0.19834	0.18724
0.01724	0.00445	0.0
0.15385	0.15577	0.15086
0.09615	0.09056	0.11636
0.03704	0.02389	0.0089
0.36364	0.39585	0.39212
0.05714	0.03164	0.01754
0.19178	0.15508	0.10752
0.18868	0.17285	0.19355
0.02941	0.02941	0.02778
0.28889	0.27201	0.29932
0.10204	0.10204	0.10714
0.0	0.0	0.0
0.0	0.0	0.0
0.24	0.23174	0.22132
0.0	0.0	0.0
0.14583	0.14044	0.14514
0.1	0.08548	0.09319
0.11494	0.11494	0.10417
0.04211	0.04211	0.01818
0.0	0.0	0.0
0.0	0.0	0.0
0.0	0.0	0.0
0.13592	0.13592	0.13559
0.24528	0.21543	0.23653
0.0	0.0	0.0
0.08235	0.09411	0.10348
0.15574	0.13537	0.12758
0.0	0.0	0.0
0.27419	0.28147	0.29309
0.0	0.0	0.0
0.01163	0.01163	0.0
0.10989	0.10989	0.09804
0.11538	0.0949	0.08064
0.26471	0.25947	0.27842
0.15957	0.16848	0.13976
0.19118	0.18025	0.1679
0.76543	0.7566	0.76177
0.0	0.0	0.0
0.06494	0.05236	0.02381
0.40476	0.41371	0.40388
0.0	0.0	0.0
0.0	0.0	0.0
0.17143	0.17189	0.18031
0.09184	0.09184	0.08929
0.13725	0.13535	0.10714
0.0	0.0	0.0
0.31429	0.32071	0.34077
0.30882	0.30644	0.27027
0.0381	0.05652	0.08205
0.02564	0.02977	0.03225
0.21569	0.21569	0.2
0.09639	0.08745	0.09257
0.18978	0.18459	0.19142
0.21978	0.21446	0.20408
0.0137	0.0137	0.01149
0.05455	0.04604	0.07014
0.01667	0.01505	0.0
0.0	0.0	0.0
0.07407	0.0681	0.06122
0.47727	0.39586	0.34985
0.09722	0.08692	0.07692
0.1358	0.14732	0.15767
0.18391	0.18391	0.1875
0.05	0.05	0.02326
0.0	0.0	0.0
0.06557	0.06557	0.05882
0.56061	0.54789	0.51429
0.0	0.0	0.0
0.1236	0.13626	0.15998
0.06818	0.06818	0.04167
0.26389	0.22936	0.2169
0.07273	0.06363	0.05913
0.14634	0.1361	0.08696
0.17143	0.13824	0.15546
0.11667	0.09892	0.07527
0.20253	0.19314	0.16667
0.38571	0.32717	0.27626
0.37288	0.35264	0.35114
0.30435	0.29967	0.30862
0.32759	0.28362	0.25181
0.04545	0.03299	0.02174
0.35938	0.37903	0.41176
0.0	0.0	0.0
0.0	0.0	0.0
0.0	0.0	0.0
0.0	0.0	0.0
0.0	0.0	0.0
0.06107	0.05983	0.05556
0.11475	0.11475	0.11429
0.09615	0.10296	0.1121
0.63158	0.62134	0.704
0.22388	0.22388	0.21622
0.51515	0.46527	0.48384
0.08451	0.08314	0.05263
0.05455	0.04809	0.03226
0.15254	0.15746	0.16129
0.10959	0.1224	0.12987
0.34021	0.34119	0.30892
0.31944	0.32883	0.29292
0.07059	0.06033	0.04417
0.42254	0.41208	0.35645
0.43902	0.35715	0.44591
0.44118	0.46485	0.39933
0.14706	0.13424	0.06361
0.15464	0.16029	0.14545
0.0	0.0	0.0
0.1223	0.12299	0.14384
0.0	0.0	0.0
0.43836	0.37647	0.36505
0.0	0.0	0.0
0.14	0.14	0.13725
0.0229	0.01871	0.0109
0.0	0.0	0.0
0.02326	0.02326	0.02083
0.0	0.0	0.0
0.0	0.0	0.0
0.25	0.29163	0.392
0.16667	0.16465	0.17391
0.30233	0.2963	0.33467
0.2	0.2	0.22222
0.14286	0.14286	0.13043
0.22449	0.22449	0.23077
0.14583	0.15692	0.19167
0.02439	0.02439	0.02128
0.19231	0.17493	0.15746
0.14407	0.13176	0.14112
0.07692	0.07195	0.08108
0.06923	0.07444	0.06849
0.1125	0.1125	0.14286
