0.0	0.0	0.0
0.3	0.28712	0.24464
0.0	0.0	0.0
0.17582	0.14251	0.12395
0.05405	0.04272	0.04545
0.06944	0.0466	0.04651
0.03659	0.03659	0.02
0.0	0.0	0.0
0.0	0.0	0.0
0.0396	0.02396	0.01695
0.0	0.0	0.0
0.10938	0.06098	0.06782
0.08642	0.06333	0.06255
0.12281	0.10753	0.09091
0.0625	0.0625	0.04348
0.15254	0.08312	0.09727
0.0	0.0	0.0
0.0	0.0	0.0
0.0087	0.0014	0.0
0.0	0.0	0.0
0.0	0.0	0.0
0.04444	0.02832	0.02405
0.0	0.0	0.0
0.0	0.0	0.0
0.15556	0.10969	0.08527
0.00585	0.00094	0.0
0.03175	0.01895	0.03062
0.09259	0.05494	0.05203
0.04545	0.02345	0.03559
0.08791	0.02377	0.02809
0.24638	0.14075	0.1606
0.0	0.0	0.0
0.0	0.0	0.0
0.28302	0.15035	0.13898
0.02222	0.00718	0.00404
0.25424	0.11042	0.07938
0.01351	0.00174	0.0
0.07071	0.0453	0.01868
0.04348	0.02866	0.03457
0.0	0.0	0.0
0.0	0.0	0.0
0.02353	0.00912	0.00633
0.0	0.0	0.0
0.03226	0.01926	0.00462
0.09554	0.08506	0.08468
0.15152	0.12123	0.1265
0.14634	0.074	0.06452
0.07273	0.05515	0.03931
0.02222	0.02222	0.01852
0.26042	0.1603	0.14
0.30986	0.25082	0.27529
0.025	0.025	0.02041
0.0	0.0	0.0
0.25	0.25	0.22222
0.0	0.0	0.0
0.20492	0.20492	0.18667
0.10526	0.06226	0.07024
0.19643	0.14689	0.12296
0.56667	0.32422	0.25281
0.07246	0.05284	0.03308
0.10345	0.07046	0.08645
0.17568	0.16434	0.19565
0.0	0.0	0.0
0.0	0.0	0.0
0.03846	0.02192	0.01008
0.08434	0.06918	0.05596
0.08219	0.05038	0.05838
0.06154	0.04963	0.05128
0.11702	0.11702	0.10169
0.07778	0.06882	0.05263
0.01869	0.01869	0.01493
0.13333	0.076	0.07953
0.08696	0.08696	0.07273
0.0	0.0	0.0
0.08046	0.08046	0.06481
0.02174	0.02174	0.01754
0.0	0.0	0.0
0.37143	0.27513	0.26228
0.0	0.0	0.0
0.02985	0.01469	0.01675
0.0	0.0	0.0
0.05814	0.0304	0.02606
0.08772	0.08772	0.05882
0.0	0.0	0.0
0.0	0.0	0.0
0.08197	0.07298	0.08685
0.11765	0.09944	0.09615
0.0	0.0	0.0
0.20755	0.20755	0.17647
0.0	0.0	0.0
0.16477	0.15946	0.14151
0.0	0.0	0.0
0.07843	0.03859	0.03021
0.07955	0.04509	0.0414
0.01538	0.00248	0.0
0.0	0.0	0.0
0.0	0.0	0.0
0.06818	0.06818	0.07018
0.12069	0.08761	0.08179
0.38983	0.35675	0.32485
0.0	0.0	0.0
0.0087	0.0087	0.0
0.14815	0.13262	0.11095
0.0	0.0	0.0
0.11628	0.10409	0.08991
0.13846	0.09033	0.07457
0.0	0.0	0.0
0.0241	0.00467	0.00127
0.06993	0.05504	0.05339
0.06329	0.04492	0.06122
0.0	0.0	0.0
0.22772	0.22772	0.20339
0.16832	0.15044	0.14621
0.23529	0.22865	0.22205
0.0	0.0	0.0
0.19178	0.19178	0.20455
0.10227	0.10227	0.09434
0.13636	0.13636	0.14035
0.23288	0.22138	0.19565
0.03419	0.0149	0.0009
0.11864	0.11864	0.10811
0.0	0.0	0.0
0.2093	0.14816	0.17062
0.14583	0.07931	0.06284
0.07059	0.03321	0.03701
0.09859	0.04499	0.03764
0.46789	0.41848	0.37146
0.0	0.0	0.0
0.20354	0.18927	0.16223
0.09375	0.09375	0.07692
0.3481	0.33892	0.30798
0.0	0.0	0.0
0.0	0.0	0.0
0.0	0.0	0.0
0.14286	0.14286	0.13699
0.0	0.0	0.0
0.0411	0.0411	0.04444
0.0	0.0	0.0
0.05882	0.032	0.02386
0.19417	0.12559	0.07445
0.34211	0.17787	0.15102
0.10714	0.10714	0.08696
0.09091	0.05735	0.06875
0.0	0.0	0.0
0.21649	0.15134	0.14852
0.1875	0.1819	0.15909
0.0	0.0	0.0
0.06299	0.03201	0.0188
0.10526	0.0938	0.08976
0.22086	0.11637	0.11387
0.0	0.0	0.0
0.01802	0.01802	0.01538
0.0	0.0	0.0
0.24658	0.13038	0.09999
0.11404	0.0767	0.06357
0.0	0.0	0.0
0.0	0.0	0.0
0.16304	0.14551	0.14815
0.07647	0.05219	0.04933
0.15929	0.15929	0.12857
0.18293	0.18293	0.16
0.0	0.0	0.0
0.29032	0.29032	0.26316
0.0	0.0	0.0
0.11966	0.11966	0.11594
0.01429	0.01429	0.0
0.0	0.0	0.0
0.22222	0.22222	0.17949
0.0875	0.0875	0.07143
0.12739	0.10725	0.10289
0.02632	0.01486	0.0
0.02941	0.02025	0.01667
0.0	0.0	0.0
0.0	0.0	0.0
0.0	0.0	0.0
0.24299	0.13687	0.14396
0.0	0.0	0.0
0.1134	0.07682	0.0672
0.25424	0.11042	0.07938
0.0	0.0	0.0
0.0	0.0	0.0
0.0	0.0	0.0
0.13636	0.11926	0.12818
0.46296	0.41935	0.38191
0.0	0.0	0.0
0.0	0.0	0.0
0.29851	0.21331	0.23198
0.0	0.0	0.0
0.0	0.0	0.0
0.0	0.0	0.0
0.0	0.0	0.0
0.09589	0.05127	0.04986
0.0	0.0	0.0
0.0	0.0	0.0
0.0	0.0	0.0
0.0	0.0	0.0
0.10526	0.06226	0.07024
0.28947	0.18212	0.14151
0.16438	0.15289	0.17778
0.08247	0.0449	0.01695
0.07237	0.07237	0.07609
0.0	0.0	0.0
0.0	0.0	0.0
0.0	0.0	0.0
0.0	0.0	0.0
0.22549	0.17111	0.17257
0.22093	0.22093	0.20755
0.03333	0.01578	0.01786
0.0	0.0	0.0
0.0	0.0	0.0
0.03846	0.02192	0.01008
0.0	0.0	0.0
0.01942	0.01127	0.01639
0.05495	0.04609	0.03509
0.0	0.0	0.0
0.0	0.0	0.0
0.2	0.2	0.19737
0.07558	0.07558	0.06542
0.0	0.0	0.0
0.0	0.0	0.0
0.0	0.0	0.0
0.0	0.0	0.0
0.27143	0.23687	0.22441
0.0	0.0	0.0
0.19178	0.19178	0.20455
0.0	0.0	0.0
0.0	0.0	0.0
0.0	0.0	0.0
0.1145	0.10835	0.09877
0.20968	0.20968	0.17949
0.0625	0.0625	0.05882
0.0	0.0	0.0
0.22667	0.22667	0.19149
0.11864	0.11864	0.10811
0.0	0.0	0.0
0.0	0.0	0.0
0.0	0.0	0.0
0.0	0.0	0.0
0.0	0.0	0.0
0.0	0.0	0.0
0.0	0.0	0.0
0.01974	0.00891	0.01087
0.0	0.0	0.0
0.0	0.0	0.0
0.04348	0.02866	0.03457
0.12121	0.0616	0.07143
0.28814	0.28814	0.25714
0.0	0.0	0.0
0.0241	0.00545	0.00253
0.20325	0.20325	0.18421
0.46296	0.26883	0.26824
0.04	0.01721	0.02477
0.22772	0.22772	0.20339
0.0	0.0	0.0
0.28333	0.28333	0.25
0.23529	0.22865	0.22205
0.0	0.0	0.0
0.00962	0.00248	0.0
0.0	0.0	0.0
0.0	0.0	0.0
0.0	0.0	0.0
0.15029	0.15029	0.13462
0.0	0.0	0.0
0.0	0.0	0.0
0.0	0.0	0.0
0.08929	0.06423	0.07449
0.0	0.0	0.0
0.06299	0.03201	0.0188
0.0	0.0	0.0
0.0	0.0	0.0
0.0	0.0	0.0
0.0	0.0	0.0
0.0	0.0	0.0
0.03333	0.02581	0.02405
0.17708	0.1455	0.1252
0.0	0.0	0.0
0.0	0.0	0.0
0.0	0.0	0.0
0.01099	0.00177	0.0
0.0	0.0	0.0
0.0	0.0	0.0
0.0989	0.0227	0.02331
0.15385	0.10374	0.11568
0.09091	0.05571	0.05041
0.02222	0.00718	0.00404
0.0	0.0	0.0
0.0	0.0	0.0
0.0	0.0	0.0
0.0	0.0	0.0
0.0	0.0	0.0
0.1625	0.09678	0.12233
0.0	0.0	0.0
0.22302	0.13994	0.11067
0.0	0.0	0.0
0.06723	0.03525	0.02916
0.0	0.0	0.0
0.24419	0.1448	0.14191
0.28788	0.15838	0.11907
0.00901	0.00901	0.01493
0.0	0.0	0.0
0.0	0.0	0.0
0.0	0.0	0.0
0.01176	0.00266	0.0
0.0	0.0	0.0
0.02062	0.01231	0.0
0.0	0.0	0.0
0.0	0.0	0.0
0.0	0.0	0.0
0.03704	0.01345	0.01998
0.0	0.0	0.0
0.0	0.0	0.0
0.0	0.0	0.0
0.0	0.0	0.0
0.0	0.0	0.0
0.0	0.0	0.0
0.0	0.0	0.0
0.0	0.0	0.0
0.0	0.0	0.0
0.0	0.0	0.0
0.0	0.0	0.0
0.0	0.0	0.0
0.07362	0.07362	0.05941
0.0	0.0	0.0
0.26923	0.16544	0.10081
0.0	0.0	0.0
0.0	0.0	0.0
0.0	0.0	0.0
0.0	0.0	0.0
0.0	0.0	0.0
0.0	0.0	0.0
0.07143	0.07143	0.06
0.0	0.0	0.0
0.0	0.0	0.0
0.1	0.1	0.08929
0.0	0.0	0.0
0.0	0.0	0.0
0.0	0.0	0.0
0.0	0.0	0.0
0.14286	0.14286	0.13699
0.21978	0.16699	0.16935
0.05217	0.04544	0.04317
0.0	0.0	0.0
0.15854	0.11448	0.10983
0.0	0.0	0.0
0.05941	0.03066	0.03018
0.10606	0.04985	0.0637
0.31111	0.15593	0.16132
0.03883	0.00503	0.00743
0.0087	0.0014	0.0
0.12821	0.11704	0.10913
0.13559	0.12247	0.11429
0.06742	0.04712	0.0414
0.04444	0.02832	0.02405
0.27473	0.15386	0.14686
0.12	0.05441	0.06771
0.0	0.0	0.0
0.03604	0.02209	0.01538
0.1	0.03407	0.04262
0.125	0.0887	0.08166
0.0	0.0	0.0
0.0	0.0	0.0
0.0	0.0	0.0
0.0	0.0	0.0
0.0	0.0	0.0
0.04938	0.02231	0.02341
0.4812	0.21904	0.16931
0.0	0.0	0.0
0.0	0.0	0.0
0.4026	0.21913	0.1949
0.06471	0.03226	0.03764
0.07143	0.04128	0.0429
0.0	0.0	0.0
0.0274	0.01547	0.0
0.21875	0.10031	0.1113
0.07921	0.04568	0.01805
0.0495	0.04184	0.03226
0.02532	0.00328	0.00144
0.13559	0.10171	0.10769
0.39496	0.36135	0.32393
0.10112	0.10112	0.07407
0.0	0.0	0.0
0.17978	0.12867	0.09678
0.0	0.0	0.0
0.03333	0.02509	0.02246
0.0	0.0	0.0
0.48148	0.43161	0.39193
0.0087	0.0087	0.0
0.13333	0.10537	0.09323
0.24731	0.13981	0.12667
0.15152	0.12123	0.1265
0.13971	0.0963	0.07581
0.0	0.0	0.0
0.06944	0.0466	0.04651
0.10526	0.06226	0.07024
0.31429	0.26823	0.27813
0.07143	0.05818	0.03931
0.16304	0.14551	0.14815
0.2623	0.2623	0.22222
0.20492	0.20492	0.18667
0.0	0.0	0.0
0.04412	0.04412	0.02564
0.12048	0.09677	0.08064
0.08955	0.078	0.09756
0.20253	0.20253	0.17391
0.24	0.23323	0.21247
0.0	0.0	0.0
0.2234	0.12562	0.10979
0.21552	0.1777	0.1586
0.55932	0.32095	0.26678
0.18812	0.15587	0.14621
0.0	0.0	0.0
0.33333	0.30217	0.27958
0.0	0.0	0.0
0.24138	0.20384	0.17085
0.0	0.0	0.0
0.07692	0.01677	0.03019
0.23529	0.22865	0.22205
0.05128	0.02358	0.01277
0.06742	0.06742	0.0566
0.0	0.0	0.0
0.12069	0.12069	0.08824
0.0	0.0	0.0
0.0274	0.01989	0.01539
0.15152	0.08356	0.06113
0.0566	0.02771	0.02298
0.0	0.0	0.0
0.03604	0.02209	0.01538
0.01111	0.01111	0.01786
0.33684	0.12804	0.10505
0.51429	0.31523	0.29609
0.01205	0.01205	0.0
0.0	0.0	0.0
0.14286	0.14286	0.13699
0.19178	0.19178	0.20455
0.0	0.0	0.0
0.21875	0.17473	0.13231
0.11864	0.11864	0.10811
0.0	0.0	0.0
0.0	0.0	0.0
0.11905	0.0891	0.07971
0.04587	0.04587	0.02985
0.13559	0.07273	0.08407
0.11475	0.07826	0.06711
0.24299	0.13627	0.14396
0.02222	0.0055	0.00404
0.20833	0.12669	0.07453
0.36667	0.32907	0.30917
0.01802	0.00407	0.0
0.19481	0.18391	0.20833
0.11921	0.08397	0.0838
0.14414	0.14414	0.11594
0.34459	0.31386	0.29069
0.13043	0.13043	0.10909
0.01538	0.00248	0.0
0.01429	0.00184	0.0
0.01775	0.01279	0.0
0.0	0.0	0.0
0.07563	0.06127	0.06849
0.0	0.0	0.0
0.0	0.0	0.0
0.18605	0.12605	0.10946
0.1	0.07634	0.06931
0.0241	0.00467	0.00127
0.08642	0.06731	0.08
0.06504	0.04485	0.04075
0.12821	0.12103	0.11594
0.06452	0.05446	0.05085
0.01429	0.01429	0.0
0.07353	0.0178	0.00728
0.11111	0.03854	0.04968
0.27473	0.14501	0.15413
0.1958	0.17754	0.15983
0.40984	0.30092	0.25631
0.12346	0.09638	0.09235
0.34211	0.28779	0.24781
0.10169	0.03938	0.03668
0.16667	0.16184	0.14423
0.11765	0.09129	0.08204
0.06579	0.02845	0.01793
0.04	0.02388	0.01724
0.07018	0.07018	0.06452
0.02778	0.02017	0.01574
0.01111	0.01111	0.01786
0.35789	0.13111	0.10624
0.05479	0.0433	0.04444
0.24138	0.18094	0.18626
0.15625	0.07612	0.08687
0.11475	0.06452	0.07397
0.38983	0.17002	0.14646
0.0	0.0	0.0
0.07143	0.04571	0.0449
0.12871	0.08146	0.08377
0.06667	0.05548	0.06667
0.09589	0.04685	0.04032
0.1131	0.10119	0.08467
0.0	0.0	0.0
0.08219	0.05038	0.05838
0.3	0.22985	0.16418
0.30769	0.15534	0.14115
0.0	0.0	0.0
0.44286	0.21847	0.24951
0.08	0.0671	0.02433
0.0	0.0	0.0
0.01124	0.01124	0.01852
0.0	0.0	0.0
0.0	0.0	0.0
0.01639	0.00211	0.0
0.10563	0.06611	0.05339
0.10791	0.08215	0.08161
0.11828	0.11828	0.10345
0.10303	0.0999	0.07266
0.0	0.0	0.0
0.0	0.0	0.0
0.0	0.0	0.0
0.09231	0.06602	0.07662
0.18095	0.13795	0.11419
0.17442	0.17442	0.16981
0.14545	0.11438	0.05379
0.24088	0.17143	0.15976
0.0	0.0	0.0
0.25424	0.17551	0.19178
0.62264	0.37132	0.32158
0.0	0.0	0.0
0.27632	0.17405	0.18036
0.0	0.0	0.0
0.17742	0.17742	0.16216
0.16667	0.08724	0.09158
0.0	0.0	0.0
0.0	0.0	0.0
0.1129	0.1129	0.11111
0.14118	0.13776	0.10981
0.06757	0.02616	0.02859
0.0219	0.0219	0.01235
0.0	0.0	0.0
0.06716	0.06139	0.05444
0.21839	0.18502	0.1583
0.08333	0.07043	0.05263
0.0	0.0	0.0
0.26027	0.26027	0.23256
0.39216	0.37191	0.37097
0.03361	0.01898	0.01439
0.11628	0.10903	0.09175
0.0	0.0	0.0
0.19588	0.15199	0.13669
0.04762	0.0259	0.03517
0.08333	0.08333	0.06897
0.75926	0.62449	0.53851
0.0	0.0	0.0
0.14773	0.07443	0.06989
0.0	0.0	0.0
0.0	0.0	0.0
0.33628	0.32031	0.30978
0.16393	0.14993	0.1342
0.01887	0.00123	0.0
0.0	0.0	0.0
0.33594	0.32158	0.29936
0.00613	0.00119	0.00202
0.225	0.225	0.26923
0.41379	0.26737	0.217
0.03704	0.0233	0.0303
0.45192	0.29318	0.24097
0.15152	0.07088	0.0742
0.42857	0.24233	0.16563
0.14754	0.05239	0.03665
0.16279	0.16279	0.15686
0.0566	0.02708	0.03922
0.09836	0.0862	0.11828
0.09524	0.09524	0.08
0.1358	0.10554	0.08646
0.0404	0.0404	0.04839
0.0	0.0	0.0
0.15385	0.07506	0.06868
0.13291	0.13291	0.12371
0.09565	0.09565	0.08451
0.14815	0.14815	0.14286
0.09195	0.05859	0.04719
0.0	0.0	0.0
0.29412	0.21162	0.19754
0.0	0.0	0.0
0.04478	0.04478	0.025
0.08537	0.08537	0.08
0.07071	0.06191	0.05085
0.15476	0.15092	0.14763
0.41071	0.3013	0.29121
0.10092	0.0873	0.08233
0.17213	0.16499	0.15068
0.23529	0.13416	0.1463
0.1573	0.12035	0.13561
0.18605	0.12828	0.125
0.07692	0.05894	0.0625
0.12658	0.12658	0.10638
0.125	0.08469	0.06943
0.0	0.0	0.0
0.08219	0.05171	0.03442
0.04762	0.04762	0.02632
0.03226	0.02602	0.02778
0.03279	0.03279	0.02632
0.11111	0.08663	0.04462
0.13793	0.08564	0.08203
0.07071	0.04822	0.0421
0.30769	0.16948	0.17209
0.16	0.08475	0.06043
0.23864	0.13712	0.11472
0.0	0.0	0.0
0.04167	0.04167	0.03448
0.0	0.0	0.0
0.0	0.0	0.0
0.175	0.12367	0.09364
0.025	0.01129	0.0
0.0	0.0	0.0
0.0	0.0	0.0
0.27143	0.27143	0.25581
0.04167	0.04167	0.03571
0.0	0.0	0.0
0.08759	0.05886	0.05377
0.07143	0.0332	0.04444
0.0	0.0	0.0
0.06024	0.01865	0.02567
0.14943	0.13941	0.14517
0.02857	0.01176	0.00234
0.16216	0.08066	0.08247
0.35938	0.35938	0.35
0.03077	0.01438	0.02527
0.36957	0.32493	0.29071
0.0	0.0	0.0
0.0	0.0	0.0
0.03509	0.03509	0.02857
0.0	0.0	0.0
0.42373	0.23134	0.24614
0.0	0.0	0.0
0.04348	0.04348	0.04444
0.0991	0.0991	0.08955
0.16842	0.09341	0.10057
0.29091	0.29091	0.24242
0.0	0.0	0.0
0.14423	0.12749	0.09189
0.04211	0.02581	0.02461
0.15753	0.13125	0.12143
0.09459	0.05231	0.03369
0.14925	0.11942	0.12981
0.08571	0.07327	0.07632
0.0	0.0	0.0
0.02941	0.02941	0.02439
0.1049	0.0988	0.09302
0.02299	0.02299	0.01923
0.42	0.35229	0.32156
0.38462	0.34542	0.34305
0.11321	0.04323	0.02722
0.1875	0.10889	0.10648
0.15753	0.09303	0.06747
0.21538	0.15534	0.12434
0.0	0.0	0.0
0.11504	0.09764	0.08416
0.03226	0.03226	0.02703
0.24528	0.24528	0.22581
0.20833	0.16174	0.1673
0.1371	0.1025	0.09722
0.0	0.0	0.0
0.31343	0.15988	0.1557
0.04706	0.04706	0.04082
0.13725	0.06514	0.04623
0.0	0.0	0.0
0.0	0.0	0.0
0.0	0.0	0.0
0.31746	0.09121	0.08279
0.0	0.0	0.0
0.0354	0.01599	0.02104
0.06849	0.06849	0.07143
0.0431	0.02086	0.01479
0.16842	0.10663	0.12139
0.0	0.0	0.0
0.0	0.0	0.0
0.14516	0.11863	0.10485
0.0	0.0	0.0
0.0	0.0	0.0
0.07258	0.0203	0.01592
0.11905	0.11905	0.13208
0.06579	0.03608	0.0088
0.06452	0.04944	0.05263
0.0	0.0	0.0
0.09302	0.07465	0.0582
0.0	0.0	0.0
0.0	0.0	0.0
0.44444	0.38591	0.32522
0.07042	0.05815	0.04762
0.03297	0.02411	0.01786
0.35897	0.35897	0.34783
0.12308	0.03131	0.01205
0.06383	0.02712	0.02211
0.07595	0.06901	0.06383
0.4125	0.2053	0.19289
0.0	0.0	0.0
0.25926	0.25926	0.22059
0.13043	0.09467	0.07913
0.0	0.0	0.0
0.0	0.0	0.0
0.0625	0.05208	0.05923
0.0	0.0	0.0
0.29762	0.24926	0.23786
0.33333	0.19239	0.19619
0.19444	0.19444	0.17391
0.008	0.00103	0.00174
0.14062	0.09123	0.09349
0.0	0.0	0.0
0.18182	0.12026	0.11769
0.02857	0.01706	0.0
0.22642	0.1473	0.14568
0.08621	0.05896	0.03008
0.0	0.0	0.0
0.06918	0.06431	0.05882
0.03614	0.03614	0.04
0.04545	0.03129	0.02046
0.12222	0.08388	0.07792
0.03448	0.02374	0.01786
0.11009	0.07932	0.09331
0.10476	0.10476	0.10145
0.02564	0.00167	0.0
0.07463	0.07463	0.07895
0.01961	0.01961	0.01639
0.13235	0.0726	0.10645
0.0	0.0	0.0
0.0	0.0	0.0
0.11111	0.08006	0.0813
0.0	0.0	0.0
0.14706	0.13615	0.09756
0.02128	0.02128	0.0
0.18367	0.18367	0.16667
0.2931	0.26252	0.23529
0.32143	0.18496	0.13571
0.03659	0.03659	0.03846
0.08163	0.08163	0.1
0.05882	0.02466	0.01274
0.0	0.0	0.0
0.0	0.0	0.0
0.29487	0.14644	0.16065
0.01739	0.00309	0.0
0.15909	0.08873	0.08455
0.08333	0.08333	0.06897
0.0	0.0	0.0
0.0	0.0	0.0
0.0	0.0	0.0
0.10976	0.05784	0.05808
0.32653	0.21168	0.20377
0.01961	0.01961	0.0
0.0	0.0	0.0
0.05594	0.04016	0.02927
0.0	0.0	0.0
0.0	0.0	0.0
0.03571	0.03571	0.02778
0.01818	0.01818	0.0
0.0	0.0	0.0
0.0	0.0	0.0
0.12121	0.05917	0.05983
0.0	0.0	0.0
0.33	0.28034	0.23228
0.18692	0.12514	0.10991
0.13514	0.12511	0.11628
0.0	0.0	0.0
0.0625	0.03225	0.0
0.04839	0.03331	0.02703
0.0	0.0	0.0
0.1831	0.07497	0.05429
0.0	0.0	0.0
0.15663	0.11816	0.10057
0.16418	0.12928	0.11654
0.34091	0.22582	0.2385
0.22857	0.13459	0.13932
0.05109	0.04474	0.04651
0.25	0.25	0.22581
0.03333	0.02116	0.02544
0.07955	0.05095	0.04383
0.01389	0.00179	0.003
0.04938	0.01594	0.00271
0.0	0.0	0.0
0.0	0.0	0.0
0.07246	0.03274	0.02564
0.1913	0.14026	0.1379
0.34118	0.34118	0.32
0.0	0.0	0.0
0.15556	0.15556	0.1375
0.0	0.0	0.0
0.0	0.0	0.0
0.05769	0.04281	0.03226
0.2906	0.27571	0.26389
0.07937	0.06913	0.06197
0.35514	0.29245	0.24938
0.04412	0.04412	0.02381
0.11475	0.08039	0.06902
0.0	0.0	0.0
0.1165	0.1165	0.10938
0.18966	0.10291	0.1007
0.08108	0.01659	0.04167
0.13462	0.05307	0.03281
0.0	0.0	0.0
0.0	0.0	0.0
0.0	0.0	0.0
0.08462	0.08462	0.06579
0.0	0.0	0.0
0.08571	0.08571	0.08235
0.16154	0.07768	0.08551
0.59701	0.58449	0.55814
0.0	0.0	0.0
0.01111	0.01111	0.01786
0.0	0.0	0.0
0.1236	0.1062	0.08009
0.1134	0.07684	0.05718
0.0	0.0	0.0
0.0	0.0	0.0
0.59259	0.59259	0.52941
0.0	0.0	0.0
0.0	0.0	0.0
0.125	0.10394	0.08183
0.12308	0.09678	0.08757
0.0	0.0	0.0
0.05882	0.05882	0.05634
0.0	0.0	0.0
0.0	0.0	0.0
0.10674	0.09696	0.10117
0.04918	0.03597	0.02632
0.05195	0.03269	0.03371
0.0	0.0	0.0
0.41935	0.17798	0.1565
0.0	0.0	0.0
0.31507	0.18163	0.1456
0.16667	0.12069	0.09015
0.39326	0.21496	0.15652
0.03846	0.03038	0.04553
0.03497	0.02076	0.023
0.18182	0.18182	0.16667
0.04	0.04	0.03333
0.03922	0.03922	0.03448
0.17105	0.13541	0.11111
0.10526	0.09296	0.09302
0.0	0.0	0.0
0.04717	0.01341	0.00107
0.0	0.0	0.0
0.07692	0.04302	0.02386
0.0	0.0	0.0
0.09677	0.08498	0.08798
0.24419	0.1628	0.1607
0.0	0.0	0.0
0.0	0.0	0.0
0.0	0.0	0.0
0.0	0.0	0.0
0.04167	0.02957	0.02626
0.23913	0.21284	0.21789
0.25	0.17814	0.18377
0.19298	0.1794	0.15625
0.0	0.0	0.0
0.17708	0.17708	0.16364
0.17391	0.09303	0.10118
0.03704	0.02838	0.03129
0.00847	0.00847	0.0
0.02667	0.02667	0.02273
0.09574	0.05217	0.06094
0.22727	0.10561	0.11423
0.09459	0.05362	0.05402
0.19118	0.12715	0.1251
0.0	0.0	0.0
0.125	0.0867	0.08234
0.01282	0.00165	0.00243
0.19403	0.07997	0.11005
0.15294	0.10815	0.09173
0.01389	0.01389	0.0
0.26582	0.14705	0.15625
0.27619	0.2335	0.22068
0.19149	0.1716	0.12903
0.0	0.0	0.0
0.18367	0.11788	0.10433
0.0	0.0	0.0
0.225	0.13228	0.13629
0.03077	0.01886	0.02632
0.17647	0.13229	0.12507
0.18667	0.07916	0.09328
0.24286	0.21751	0.19202
0.20155	0.16955	0.18281
0.01709	0.01709	0.01389
0.40351	0.18847	0.14431
0.05102	0.04148	0.03442
0.00909	0.00909	0.01408
0.0	0.0	0.0
0.12281	0.1064	0.08514
0.34314	0.2426	0.22173
0.07246	0.0519	0.0598
0.02804	0.01085	0.01209
0.0	0.0	0.0
0.32558	0.23595	0.18749
0.0	0.0	0.0
0.06452	0.06452	0.07143
0.07826	0.05974	0.05044
0.17391	0.17391	0.13793
0.0	0.0	0.0
0.12195	0.09363	0.09236
0.0	0.0	0.0
0.05921	0.04118	0.03326
0.02381	0.01268	0.01961
0.03077	0.01786	0.02564
0.0	0.0	0.0
0.0	0.0	0.0
0.37288	0.27395	0.2726
0.08571	0.0226	0.03068
0.0	0.0	0.0
0.20408	0.20408	0.19355
0.0	0.0	0.0
0.04505	0.03749	0.02941
0.03896	0.022	0.01158
0.0	0.0	0.0
0.28571	0.25079	0.24796
0.20455	0.11291	0.11948
0.07914	0.07914	0.08046
0.02941	0.02025	0.01667
0.04	0.01807	0.02273
0.0	0.0	0.0
0.45333	0.24437	0.20532
0.07143	0.06567	0.07325
0.05882	0.01392	0.01352
0.0	0.0	0.0
0.13415	0.12471	0.12
0.0	0.0	0.0
0.31034	0.23305	0.21797
0.15652	0.15652	0.14925
0.1	0.04787	0.04517
0.24528	0.17104	0.18732
0.03883	0.03414	0.02406
0.02703	0.02703	0.02326
0.14444	0.13441	0.12338
0.07778	0.05126	0.06452
0.25	0.19572	0.20611
0.04286	0.0295	0.02477
0.13636	0.07774	0.06396
0.08271	0.05701	0.05105
0.13934	0.13934	0.12162
0.0	0.0	0.0
0.01587	0.00103	0.0
0.19444	0.19444	0.16667
0.04878	0.01889	0.00687
0.0	0.0	0.0
0.06364	0.05601	0.04762
0.04386	0.02208	0.015
0.19079	0.18464	0.16667
0.04819	0.01983	0.01297
0.14815	0.0717	0.07118
0.0	0.0	0.0
0.02655	0.00714	0.00455
0.1087	0.03859	0.03846
0.18919	0.11553	0.1052
0.39759	0.28683	0.26774
0.05195	0.03017	0.02876
0.05172	0.02615	0.02317
0.06122	0.05596	0.04444
0.05495	0.05495	0.05263
0.75625	0.61937	0.54087
0.26087	0.18235	0.12981
0.0411	0.0274	0.02429
0.0	0.0	0.0
0.09722	0.04931	0.02266
0.0	0.0	0.0
0.11111	0.11111	0.10714
0.08642	0.05537	0.05894
0.04878	0.04878	0.03922
0.15789	0.15789	0.14035
0.14035	0.09622	0.08081
0.0	0.0	0.0
0.42222	0.2488	0.22579
0.0	0.0	0.0
0.24828	0.24828	0.23529
0.23077	0.1334	0.10948
0.0	0.0	0.0
0.0	0.0	0.0
0.27419	0.14413	0.13076
0.10092	0.07842	0.08858
0.27273	0.17598	0.16045
0.0411	0.0411	0.02273
0.03448	0.02966	0.01749
0.12903	0.11915	0.11545
0.09278	0.09278	0.08621
0.0	0.0	0.0
0.19767	0.07956	0.04996
0.08889	0.0785	0.07817
0.03419	0.01958	0.015
0.05319	0.02883	0.04375
0.0125	0.00081	0.00135
0.1203	0.11521	0.11654
0.19048	0.14158	0.13721
0.14894	0.14894	0.125
0.0	0.0	0.0
0.01667	0.00108	0.00186
0.12977	0.12977	0.11392
0.0	0.0	0.0
0.16279	0.13129	0.13083
0.05691	0.04302	0.04054
0.19718	0.17765	0.15795
0.05224	0.05224	0.05952
0.0	0.0	0.0
0.0	0.0	0.0
0.17143	0.12844	0.10889
0.0	0.0	0.0
0.09639	0.07658	0.0613
0.0	0.0	0.0
0.0625	0.04385	0.03549
0.0	0.0	0.0
0.05155	0.04257	0.03125
0.09924	0.09333	0.07692
0.10769	0.07991	0.05295
0.0	0.0	0.0
0.0	0.0	0.0
0.0	0.0	0.0
0.20833	0.15189	0.11558
0.0	0.0	0.0
0.12857	0.07099	0.07946
0.14414	0.0994	0.10106
0.06211	0.06211	0.05882
0.34921	0.30521	0.27556
0.0	0.0	0.0
0.0	0.0	0.0
0.0	0.0	0.0
0.24719	0.23413	0.22032
0.0	0.0	0.0
0.03509	0.00793	0.0
0.16346	0.08717	0.06603
0.0	0.0	0.0
0.01064	0.00171	0.0
0.2924	0.2413	0.23035
0.05926	0.04396	0.03597
0.04412	0.03131	0.02754
0.0	0.0	0.0
0.2439	0.21139	0.19704
0.03077	0.01935	0.00662
0.0	0.0	0.0
0.09375	0.03933	0.04427
0.08889	0.0613	0.05865
0.14167	0.14167	0.1372
0.20388	0.20388	0.2
0.1039	0.06451	0.05678
0.07143	0.07143	0.06818
0.08182	0.04635	0.05797
0.52874	0.46982	0.4273
0.0	0.0	0.0
0.06944	0.043	0.02078
0.06452	0.03887	0.03562
0.17143	0.1355	0.13784
0.2069	0.16308	0.13316
0.12222	0.10037	0.08543
0.06316	0.06316	0.06667
0.0	0.0	0.0
0.02759	0.00868	0.00074
0.11111	0.09705	0.09634
0.20548	0.20548	0.18182
0.11382	0.1091	0.09762
0.0	0.0	0.0
0.0	0.0	0.0
0.05797	0.03086	0.012
0.04938	0.01633	0.02304
0.01786	0.01181	0.00475
0.09195	0.08194	0.07843
0.0	0.0	0.0
0.0	0.0	0.0
0.03478	0.01543	0.00607
0.15323	0.15323	0.14865
0.03226	0.03226	0.025
0.07273	0.03481	0.03383
0.05983	0.04274	0.03585
0.07843	0.05376	0.08786
0.09375	0.0557	0.07403
0.15741	0.09381	0.08847
0.0	0.0	0.0
0.09286	0.09286	0.09524
0.14286	0.09963	0.05198
0.03175	0.0256	0.02632
0.02885	0.01211	0.01746
0.04348	0.02993	0.02439
0.0	0.0	0.0
0.0	0.0	0.0
0.0	0.0	0.0
0.0	0.0	0.0
0.06579	0.05561	0.04545
0.072	0.072	0.06667
0.09524	0.06232	0.06748
0.04878	0.02674	0.02015
0.13605	0.13188	0.11957
0.01282	0.01282	0.0
0.0	0.0	0.0
0.12931	0.09428	0.07315
0.04762	0.00885	0.00904
0.10169	0.10169	0.09722
0.06087	0.04825	0.04615
0.10559	0.08014	0.04742
0.25243	0.25243	0.21875
0.03846	0.02233	0.03125
0.01587	0.01587	0.01316
0.29167	0.16939	0.18184
0.10377	0.08064	0.09273
0.0	0.0	0.0
0.34483	0.17188	0.21846
0.01316	0.01316	0.0
0.15873	0.07784	0.10092
0.0	0.0	0.0
0.31169	0.28006	0.25771
0.10577	0.08344	0.10131
0.02128	0.00515	0.00612
0.15909	0.10998	0.10635
0.0	0.0	0.0
0.08861	0.03635	0.03371
0.03012	0.03012	0.02885
0.0	0.0	0.0
0.13592	0.07799	0.0809
0.0	0.0	0.0
0.0	0.0	0.0
0.28049	0.16723	0.13036
0.19266	0.12846	0.11862
0.08148	0.06476	0.05402
0.26724	0.23943	0.20897
0.04808	0.03909	0.03175
0.16216	0.14516	0.11659
0.14493	0.08838	0.0355
0.0	0.0	0.0
0.04464	0.0291	0.03041
0.01031	0.01031	0.01724
0.04348	0.04348	0.04167
0.26	0.16229	0.1366
0.10714	0.04552	0.03717
0.05988	0.05138	0.04094
0.13913	0.1181	0.10959
0.2	0.15932	0.14758
0.0	0.0	0.0
0.0	0.0	0.0
0.32353	0.18409	0.17154
0.07273	0.07273	0.08824
0.09091	0.09091	0.10417
0.0	0.0	0.0
0.16	0.12027	0.10697
0.02817	0.02817	0.0241
0.03636	0.03636	0.02941
0.168	0.14633	0.13384
0.0	0.0	0.0
0.0	0.0	0.0
0.27358	0.22459	0.19459
0.0	0.0	0.0
0.08333	0.06452	0.05238
0.04	0.04	0.02632
0.03636	0.00353	0.0
0.22549	0.09141	0.07076
0.14894	0.09713	0.08886
0.0	0.0	0.0
0.07801	0.05103	0.04532
0.02885	0.02234	0.02005
0.0	0.0	0.0
0.25287	0.21729	0.15614
0.02083	0.00504	0.0
0.0	0.0	0.0
0.0	0.0	0.0
0.02083	0.01255	0.01797
0.09211	0.09211	0.09091
0.0	0.0	0.0
0.16883	0.13009	0.12245
0.01149	0.01149	0.0
0.13103	0.11547	0.10815
0.0	0.0	0.0
0.0	0.0	0.0
0.15306	0.08363	0.09402
0.0	0.0	0.0
0.04082	0.01712	0.00892
0.04098	0.04098	0.0274
0.2028	0.11528	0.09378
0.05	0.00688	0.00271
0.0	0.0	0.0
0.04762	0.04762	0.0396
0.0	0.0	0.0
0.0	0.0	0.0
0.17647	0.10391	0.08298
0.12397	0.09598	0.07792
0.0	0.0	0.0
0.1383	0.09678	0.0956
0.14706	0.07118	0.05792
0.47619	0.24851	0.20942
0.11268	0.08769	0.06766
0.01724	0.01724	0.01408
0.0	0.0	0.0
0.0	0.0	0.0
0.0	0.0	0.0
0.1375	0.13286	0.13258
0.09259	0.01674	0.0095
0.40187	0.35123	0.30958
0.0	0.0	0.0
0.0	0.0	0.0
0.57554	0.53586	0.46717
0.0	0.0	0.0
0.0	0.0	0.0
0.13245	0.13245	0.14894
0.08966	0.08588	0.10573
0.17089	0.1517	0.1613
0.23276	0.23276	0.21622
0.19828	0.19828	0.18056
0.05696	0.05206	0.05263
0.28767	0.28767	0.22222
0.22989	0.22989	0.21154
0.0	0.0	0.0
0.08333	0.05753	0.06103
0.05607	0.02142	0.01025
0.30769	0.13405	0.12981
0.21311	0.21311	0.18421
0.0625	0.0625	0.03448
0.0	0.0	0.0
0.18367	0.18367	0.16667
0.06944	0.03853	0.01362
0.0	0.0	0.0
0.0	0.0	0.0
0.0	0.0	0.0
0.13043	0.0809	0.09453
0.16176	0.16176	0.14634
0.17742	0.17742	0.17568
0.22727	0.10484	0.07604
0.20312	0.13005	0.11662
0.03279	0.01903	0.02703
0.0	0.0	0.0
0.025	0.025	0.02041
0.29412	0.28083	0.25131
0.21795	0.12945	0.1304
0.0	0.0	0.0
0.0283	0.02282	0.02217
0.0	0.0	0.0
0.0	0.0	0.0
0.02239	0.01132	0.01613
0.0	0.0	0.0
0.08966	0.08187	0.07778
0.02273	0.01564	0.0241
0.21277	0.10056	0.07957
0.17308	0.14982	0.12587
0.10204	0.09315	0.08929
0.15476	0.08106	0.05808
0.01613	0.00365	0.0
0.05882	0.03379	0.03227
0.0	0.0	0.0
0.10959	0.10959	0.11111
0.04545	0.04545	0.05769
0.2027	0.19181	0.19056
0.0	0.0	0.0
0.09722	0.06183	0.04878
0.33333	0.26507	0.24026
0.17895	0.10629	0.10957
0.09375	0.08602	0.0747
0.10345	0.08733	0.08424
0.0	0.0	0.0
0.03306	0.02213	0.02299
0.15179	0.12588	0.12382
0.25352	0.25352	0.24444
0.0	0.0	0.0
0.2069	0.12432	0.1328
0.26471	0.26471	0.23684
0.0	0.0	0.0
0.28261	0.23143	0.21293
0.0	0.0	0.0
0.0	0.0	0.0
0.0	0.0	0.0
0.0	0.0	0.0
0.0	0.0	0.0
0.0	0.0	0.0
0.15	0.09807	0.0796
0.0	0.0	0.0
0.11494	0.11494	0.11321
0.23364	0.11878	0.12191
0.04828	0.04828	0.05682
0.04762	0.02897	0.03226
0.15	0.10041	0.05188
0.16438	0.11712	0.07579
0.0	0.0	0.0
0.0	0.0	0.0
0.02158	0.00395	0.00237
0.2451	0.16447	0.15549
0.07463	0.03034	0.0379
0.04651	0.00576	0.00084
0.04839	0.04839	0.02778
0.1831	0.13449	0.114
0.07843	0.07843	0.08065
0.08475	0.08475	0.08219
0.16456	0.09637	0.07206
0.0	0.0	0.0
0.30769	0.17267	0.14173
0.37313	0.33896	0.3364
0.69565	0.34367	0.2995
0.41111	0.26883	0.19646
0.09677	0.08775	0.07407
0.125	0.125	0.11628
0.03774	0.03774	0.0303
0.0	0.0	0.0
0.0	0.0	0.0
0.09091	0.04734	0.04487
0.15385	0.12833	0.08929
0.0274	0.0274	0.02222
0.09091	0.05901	0.0245
0.11765	0.11765	0.09677
0.14615	0.11887	0.10693
0.17857	0.13096	0.10996
0.10256	0.01987	0.01965
0.0	0.0	0.0
0.0	0.0	0.0
0.12676	0.10451	0.07605
0.0	0.0	0.0
0.23288	0.20947	0.20144
0.02083	0.02083	0.01754
0.0	0.0	0.0
0.24561	0.2326	0.24288
0.19565	0.15078	0.16797
0.0	0.0	0.0
0.09302	0.0694	0.04839
0.16667	0.10576	0.08897
0.0	0.0	0.0
0.04412	0.03037	0.02381
0.0	0.0	0.0
0.02899	0.00607	0.00614
0.0	0.0	0.0
0.08475	0.04922	0.04214
0.0	0.0	0.0
0.0	0.0	0.0
0.38095	0.33706	0.3206
0.0	0.0	0.0
0.01923	0.01923	0.0
0.1	0.08388	0.06667
0.15217	0.0982	0.11459
0.20183	0.19769	0.16982
0.0	0.0	0.0
0.03636	0.02229	0.02941
0.01923	0.01923	0.01538
0.0	0.0	0.0
0.0	0.0	0.0
0.2027	0.13862	0.1104
0.40541	0.34003	0.27958
0.02299	0.01334	0.0
0.07576	0.07576	0.075
0.09402	0.07582	0.07724
0.30435	0.27629	0.26656
0.0	0.0	0.0
0.07812	0.0358	0.02974
0.19298	0.09905	0.10417
0.1	0.1	0.10256
0.0	0.0	0.0
0.01527	0.01527	0.01266
0.09375	0.08217	0.05434
0.0	0.0	0.0
0.0	0.0	0.0
0.18421	0.18421	0.18605
0.17021	0.11874	0.08296
0.0	0.0	0.0
0.06107	0.04211	0.02941
0.11594	0.108	0.10118
0.0	0.0	0.0
0.42623	0.25015	0.23176
0.13636	0.13636	0.12963
0.72222	0.52404	0.454
0.16667	0.16667	0.15789
0.10526	0.03228	0.03703
0.13187	0.1014	0.10095
0.3587	0.2714	0.22526
0.2963	0.28635	0.26
0.125	0.06252	0.01937
0.21429	0.11616	0.06528
0.0	0.0	0.0
0.04225	0.01863	0.0
0.09589	0.05304	0.03602
0.0	0.0	0.0
0.0	0.0	0.0
0.09353	0.08099	0.07211
0.2963	0.09737	0.05733
0.09859	0.04772	0.0315
0.06593	0.06593	0.0678
0.30357	0.20854	0.17791
0.02273	0.02273	0.01818
0.0	0.0	0.0
0.1	0.07236	0.09064
0.0	0.0	0.0
0.0	0.0	0.0
0.04545	0.0176	0.02088
0.25	0.15836	0.1577
0.01282	0.01282	0.0
0.0625	0.0625	0.06
0.0	0.0	0.0
0.09836	0.07669	0.07877
0.0	0.0	0.0
0.13158	0.08574	0.09817
0.0	0.0	0.0
0.05195	0.02934	0.02222
0.12346	0.05538	0.06876
0.0	0.0	0.0
0.1453	0.08356	0.09149
0.01724	0.00222	0.00379
0.08	0.05292	0.05487
0.06667	0.02294	0.02748
0.0	0.0	0.0
0.16438	0.12685	0.09453
0.0	0.0	0.0
0.33613	0.25345	0.23218
0.0	0.0	0.0
0.24615	0.23425	0.21053
0.37778	0.23656	0.19583
0.02532	0.01103	0.02174
0.0	0.0	0.0
0.0	0.0	0.0
0.125	0.07332	0.06454
0.03191	0.01338	0.01981
0.0	0.0	0.0
0.0	0.0	0.0
0.3	0.17477	0.17128
0.26471	0.15943	0.13141
0.01471	0.00285	0.0
0.0	0.0	0.0
0.0	0.0	0.0
0.0	0.0	0.0
0.0	0.0	0.0
0.0	0.0	0.0
0.0	0.0	0.0
0.52239	0.29042	0.21835
0.21875	0.13711	0.0992
0.0	0.0	0.0
0.13462	0.13462	0.1
0.10959	0.05658	0.06234
0.08791	0.02908	0.02134
0.29091	0.15838	0.1647
0.0	0.0	0.0
0.0	0.0	0.0
0.06154	0.06154	0.05263
0.11429	0.06269	0.07161
0.0	0.0	0.0
0.0	0.0	0.0
0.10256	0.08244	0.07901
0.12139	0.09175	0.07904
0.03704	0.03704	0.04167
0.16176	0.09775	0.05457
0.16	0.16	0.15217
0.29231	0.17471	0.125
0.0	0.0	0.0
0.0	0.0	0.0
0.0	0.0	0.0
0.04348	0.01684	0.00577
0.06667	0.05376	0.01488
0.0	0.0	0.0
0.26316	0.18167	0.16955
0.12727	0.12727	0.08571
0.24038	0.21683	0.20717
0.31148	0.266	0.2197
0.0	0.0	0.0
0.0	0.0	0.0
0.08929	0.08929	0.08571
0.11111	0.0932	0.09006
0.09756	0.07528	0.05873
0.13415	0.10505	0.08822
0.27632	0.14392	0.11879
0.0	0.0	0.0
0.0	0.0	0.0
0.0	0.0	0.0
0.00667	0.00151	0.0
0.0	0.0	0.0
0.0	0.0	0.0
0.35366	0.29388	0.28912
0.24194	0.16184	0.14967
0.09396	0.08249	0.08046
0.04396	0.04396	0.03774
0.36842	0.33035	0.29154
0.30882	0.25666	0.23023
0.0	0.0	0.0
0.12162	0.09372	0.08029
0.04615	0.02928	0.02376
0.06818	0.04362	0.03517
0.0	0.0	0.0
0.0	0.0	0.0
0.33766	0.32635	0.26087
0.11034	0.06652	0.05835
0.01869	0.01869	0.01538
0.12791	0.12791	0.11538
0.12903	0.09834	0.10462
0.33981	0.23459	0.19408
0.07692	0.06576	0.0625
0.17442	0.10317	0.09557
0.11679	0.11679	0.09756
0.0	0.0	0.0
0.12048	0.12048	0.10476
0.08421	0.08421	0.08929
0.15909	0.09459	0.11042
0.0	0.0	0.0
0.08197	0.08197	0.08333
0.0625	0.02622	0.027
0.0	0.0	0.0
0.0	0.0	0.0
0.0	0.0	0.0
0.1811	0.15748	0.1405
0.0	0.0	0.0
0.12766	0.12766	0.13333
0.0	0.0	0.0
0.41667	0.2319	0.17857
0.00709	0.00709	0.01163
0.04396	0.03368	0.03704
0.02222	0.02222	0.01961
0.05319	0.03261	0.0283
0.29091	0.25982	0.21212
0.01786	0.00116	0.0
0.33673	0.18239	0.153
0.09091	0.09091	0.08696
0.0	0.0	0.0
0.0	0.0	0.0
0.0	0.0	0.0
0.0	0.0	0.0
0.09259	0.09259	0.06061
0.14894	0.06041	0.06071
0.20253	0.20253	0.19149
0.0	0.0	0.0
0.15789	0.08207	0.0743
0.15517	0.15517	0.16216
0.13415	0.07791	0.05648
0.01429	0.00369	0.0
0.05882	0.05882	0.05479
0.69912	0.47081	0.38372
0.09259	0.05107	0.04396
0.0	0.0	0.0
0.15714	0.13134	0.1393
0.0411	0.0411	0.04082
0.0119	0.00077	0.0
0.13043	0.09537	0.09498
0.01562	0.00505	0.0
0.09259	0.09259	0.05882
0.0	0.0	0.0
0.17391	0.11688	0.12331
0.01613	0.00105	0.0
0.04225	0.04225	0.04545
0.54054	0.24943	0.15709
0.04494	0.01704	0.01936
0.01333	0.00087	0.00144
0.0	0.0	0.0
0.0	0.0	0.0
0.13462	0.13462	0.12903
0.12857	0.12857	0.11364
0.05208	0.05208	0.05172
0.18321	0.18321	0.16456
0.27119	0.27119	0.28571
0.1	0.1	0.08824
0.1875	0.16935	0.13793
0.20635	0.17922	0.15163
0.06422	0.03552	0.03836
0.0	0.0	0.0
0.0	0.0	0.0
0.06931	0.06931	0.06667
0.25862	0.23749	0.22671
0.04938	0.04938	0.04167
0.3	0.1726	0.20393
0.0	0.0	0.0
0.01449	0.00328	0.0
0.17742	0.08068	0.06453
0.03797	0.03797	0.02128
0.05556	0.05556	0.04839
0.07143	0.07143	0.06122
0.325	0.24599	0.21415
0.20879	0.09965	0.07135
0.0	0.0	0.0
0.21212	0.1305	0.11052
0.05797	0.03741	0.03188
0.23404	0.19677	0.18647
0.17647	0.13282	0.14943
0.25	0.22819	0.23407
0.03077	0.01786	0.0
0.0	0.0	0.0
0.19	0.11616	0.12152
0.23485	0.15617	0.13851
0.0	0.0	0.0
0.13187	0.09607	0.10164
0.02941	0.01707	0.0
0.1875	0.1875	0.17949
0.03509	0.02547	0.0
0.0	0.0	0.0
0.08571	0.07741	0.10043
0.15517	0.15517	0.15714
0.12752	0.12492	0.10864
0.03226	0.01977	0.02778
0.02857	0.02857	0.02326
0.06593	0.06593	0.07273
0.05714	0.02428	0.01957
0.05128	0.03103	0.02041
0.02985	0.01276	0.01712
0.0	0.0	0.0
0.26984	0.14186	0.10921
0.0	0.0	0.0
0.0	0.0	0.0
0.06931	0.0626	0.05448
0.07778	0.05663	0.04839
0.0	0.0	0.0
0.0	0.0	0.0
0.27273	0.27273	0.2
0.0	0.0	0.0
0.0	0.0	0.0
0.0	0.0	0.0
0.10909	0.09384	0.08797
0.60976	0.40245	0.33398
0.0	0.0	0.0
0.0	0.0	0.0
0.54167	0.26617	0.23761
0.3617	0.23613	0.20669
0.08451	0.08451	0.075
0.43662	0.33421	0.30779
0.0	0.0	0.0
0.0	0.0	0.0
0.01775	0.00286	0.00255
0.0	0.0	0.0
0.17308	0.17308	0.20588
0.03846	0.03846	0.03226
0.0	0.0	0.0
0.06593	0.039	0.03774
0.0	0.0	0.0
0.04878	0.04878	0.05195
0.0	0.0	0.0
0.61111	0.36985	0.33915
0.18571	0.14839	0.14028
0.37255	0.23722	0.22078
0.02419	0.01275	0.00735
0.08974	0.04177	0.04502
0.0	0.0	0.0
0.0	0.0	0.0
0.11864	0.07518	0.07468
0.07759	0.04922	0.03725
0.00775	0.002	0.00311
0.12245	0.04873	0.02367
0.1828	0.12835	0.08774
0.02899	0.02291	0.02299
0.0	0.0	0.0
0.0	0.0	0.0
0.07097	0.05203	0.04838
0.11304	0.07771	0.07027
0.0	0.0	0.0
0.0	0.0	0.0
0.0	0.0	0.0
0.0	0.0	0.0
0.0	0.0	0.0
0.03497	0.02436	0.02626
0.0	0.0	0.0
0.09091	0.07186	0.07692
0.41414	0.30077	0.24195
0.19048	0.09987	0.0977
0.37313	0.21088	0.17057
0.17647	0.13237	0.15895
0.02083	0.02083	0.01724
0.0625	0.05696	0.03585
0.15909	0.09917	0.09052
0.05376	0.05376	0.05085
0.0	0.0	0.0
0.01449	0.00468	0.00769
0.0404	0.01076	0.01019
0.12222	0.12222	0.10909
0.0177	0.01171	0.00468
0.0	0.0	0.0
0.07143	0.02811	0.01654
0.0	0.0	0.0
0.0122	0.00157	0.00258
0.22857	0.17698	0.14958
0.16901	0.13221	0.11779
0.03261	0.01718	0.00717
0.07792	0.07792	0.06818
0.275	0.17741	0.13918
0.2	0.09625	0.10125
0.0119	0.0119	0.0
0.06122	0.04214	0.04517
0.0	0.0	0.0
0.08772	0.04954	0.04431
0.30714	0.20163	0.19171
0.18667	0.16689	0.1554
0.03731	0.03274	0.04081
0.25301	0.25301	0.23529
0.02685	0.02685	0.02198
0.1375	0.1375	0.125
0.11392	0.10291	0.09645
0.14966	0.12333	0.11925
0.03333	0.01398	0.00235
0.19149	0.15511	0.11589
0.01852	0.00687	0.00818
0.0	0.0	0.0
0.0	0.0	0.0
0.0	0.0	0.0
0.07792	0.02766	0.033
0.35878	0.23913	0.22215
0.0	0.0	0.0
0.06579	0.0365	0.03085
0.0	0.0	0.0
0.3	0.15738	0.15645
0.0	0.0	0.0
0.02239	0.01685	0.01498
0.12403	0.08653	0.08208
0.00602	0.00195	0.00311
0.10256	0.04882	0.04589
0.08824	0.0695	0.06412
0.0	0.0	0.0
0.0	0.0	0.0
0.07527	0.04823	0.034
0.0	0.0	0.0
0.01136	0.00257	0.0
0.04054	0.0292	0.02222
0.05833	0.05134	0.04545
0.23333	0.23333	0.2
0.15789	0.06423	0.03742
0.03175	0.0251	0.0157
0.12389	0.07396	0.0809
0.0202	0.01206	0.01667
0.00885	0.00885	0.01449
0.03472	0.02038	0.02063
0.21831	0.1897	0.17133
0.04301	0.04301	0.03509
0.10476	0.05746	0.04488
0.12308	0.08786	0.0613
0.0	0.0	0.0
0.09195	0.04228	0.04302
0.0	0.0	0.0
0.03448	0.03448	0.02857
0.22857	0.22443	0.20738
0.0	0.0	0.0
0.19643	0.19643	0.16418
0.0	0.0	0.0
0.15152	0.0577	0.06615
0.0	0.0	0.0
0.10843	0.10143	0.10625
0.09756	0.0604	0.04969
0.0	0.0	0.0
0.02985	0.0231	0.01855
0.16514	0.16514	0.13636
0.02	0.02	0.01087
0.02308	0.01638	0.01282
0.0	0.0	0.0
0.0	0.0	0.0
0.07812	0.06755	0.05459
0.13415	0.13415	0.12
0.0	0.0	0.0
0.06723	0.04013	0.04747
0.01869	0.01357	0.01538
0.0	0.0	0.0
0.0	0.0	0.0
0.0	0.0	0.0
0.18333	0.08658	0.04221
0.10909	0.09062	0.08397
0.47458	0.21492	0.20143
0.08333	0.03603	0.00713
0.10185	0.09498	0.10769
0.18182	0.18182	0.17073
0.09783	0.0554	0.04416
0.0411	0.02829	0.02222
0.27778	0.17087	0.12639
0.15556	0.08423	0.09104
0.0	0.0	0.0
0.06481	0.06481	0.05747
0.12598	0.11126	0.11688
0.0	0.0	0.0
0.03738	0.02292	0.01613
0.0	0.0	0.0
0.04724	0.03835	0.03348
0.0	0.0	0.0
0.29204	0.1456	0.15191
0.01695	0.01695	0.01408
0.05	0.01936	0.0
0.35616	0.31597	0.2986
0.02326	0.01613	0.01961
0.19774	0.19355	0.18812
0.0	0.0	0.0
0.09146	0.08045	0.08333
0.09091	0.05515	0.06083
0.06349	0.06349	0.05405
0.0473	0.02855	0.02174
0.0	0.0	0.0
0.11765	0.06225	0.0846
0.07071	0.07071	0.06667
0.14783	0.07323	0.05871
0.06494	0.02264	0.02437
0.08451	0.0409	0.03751
0.22131	0.14624	0.13464
0.0	0.0	0.0
0.13605	0.13605	0.125
0.06557	0.0291	0.045
0.32653	0.32653	0.32203
0.0	0.0	0.0
0.27848	0.22744	0.21755
0.06034	0.03393	0.03367
0.04615	0.03574	0.02381
0.01105	0.01105	0.00885
0.05405	0.02049	0.02381
0.0	0.0	0.0
0.25926	0.1264	0.11517
0.08571	0.03533	0.04134
0.06796	0.05355	0.04839
0.03731	0.02696	0.01832
0.08861	0.08861	0.08333
0.02174	0.00807	0.01209
0.12879	0.07919	0.04371
0.49123	0.45842	0.3925
0.05738	0.04654	0.05754
0.0	0.0	0.0
0.12037	0.12037	0.10294
0.0	0.0	0.0
0.05208	0.05208	0.05172
0.0	0.0	0.0
0.0	0.0	0.0
0.0	0.0	0.0
0.0	0.0	0.0
0.0678	0.02463	0.03966
0.00935	0.00211	0.0
0.10135	0.10135	0.08696
0.16346	0.15633	0.14286
0.06522	0.04489	0.03435
0.09302	0.06453	0.06577
0.28994	0.28994	0.26214
0.03472	0.02509	0.01669
0.06832	0.0497	0.04492
0.01869	0.01869	0.01515
0.14286	0.14286	0.13514
0.0339	0.02816	0.01812
0.14599	0.11209	0.09981
0.0177	0.00514	0.00455
0.0	0.0	0.0
0.0	0.0	0.0
0.05172	0.04366	0.03077
0.0	0.0	0.0
0.16867	0.11272	0.10423
0.0	0.0	0.0
0.0	0.0	0.0
0.01786	0.01402	0.01383
0.00613	0.00119	0.00202
0.0	0.0	0.0
0.02564	0.01447	0.01008
0.29231	0.25509	0.29033
0.04054	0.02965	0.02777
0.18812	0.18812	0.15625
0.37037	0.35962	0.33333
0.40411	0.37119	0.33924
0.0	0.0	0.0
0.0	0.0	0.0
0.25714	0.19571	0.17742
0.04464	0.0291	0.02908
0.01754	0.00227	0.0
0.0625	0.02873	0.05666
0.0	0.0	0.0
0.1954	0.13054	0.12719
0.0	0.0	0.0
0.04706	0.04706	0.03704
0.08075	0.08075	0.08163
0.19608	0.14834	0.16898
0.04098	0.04098	0.0411
0.09524	0.06862	0.06105
0.07843	0.04428	0.05236
0.07345	0.0647	0.06538
0.09756	0.09756	0.11111
0.01389	0.00314	0.0
0.0	0.0	0.0
0.0	0.0	0.0
0.0	0.0	0.0
0.0	0.0	0.0
0.08571	0.07373	0.04878
0.09459	0.03795	0.03228
0.0	0.0	0.0
0.0	0.0	0.0
0.0	0.0	0.0
0.0241	0.0241	0.02128
0.05442	0.02809	0.02999
0.0	0.0	0.0
0.0	0.0	0.0
0.0	0.0	0.0
0.01961	0.00443	0.0
0.0	0.0	0.0
0.0	0.0	0.0
0.03947	0.01826	0.02892
0.0	0.0	0.0
0.0	0.0	0.0
0.0	0.0	0.0
0.0	0.0	0.0
0.0	0.0	0.0
0.0	0.0	0.0
0.09434	0.03409	0.04474
0.0	0.0	0.0
0.26667	0.26667	0.24138
0.13889	0.13889	0.11538
0.07576	0.03617	0.02895
0.0	0.0	0.0
0.10145	0.07528	0.04589
0.0	0.0	0.0
0.11765	0.14194	0.15217
0.0	0.0	0.0
0.0	0.0	0.0
0.09259	0.09259	0.05882
0.0	0.0	0.0
0.0	0.0	0.0
0.0	0.0	0.0
0.14035	0.14035	0.11111
0.0	0.0	0.0
0.02	0.02	0.03125
0.0	0.0	0.0
0.0	0.0	0.0
0.0	0.0	0.0
0.0	0.0	0.0
0.0	0.0	0.0
0.0	0.0	0.0
0.0	0.0	0.0
0.05495	0.04609	0.03671
0.0	0.0	0.0
0.0	0.0	0.0
0.04211	0.02513	0.02287
0.02353	0.01253	0.01887
0.0119	0.00269	0.0
0.18868	0.11626	0.13912
0.0	0.0	0.0
0.0	0.0	0.0
0.0	0.0	0.0
0.05618	0.02321	0.01802
0.0	0.0	0.0
0.0	0.0	0.0
0.0	0.0	0.0
0.07059	0.07059	0.06
0.1405	0.1405	0.13514
0.01149	0.01149	0.01852
0.08824	0.08001	0.0678
0.0	0.0	0.0
0.0	0.0	0.0
0.0	0.0	0.0
0.01389	0.00179	0.0028
0.0	0.0	0.0
0.0	0.0	0.0
0.0	0.0	0.0
0.0	0.0	0.0
0.0	0.0	0.0
0.0	0.0	0.0
0.0	0.0	0.0
0.13761	0.13761	0.11765
0.0	0.0	0.0
0.0	0.0	0.0
0.0	0.0	0.0
0.11667	0.08065	0.05046
0.17105	0.17105	0.17021
0.21212	0.13589	0.10724
0.0	0.0	0.0
0.0	0.0	0.0
0.0	0.0	0.0
0.0	0.0	0.0
0.0	0.0	0.0
0.0	0.0	0.0
0.23171	0.10662	0.08871
0.12676	0.07589	0.08529
0.0	0.0	0.0
0.0	0.0	0.0
0.02439	0.01311	0.0084
0.0	0.0	0.0
0.0	0.0	0.0
0.0	0.0	0.0
0.0	0.0	0.0
0.0	0.0	0.0
0.0	0.0	0.0
0.31579	0.28693	0.27374
0.0	0.0	0.0
0.0	0.0	0.0
0.0	0.0	0.0
0.07042	0.0577	0.07128
0.15464	0.15464	0.12903
0.0	0.0	0.0
0.0	0.0	0.0
0.0	0.0	0.0
0.0	0.0	0.0
0.0	0.0	0.0
0.0	0.0	0.0
0.2375	0.13349	0.14947
0.04444	0.02581	0.02405
0.0	0.0	0.0
0.0	0.0	0.0
0.0	0.0	0.0
0.0	0.0	0.0
0.0	0.0	0.0
0.0	0.0	0.0
0.0	0.0	0.0
0.19643	0.12099	0.1519
0.13953	0.07877	0.07815
0.0	0.0	0.0
0.0	0.0	0.0
0.0	0.0	0.0
0.04598	0.01002	0.01175
0.0	0.0	0.0
0.0	0.0	0.0
0.0	0.0	0.0
0.0	0.0	0.0
0.0	0.0	0.0
0.14815	0.14815	0.125
0.0	0.0	0.0
0.11321	0.04628	0.02739
0.02899	0.00655	0.0
0.0	0.0	0.0
0.07792	0.06661	0.0453
0.02899	0.01636	0.02822
0.0	0.0	0.0
0.0	0.0	0.0
0.0	0.0	0.0
0.05455	0.04135	0.03131
0.06452	0.06452	0.06757
0.13953	0.13953	0.12727
0.09091	0.04694	0.05191
0.0	0.0	0.0
0.0	0.0	0.0
0.13462	0.13462	0.125
0.11024	0.09043	0.06745
0.04167	0.02957	0.04545
0.0	0.0	0.0
0.0	0.0	0.0
0.02857	0.0106	0.01245
0.0	0.0	0.0
0.0	0.0	0.0
0.0	0.0	0.0
0.0	0.0	0.0
0.01408	0.00318	0.0
0.0	0.0	0.0
0.03306	0.012	0.00436
0.48333	0.3011	0.22411
0.0	0.0	0.0
0.0	0.0	0.0
0.0	0.0	0.0
0.0	0.0	0.0
0.0	0.0	0.0
0.0	0.0	0.0
0.72727	0.41745	0.34355
0.0	0.0	0.0
0.0	0.0	0.0
0.0	0.0	0.0
0.0	0.0	0.0
0.0	0.0	0.0
0.0297	0.023	0.02134
0.0	0.0	0.0
0.0	0.0	0.0
0.0	0.0	0.0
0.00962	0.00062	0.0
0.11392	0.07227	0.06584
0.0	0.0	0.0
0.05833	0.02581	0.00628
0.08511	0.04943	0.04896
0.0	0.0	0.0
0.13158	0.07811	0.06145
0.07143	0.07143	0.07547
0.11111	0.0914	0.07528
0.13978	0.13978	0.12727
0.0	0.0	0.0
0.20455	0.20455	0.21154
0.04717	0.02647	0.0366
0.0	0.0	0.0
0.0	0.0	0.0
0.03125	0.02243	0.02082
0.0	0.0	0.0
0.0	0.0	0.0
0.0	0.0	0.0
0.01266	0.01266	0.02
0.0	0.0	0.0
0.0	0.0	0.0
0.0625	0.0269	0.03448
0.0	0.0	0.0
0.0	0.0	0.0
0.0	0.0	0.0
0.0	0.0	0.0
0.0	0.0	0.0
0.0	0.0	0.0
0.0	0.0	0.0
0.0	0.0	0.0
0.28395	0.11794	0.11392
0.11881	0.10252	0.06821
0.21101	0.21101	0.2
0.00667	0.00043	0.00075
0.0	0.0	0.0
0.0	0.0	0.0
0.0	0.0	0.0
0.0	0.0	0.0
0.0	0.0	0.0
0.0	0.0	0.0
0.24038	0.19851	0.19255
0.0	0.0	0.0
0.0	0.0	0.0
0.0	0.0	0.0
0.0	0.0	0.0
0.05155	0.03326	0.03571
0.0	0.0	0.0
0.0	0.0	0.0
0.0	0.0	0.0
0.14815	0.08961	0.0997
0.0	0.0	0.0
0.0	0.0	0.0
0.0	0.0	0.0
0.0	0.0	0.0
0.04444	0.02724	0.0023
0.0	0.0	0.0
0.0614	0.03622	0.03693
0.04	0.04	0.03571
0.075	0.06532	0.0625
0.0	0.0	0.0
0.0	0.0	0.0
0.04878	0.04878	0.05882
0.0	0.0	0.0
0.0	0.0	0.0
0.0	0.0	0.0
0.52941	0.33971	0.32987
0.0	0.0	0.0
0.0	0.0	0.0
0.15686	0.06645	0.11833
0.0	0.0	0.0
0.0	0.0	0.0
0.0	0.0	0.0
0.0	0.0	0.0
0.05512	0.03354	0.03012
0.0	0.0	0.0
0.0	0.0	0.0
0.04301	0.04301	0.04918
0.10857	0.10857	0.1028
0.07087	0.07087	0.06329
0.0	0.0	0.0
0.08621	0.04116	0.03942
0.0	0.0	0.0
0.0	0.0	0.0
0.0	0.0	0.0
0.08889	0.05449	0.05007
0.0	0.0	0.0
0.0	0.0	0.0
0.28704	0.22285	0.22062
0.09615	0.09615	0.08824
0.1	0.1	0.08511
0.25397	0.20278	0.18505
0.0	0.0	0.0
0.0	0.0	0.0
0.0	0.0	0.0
0.0	0.0	0.0
0.03093	0.02927	0.03333
0.04225	0.02045	0.00573
0.0	0.0	0.0
0.02941	0.00191	0.0031
0.0	0.0	0.0
0.04286	0.01706	0.02381
0.0	0.0	0.0
0.0	0.0	0.0
0.0	0.0	0.0
0.19149	0.16473	0.16304
0.0	0.0	0.0
0.13636	0.07151	0.09798
0.0	0.0	0.0
0.0	0.0	0.0
0.14667	0.14667	0.12766
0.0	0.0	0.0
0.02105	0.01222	0.01852
0.0	0.0	0.0
0.0	0.0	0.0
0.2381	0.17167	0.16855
0.0	0.0	0.0
0.0	0.0	0.0
0.0	0.0	0.0
0.0	0.0	0.0
0.0	0.0	0.0
0.0	0.0	0.0
0.0	0.0	0.0
0.0	0.0	0.0
0.0	0.0	0.0
0.07792	0.07101	0.07473
0.07576	0.04302	0.07949
0.0	0.0	0.0
0.31579	0.31579	0.25
0.08861	0.07432	0.05242
0.0	0.0	0.0
0.0	0.0	0.0
0.0	0.0	0.0
0.0	0.0	0.0
0.40351	0.40351	0.35294
0.0	0.0	0.0
0.18519	0.07944	0.08719
0.0	0.0	0.0
0.0	0.0	0.0
0.13415	0.10426	0.04904
0.0	0.0	0.0
0.0	0.0	0.0
0.0	0.0	0.0
0.14286	0.12802	0.1444
0.0	0.0	0.0
0.08537	0.05193	0.04064
0.0	0.0	0.0
0.0	0.0	0.0
0.0	0.0	0.0
0.11392	0.07024	0.10437
0.0	0.0	0.0
0.02857	0.00492	0.00107
0.18681	0.16626	0.16304
0.0	0.0	0.0
0.0687	0.05836	0.06451
0.0	0.0	0.0
0.0	0.0	0.0
0.0	0.0	0.0
0.0	0.0	0.0
0.05797	0.01778	0.02017
0.0	0.0	0.0
0.0	0.0	0.0
0.0	0.0	0.0
0.07843	0.0468	0.03333
0.28049	0.20772	0.17078
0.0	0.0	0.0
0.0	0.0	0.0
0.0	0.0	0.0
0.28571	0.15848	0.16823
0.0	0.0	0.0
0.0	0.0	0.0
0.05495	0.03262	0.02756
0.21951	0.11529	0.12307
0.15596	0.11337	0.09884
0.0	0.0	0.0
0.0	0.0	0.0
0.0	0.0	0.0
0.04478	0.03322	0.05128
0.47273	0.32524	0.2486
0.0	0.0	0.0
0.11667	0.10108	0.10697
0.0	0.0	0.0
0.0	0.0	0.0
0.20755	0.1187	0.16035
0.04762	0.03687	0.01672
0.22059	0.17647	0.13979
0.0	0.0	0.0
0.0	0.0	0.0
0.0	0.0	0.0
0.0	0.0	0.0
0.0	0.0	0.0
0.07812	0.05041	0.02878
0.0	0.0	0.0
0.06024	0.04353	0.0459
0.0	0.0	0.0
0.0	0.0	0.0
0.06383	0.04598	0.03571
0.0	0.0	0.0
0.0	0.0	0.0
0.0	0.0	0.0
0.0	0.0	0.0
0.03191	0.01681	0.02391
0.0	0.0	0.0
0.0	0.0	0.0
0.0	0.0	0.0
0.0	0.0	0.0
0.0	0.0	0.0
0.05634	0.02815	0.04545
0.0	0.0	0.0
0.0	0.0	0.0
0.0	0.0	0.0
0.0	0.0	0.0
0.0	0.0	0.0
0.0	0.0	0.0
0.0	0.0	0.0
0.18367	0.12508	0.13014
0.0	0.0	0.0
0.0	0.0	0.0
0.04854	0.01441	0.01505
0.19737	0.14472	0.14046
0.0	0.0	0.0
0.04348	0.03132	0.02995
0.0	0.0	0.0
0.02632	0.01868	0.01613
0.39726	0.35263	0.30171
0.0	0.0	0.0
0.04167	0.03047	0.02439
0.04545	0.02597	0.02198
0.1375	0.07056	0.08427
0.01504	0.01334	0.0122
0.0	0.0	0.0
0.03409	0.0308	0.01315
0.0	0.0	0.0
0.0	0.0	0.0
0.05263	0.02209	0.00191
0.0	0.0	0.0
0.11667	0.10322	0.05997
0.05185	0.05185	0.04938
0.0	0.0	0.0
0.2	0.2	0.19149
0.0	0.0	0.0
0.0	0.0	0.0
0.03175	0.03175	0.0
0.10811	0.07557	0.07163
0.18889	0.15378	0.13414
0.02273	0.02273	0.01887
0.0	0.0	0.0
0.0283	0.02192	0.0183
0.0	0.0	0.0
0.0	0.0	0.0
0.26531	0.18435	0.14518
0.0	0.0	0.0
0.17857	0.17857	0.16667
0.0	0.0	0.0
0.1844	0.1844	0.16471
0.0	0.0	0.0
0.21	0.15161	0.10736
0.0	0.0	0.0
0.0	0.0	0.0
0.0	0.0	0.0
0.0	0.0	0.0
0.21875	0.13814	0.11452
0.0	0.0	0.0
0.16384	0.07948	0.07609
0.05195	0.02095	0.02827
0.01439	0.01021	0.00517
0.01389	0.00269	0.0
0.0	0.0	0.0
0.14062	0.10637	0.09466
0.0	0.0	0.0
0.0678	0.05195	0.05714
0.08696	0.08696	0.07143
0.0	0.0	0.0
0.0	0.0	0.0
0.0	0.0	0.0
0.0989	0.0989	0.08929
0.38824	0.29184	0.3296
0.19767	0.12943	0.12542
0.10577	0.10577	0.1
0.08955	0.06837	0.06121
0.23377	0.19439	0.18051
0.04286	0.00647	0.00144
0.0	0.0	0.0
0.0	0.0	0.0
0.0	0.0	0.0
0.00637	0.00103	0.0
0.04938	0.04938	0.04
0.21429	0.21429	0.19149
0.26087	0.26087	0.32143
0.0	0.0	0.0
0.13333	0.07957	0.06411
0.0	0.0	0.0
0.07778	0.02833	0.03971
0.0	0.0	0.0
0.17391	0.13465	0.13539
0.0	0.0	0.0
0.0989	0.06382	0.05338
0.0	0.0	0.0
0.0	0.0	0.0
0.29293	0.29099	0.26954
0.20635	0.11673	0.07728
0.0	0.0	0.0
0.21552	0.10847	0.07367
0.0	0.0	0.0
0.0	0.0	0.0
0.03846	0.03846	0.0463
0.03571	0.03571	0.0566
0.0	0.0	0.0
0.09701	0.09004	0.09091
0.17273	0.1044	0.0886
0.05882	0.0334	0.04719
0.01325	0.00833	0.0143
0.08	0.07528	0.07384
0.14851	0.1335	0.13424
0.0915	0.0915	0.08696
0.0	0.0	0.0
0.0463	0.03823	0.03226
0.02667	0.0086	0.00911
0.08917	0.06555	0.0707
0.09259	0.04719	0.06453
0.03448	0.01057	0.01383
0.0	0.0	0.0
0.0	0.0	0.0
0.0	0.0	0.0
0.00725	0.00093	0.00148
0.0	0.0	0.0
0.0	0.0	0.0
0.0	0.0	0.0
0.0	0.0	0.0
0.10417	0.10417	0.1
0.0	0.0	0.0
0.33333	0.23207	0.1885
0.0	0.0	0.0
0.0	0.0	0.0
0.0	0.0	0.0
0.0	0.0	0.0
0.06897	0.03314	0.03818
0.0	0.0	0.0
0.0	0.0	0.0
0.0	0.0	0.0
0.2037	0.11707	0.10441
0.0	0.0	0.0
0.0	0.0	0.0
0.0	0.0	0.0
0.0	0.0	0.0
0.05096	0.03473	0.03395
0.02899	0.01029	0.01253
0.0	0.0	0.0
0.0	0.0	0.0
0.02062	0.02062	0.01724
0.0	0.0	0.0
0.0	0.0	0.0
0.0	0.0	0.0
0.0	0.0	0.0
0.13043	0.11711	0.12544
0.0	0.0	0.0
0.07534	0.07534	0.06742
0.0	0.0	0.0
0.0	0.0	0.0
0.0	0.0	0.0
0.0	0.0	0.0
0.0	0.0	0.0
0.0	0.0	0.0
0.0	0.0	0.0
0.0	0.0	0.0
0.02222	0.02222	0.01818
0.0	0.0	0.0
0.2	0.17757	0.19311
0.02857	0.01751	0.02326
0.02778	0.02031	0.01538
0.0	0.0	0.0
0.0	0.0	0.0
0.0	0.0	0.0
0.0	0.0	0.0
0.0	0.0	0.0
0.0	0.0	0.0
0.0	0.0	0.0
0.05	0.05	0.05769
0.05833	0.05833	0.06579
0.0	0.0	0.0
0.07059	0.07059	0.07692
0.0	0.0	0.0
0.0	0.0	0.0
0.2233	0.13282	0.12322
0.16495	0.15132	0.13908
0.0	0.0	0.0
0.0	0.0	0.0
0.075	0.07036	0.07406
0.0	0.0	0.0
0.0	0.0	0.0
0.07895	0.05305	0.02454
0.0	0.0	0.0
0.10843	0.07541	0.04344
0.0	0.0	0.0
0.0	0.0	0.0
0.0	0.0	0.0
0.0	0.0	0.0
0.0	0.0	0.0
0.0	0.0	0.0
0.07303	0.07303	0.07477
0.0	0.0	0.0
0.0	0.0	0.0
0.0	0.0	0.0
0.0	0.0	0.0
0.0	0.0	0.0
0.0	0.0	0.0
0.0	0.0	0.0
0.0	0.0	0.0
0.0	0.0	0.0
0.0	0.0	0.0
0.0	0.0	0.0
0.26582	0.18622	0.18688
0.0	0.0	0.0
0.0	0.0	0.0
0.0	0.0	0.0
0.0	0.0	0.0
0.0	0.0	0.0
0.0	0.0	0.0
0.0	0.0	0.0
0.0	0.0	0.0
0.0	0.0	0.0
0.0	0.0	0.0
0.0	0.0	0.0
0.0	0.0	0.0
0.0	0.0	0.0
0.0	0.0	0.0
0.04396	0.01737	0.00359
0.15079	0.15079	0.1375
0.0	0.0	0.0
0.04054	0.0218	0.02465
0.00862	0.00862	0.01408
0.15625	0.15625	0.14754
0.0	0.0	0.0
0.0	0.0	0.0
0.0	0.0	0.0
0.08889	0.05413	0.0265
0.24219	0.2107	0.18998
0.0	0.0	0.0
0.0	0.0	0.0
0.0	0.0	0.0
0.02381	0.02381	0.0137
0.0	0.0	0.0
0.0	0.0	0.0
0.0	0.0	0.0
0.12121	0.0831	0.08954
0.0	0.0	0.0
0.23256	0.21505	0.22856
0.11207	0.08344	0.07574
0.0404	0.0202	0.01667
0.0	0.0	0.0
0.0	0.0	0.0
0.2459	0.2459	0.22222
0.0	0.0	0.0
0.0	0.0	0.0
0.0	0.0	0.0
0.0	0.0	0.0
0.0	0.0	0.0
0.0	0.0	0.0
0.0	0.0	0.0
0.02062	0.01098	0.01775
0.0	0.0	0.0
0.12598	0.12598	0.11688
0.0	0.0	0.0
0.0	0.0	0.0
0.0	0.0	0.0
0.0	0.0	0.0
0.0	0.0	0.0
0.0	0.0	0.0
0.0	0.0	0.0
0.0	0.0	0.0
0.0	0.0	0.0
0.0	0.0	0.0
0.01333	0.00279	0.0028
0.0	0.0	0.0
0.0	0.0	0.0
0.0	0.0	0.0
0.17204	0.06903	0.0764
0.0	0.0	0.0
0.08333	0.08333	0.06452
0.32727	0.23169	0.24012
0.47368	0.18339	0.16271
0.10938	0.06755	0.05295
0.0	0.0	0.0
0.0	0.0	0.0
0.06731	0.01986	0.01689
0.07955	0.03483	0.028
0.0	0.0	0.0
0.16867	0.11777	0.12145
0.0	0.0	0.0
0.0	0.0	0.0
0.0	0.0	0.0
0.69737	0.43895	0.34271
0.0	0.0	0.0
0.31325	0.22584	0.23825
0.24742	0.20887	0.22092
0.2973	0.2479	0.2243
0.27273	0.10658	0.07588
0.18987	0.18987	0.18
0.11475	0.11475	0.10811
0.08696	0.03367	0.03897
0.0	0.0	0.0
0.0	0.0	0.0
0.48649	0.37054	0.30017
0.13043	0.10612	0.09134
0.0	0.0	0.0
0.06593	0.05743	0.03704
0.0	0.0	0.0
0.11724	0.11724	0.10588
0.0	0.0	0.0
0.07955	0.07955	0.07143
0.01493	0.01493	0.0
0.21429	0.1757	0.15167
0.06061	0.04839	0.04878
0.10256	0.06287	0.05936
0.22807	0.18395	0.18182
0.0	0.0	0.0
0.0	0.0	0.0
0.11194	0.10857	0.10056
0.0	0.0	0.0
0.17742	0.16337	0.16667
0.1	0.05162	0.03333
0.0354	0.02797	0.04008
0.13043	0.058	0.06014
0.39773	0.19433	0.15763
0.49383	0.30194	0.32206
0.0	0.0	0.0
0.04762	0.03379	0.05603
0.05435	0.04593	0.03509
0.23404	0.19664	0.21429
0.0	0.0	0.0
0.12871	0.06165	0.04839
0.25	0.25	0.20339
0.68	0.47103	0.39606
0.0	0.0	0.0
0.04478	0.04478	0.02564
0.02817	0.02817	0.02381
0.03125	0.03125	0.02632
0.02679	0.01844	0.01449
0.15909	0.1305	0.11787
0.17647	0.11894	0.10647
0.33043	0.2104	0.20206
0.21348	0.21348	0.20755
0.08065	0.03903	0.04928
0.06349	0.06349	0.05263
0.01538	0.01538	0.02439
0.11268	0.04862	0.04071
0.35	0.21582	0.21488
0.25926	0.23465	0.20811
0.0	0.0	0.0
0.3	0.15	0.17919
0.04396	0.01915	0.02496
0.825	0.4242	0.46412
0.01786	0.01008	0.0
0.0	0.0	0.0
0.0	0.0	0.0
0.24561	0.17604	0.15055
0.0	0.0	0.0
0.0	0.0	0.0
0.02439	0.02439	0.04
0.14815	0.0938	0.04497
0.1194	0.07318	0.06048
0.02778	0.01016	0.02118
0.06944	0.04839	0.05018
0.12821	0.09347	0.10665
0.07895	0.03779	0.038
0.32075	0.25198	0.26197
0.20168	0.20168	0.18571
0.05714	0.05714	0.0
0.19277	0.18266	0.19608
0.04167	0.02756	0.03672
0.05941	0.04632	0.04072
0.06818	0.03153	0.02792
0.14865	0.14865	0.13043
0.12	0.04838	0.07527
0.09589	0.05304	0.03602
0.48077	0.40013	0.35584
0.06	0.04838	0.07803
0.0	0.0	0.0
0.13	0.06518	0.07797
0.20312	0.09931	0.09679
0.06931	0.06196	0.04918
0.00909	0.00909	0.0
0.0	0.0	0.0
0.2439	0.1676	0.16738
0.0	0.0	0.0
0.2	0.1142	0.11238
0.05785	0.0384	0.03271
0.19231	0.19231	0.17073
0.14286	0.06529	0.08685
0.07407	0.06731	0.05004
0.0	0.0	0.0
0.04396	0.03545	0.03636
0.01235	0.00757	0.01226
0.2	0.1244	0.13026
0.22857	0.16639	0.12445
0.0	0.0	0.0
0.0	0.0	0.0
0.0	0.0	0.0
0.13095	0.10446	0.08562
0.14035	0.14035	0.12121
0.09174	0.07576	0.06061
0.74	0.46716	0.41338
0.12	0.12	0.09677
0.14925	0.12375	0.1
0.2	0.11806	0.11827
0.03077	0.01886	0.02632
0.01942	0.00408	0.0
0.27068	0.14531	0.11938
0.22222	0.17563	0.17171
0.13889	0.11694	0.09524
0.22472	0.18557	0.18204
0.13402	0.07551	0.06176
0.1413	0.1413	0.14035
0.55556	0.35089	0.28615
0.24138	0.11736	0.09592
0.30657	0.17476	0.16572
0.10204	0.05302	0.04456
0.01515	0.01515	0.01205
0.11607	0.09793	0.07629
0.11594	0.0678	0.07154
0.1087	0.1087	0.08929
0.12	0.06108	0.03998
0.11047	0.05627	0.04839
0.09615	0.06887	0.077
0.0	0.0	0.0
0.0	0.0	0.0
0.15789	0.14261	0.16216
0.07812	0.0378	0.02971
0.4881	0.38675	0.37396
0.09259	0.07228	0.05962
0.08475	0.05141	0.0465
0.04545	0.03373	0.02381
0.06429	0.053	0.04819
0.19444	0.12397	0.11439
0.08696	0.05295	0.06897
0.0	0.0	0.0
0.0	0.0	0.0
0.08989	0.07321	0.05794
0.0	0.0	0.0
0.09821	0.05273	0.04489
0.0119	0.00077	0.0
0.0	0.0	0.0
0.13725	0.11829	0.1
0.16867	0.09329	0.09546
0.03614	0.01768	0.01246
0.32692	0.28195	0.23256
0.25641	0.25641	0.25532
0.07143	0.03986	0.02273
0.0	0.0	0.0
0.11607	0.02477	0.01376
0.06593	0.04184	0.04777
0.12632	0.08965	0.08886
0.18478	0.18478	0.16071
0.08411	0.08411	0.07937
0.06742	0.06742	0.03571
0.09836	0.07457	0.05177
0.41935	0.24718	0.23434
0.15957	0.14207	0.1147
0.22059	0.05315	0.03305
0.0	0.0	0.0
0.0	0.0	0.0
0.0	0.0	0.0
0.01681	0.00976	0.01429
0.05882	0.05882	0.05634
0.1	0.1	0.08824
0.08571	0.06407	0.04485
0.0	0.0	0.0
0.42857	0.39501	0.32146
0.16923	0.14143	0.16993
0.01961	0.00443	0.0
0.06897	0.05006	0.05049
0.09333	0.09333	0.08696
0.16	0.13936	0.09729
0.06931	0.04919	0.04102
0.056	0.03433	0.03805
0.0	0.0	0.0
0.10909	0.03755	0.03597
0.02899	0.02899	0.025
0.38462	0.33831	0.31542
0.06667	0.06667	0.05556
0.19355	0.06976	0.07402
0.0	0.0	0.0
0.1746	0.14849	0.13514
0.05263	0.02886	0.01691
0.0	0.0	0.0
0.27848	0.24459	0.18617
0.08911	0.07123	0.07018
0.0	0.0	0.0
0.09589	0.07512	0.07405
0.16667	0.16667	0.16981
0.07246	0.0311	0.0272
0.50725	0.281	0.18727
0.21277	0.16817	0.19475
0.10909	0.09325	0.06653
0.07317	0.04094	0.03733
0.04027	0.01538	0.02137
0.52	0.4168	0.35637
0.02985	0.02985	0.025
0.27536	0.11035	0.14212
0.16438	0.09503	0.09166
0.09278	0.09278	0.10909
0.0	0.0	0.0
0.0	0.0	0.0
0.0	0.0	0.0
0.15873	0.14594	0.10526
0.0	0.0	0.0
0.03846	0.03185	0.03029
0.16867	0.14616	0.10409
0.72222	0.41041	0.30003
0.08264	0.04852	0.04525
0.09091	0.04342	0.03871
0.43077	0.30123	0.28268
0.03158	0.02275	0.01754
0.09615	0.05337	0.07562
0.06364	0.03197	0.03037
0.37931	0.19302	0.17441
0.25316	0.25316	0.22917
0.0	0.0	0.0
0.17699	0.10735	0.08894
0.0	0.0	0.0
0.72727	0.40697	0.32267
0.0	0.0	0.0
0.13333	0.08333	0.11891
0.0	0.0	0.0
0.10784	0.08224	0.0699
0.10169	0.08693	0.08824
0.2243	0.16584	0.15272
0.03797	0.01511	0.00141
0.0	0.0	0.0
0.125	0.05041	0.04678
0.03226	0.03226	0.03571
0.24359	0.18612	0.1655
0.04167	0.01816	0.01805
0.05941	0.00927	0.00834
0.23288	0.23288	0.22222
0.27885	0.16721	0.14989
0.0	0.0	0.0
0.20513	0.12326	0.15462
0.04286	0.03134	0.02326
0.12821	0.08314	0.08604
0.1	0.04582	0.0355
0.25333	0.20345	0.18532
0.09091	0.03337	0.04506
0.20408	0.10733	0.09143
0.12587	0.11527	0.11081
0.09756	0.05389	0.05872
0.04255	0.01443	0.00224
0.07407	0.0257	0.02641
0.36994	0.3498	0.29932
0.07273	0.05573	0.06061
0.02941	0.02941	0.02326
0.2619	0.08605	0.08367
0.35955	0.30447	0.27098
0.0	0.0	0.0
0.40625	0.24245	0.20513
0.1	0.07259	0.03227
0.20833	0.10665	0.08139
0.0625	0.05343	0.03509
0.2069	0.09831	0.09206
0.05357	0.05357	0.0303
0.07317	0.05272	0.05493
0.32258	0.1811	0.20342
0.53488	0.32786	0.22704
0.30909	0.16016	0.15628
0.29412	0.26605	0.23883
0.22222	0.20466	0.19355
0.23913	0.08207	0.06868
0.10811	0.05814	0.04624
0.04511	0.0325	0.01654
0.0	0.0	0.0
0.0	0.0	0.0
0.12174	0.10043	0.08824
0.02941	0.02025	0.01667
0.0	0.0	0.0
0.0814	0.06695	0.05607
0.18519	0.18519	0.14706
0.15	0.11613	0.13872
0.40541	0.25853	0.21389
0.0125	0.00322	0.00506
0.19048	0.17205	0.11222
0.15909	0.07884	0.05282
0.0	0.0	0.0
0.2907	0.15831	0.11813
0.11864	0.07763	0.06189
0.41558	0.33643	0.27127
0.50893	0.29583	0.25635
0.15663	0.12437	0.09988
0.35294	0.26061	0.26297
0.15702	0.15702	0.12987
0.0	0.0	0.0
0.30488	0.24234	0.20241
0.16162	0.11569	0.09734
0.13131	0.08993	0.07161
0.05	0.04355	0.03092
0.0	0.0	0.0
0.0	0.0	0.0
0.39394	0.36902	0.36585
0.27778	0.2282	0.241
0.0	0.0	0.0
0.21154	0.1371	0.08429
0.11043	0.07719	0.07723
0.0	0.0	0.0
0.11628	0.06602	0.05934
0.06962	0.06962	0.07216
0.03093	0.01563	0.0266
0.0	0.0	0.0
0.27206	0.27206	0.24691
0.0	0.0	0.0
0.14118	0.07402	0.08935
0.07059	0.04972	0.04214
0.07812	0.07812	0.0625
0.15315	0.14618	0.13636
0.0	0.0	0.0
0.10714	0.08373	0.09425
0.10185	0.05437	0.04963
0.05479	0.0369	0.0406
0.03571	0.02535	0.02
0.34211	0.22539	0.19
0.06207	0.04428	0.03483
0.09901	0.08497	0.06664
0.04762	0.02612	0.04388
0.16	0.13162	0.13967
0.13684	0.09339	0.08772
0.38411	0.22219	0.1854
0.08088	0.05575	0.03784
0.03497	0.02459	0.01863
0.0	0.0	0.0
0.08025	0.05615	0.0466
0.56566	0.3738	0.31727
0.0597	0.03372	0.02928
0.13542	0.11795	0.11864
0.11765	0.08703	0.06232
0.75926	0.61086	0.54742
0.0	0.0	0.0
0.00926	0.00209	0.0
0.08333	0.05131	0.05019
0.36066	0.3099	0.24334
0.0375	0.0375	0.02
0.1791	0.08525	0.09753
0.04	0.04	0.04651
0.15152	0.11437	0.09247
0.15625	0.15625	0.15
0.0	0.0	0.0
0.01282	0.0031	0.00415
0.08	0.05289	0.06377
0.02649	0.02649	0.02273
0.13699	0.12638	0.12791
0.072	0.03484	0.04628
0.04545	0.03138	0.0337
0.0069	0.0069	0.01136
0.42991	0.23517	0.17257
0.0	0.0	0.0
0.16892	0.16391	0.15909
0.02778	0.0224	0.02118
0.13115	0.1256	0.12108
0.0	0.0	0.0
0.0	0.0	0.0
0.22835	0.17299	0.16767
0.07273	0.04517	0.05076
0.21782	0.14822	0.15525
0.025	0.02178	0.02041
0.05682	0.02348	0.03106
0.07368	0.04549	0.05645
0.30526	0.18373	0.16461
0.20833	0.17407	0.1699
0.12621	0.12621	0.11111
0.02222	0.02222	0.01818
0.18367	0.10139	0.14686
0.15476	0.11983	0.11451
0.0	0.0	0.0
0.0375	0.02259	0.01263
0.03704	0.02867	0.01895
0.04	0.02947	0.02385
0.0	0.0	0.0
0.01149	0.01149	0.01887
0.16364	0.11145	0.14286
0.20619	0.19389	0.17544
0.13287	0.10761	0.1042
0.13158	0.12012	0.12766
0.14433	0.05058	0.071
0.13684	0.11409	0.11405
0.23944	0.15972	0.13683
0.04795	0.02409	0.02294
0.04255	0.01922	0.02132
0.14894	0.0776	0.04117
0.13333	0.11269	0.11145
0.07812	0.05748	0.03723
0.18421	0.13583	0.11756
0.20513	0.134	0.13179
0.34722	0.22626	0.21651
0.2125	0.11816	0.12643
0.14	0.14	0.12903
0.08411	0.03529	0.02641
0.0	0.0	0.0
0.13462	0.1129	0.13211
0.39548	0.23402	0.2234
0.04274	0.03556	0.02817
0.29412	0.21729	0.19041
0.11111	0.09613	0.09512
0.21127	0.15676	0.15357
0.02	0.01452	0.0242
0.0641	0.04529	0.04338
0.39604	0.36155	0.33105
0.008	0.00052	0.0
0.44776	0.27112	0.19598
0.12088	0.07163	0.06737
0.24359	0.1175	0.0947
0.15493	0.0827	0.07912
0.05941	0.03418	0.01805
0.14444	0.14444	0.14035
0.04	0.04	0.03125
0.33333	0.21506	0.22251
0.15385	0.13326	0.10474
0.0	0.0	0.0
0.0	0.0	0.0
0.01786	0.01786	0.01493
0.1619	0.13058	0.1173
0.0	0.0	0.0
0.17172	0.09615	0.06725
0.0303	0.00782	0.05
0.07339	0.03847	0.0435
0.05263	0.00722	0.00141
0.14286	0.14286	0.12766
0.23276	0.23276	0.21739
0.04688	0.04259	0.04483
0.07006	0.06041	0.05715
0.08029	0.03909	0.02321
0.22222	0.12712	0.11522
0.14	0.14	0.11667
0.1	0.04715	0.04249
0.0566	0.01522	0.00893
0.08397	0.06847	0.07178
0.08	0.06195	0.05573
0.07937	0.0374	0.02662
0.02752	0.01894	0.01515
0.0	0.0	0.0
0.02564	0.00415	0.00365
0.0	0.0	0.0
0.10101	0.06746	0.05647
0.17692	0.1236	0.09115
0.02098	0.01624	0.01556
0.07143	0.05185	0.0566
0.46281	0.27142	0.23253
0.01648	0.01135	0.0091
0.16667	0.03706	0.04033
0.28283	0.15771	0.16405
0.13793	0.089	0.08159
0.09677	0.08169	0.05736
0.0678	0.04264	0.04749
0.10976	0.03385	0.04304
0.06522	0.06522	0.06173
0.43333	0.31433	0.26234
0.02041	0.02041	0.01754
0.0	0.0	0.0
0.0	0.0	0.0
0.13253	0.12748	0.10943
0.28846	0.14146	0.13476
0.1134	0.05753	0.05568
0.60227	0.43625	0.34621
0.08163	0.08163	0.09677
0.04	0.02968	0.02174
0.0	0.0	0.0
0.7439	0.57399	0.51552
0.0	0.0	0.0
0.0102	0.00231	0.0
0.0	0.0	0.0
0.14535	0.04238	0.02684
0.13194	0.09902	0.09831
0.0	0.0	0.0
0.01667	0.01667	0.02778
0.2303	0.16854	0.17186
0.06667	0.04876	0.03774
0.12963	0.06752	0.03815
0.0	0.0	0.0
0.26087	0.14961	0.16418
0.13253	0.06492	0.05088
0.27826	0.19918	0.17487
0.02174	0.01227	0.01852
0.16667	0.16667	0.16071
0.0	0.0	0.0
0.15873	0.09986	0.08658
0.13139	0.12009	0.10714
0.0	0.0	0.0
0.11966	0.08822	0.07732
0.00552	0.00125	0.0
0.13953	0.04728	0.02485
0.18421	0.12139	0.13604
0.22619	0.17705	0.15878
0.02985	0.026	0.02381
0.0	0.0	0.0
0.0597	0.04863	0.0242
0.05319	0.01134	0.0182
0.15493	0.12223	0.10229
0.0	0.0	0.0
0.12264	0.08248	0.08317
0.03077	0.01886	0.0
0.21154	0.18704	0.20002
0.0	0.0	0.0
0.35294	0.34029	0.31183
0.01724	0.01724	0.0
0.21277	0.18361	0.16716
0.24286	0.16592	0.18112
0.04348	0.02993	0.02439
0.0	0.0	0.0
0.0	0.0	0.0
0.13095	0.08949	0.09557
0.56604	0.41021	0.35053
0.0411	0.019	0.00586
0.04132	0.0264	0.02778
0.0	0.0	0.0
0.0	0.0	0.0
0.13699	0.12595	0.11542
0.06061	0.03617	0.03799
0.08	0.03657	0.02596
0.39423	0.26988	0.20219
0.03731	0.03731	0.0375
0.10345	0.08176	0.074
0.49167	0.40243	0.40151
0.18349	0.10864	0.08715
0.08333	0.05569	0.06646
0.26056	0.14472	0.15471
0.13986	0.11529	0.12596
0.05	0.04129	0.04918
0.01429	0.00323	0.0
0.05769	0.00744	0.00303
0.13333	0.07418	0.06992
0.17857	0.14249	0.11322
0.01515	0.00098	0.0
0.13534	0.11884	0.10435
0.08621	0.04617	0.04744
0.03333	0.00538	0.00186
0.32787	0.1539	0.13918
0.05128	0.01352	0.01449
0.17073	0.072	0.05378
0.16949	0.14051	0.16216
0.02667	0.02667	0.02326
0.26263	0.16032	0.16512
0.09202	0.09202	0.09
0.0	0.0	0.0
0.0	0.0	0.0
0.21277	0.18966	0.16459
0.0	0.0	0.0
0.12727	0.07158	0.07191
0.0885	0.05968	0.04767
0.1	0.1	0.08197
0.03704	0.03704	0.01471
0.0	0.0	0.0
0.0	0.0	0.0
0.0	0.0	0.0
0.12174	0.12174	0.11268
0.22034	0.10064	0.09322
0.0	0.0	0.0
0.07447	0.05318	0.04811
0.13869	0.07771	0.0775
0.0	0.0	0.0
0.24286	0.20414	0.20707
0.0	0.0	0.0
0.01	0.01	0.0
0.09901	0.09901	0.08197
0.10345	0.03507	0.06074
0.23077	0.17371	0.18012
0.14151	0.0852	0.06197
0.17105	0.11929	0.11464
0.69663	0.41721	0.34373
0.0	0.0	0.0
0.05747	0.03746	0.01923
0.3617	0.33496	0.30535
0.0	0.0	0.0
0.0	0.0	0.0
0.14815	0.13899	0.12516
0.08182	0.08182	0.07353
0.12069	0.10734	0.08571
0.0	0.0	0.0
0.28571	0.20112	0.18443
0.27632	0.20247	0.19356
0.03448	0.01808	0.03035
0.02326	0.00676	0.00683
0.18644	0.18644	0.15789
0.08602	0.07597	0.07259
0.16667	0.12408	0.11716
0.19802	0.1894	0.16949
0.0122	0.0122	0.00952
0.048	0.02813	0.04301
0.01493	0.00337	0.0
0.0	0.0	0.0
0.06383	0.05456	0.04839
0.42	0.2568	0.19056
0.0875	0.07423	0.06179
0.12222	0.04982	0.03285
0.16327	0.14651	0.13069
0.04396	0.04396	0.01852
0.0	0.0	0.0
0.05882	0.05882	0.04878
0.48684	0.45161	0.39933
0.0	0.0	0.0
0.1134	0.0469	0.06062
0.05882	0.05882	0.03226
0.22892	0.10728	0.07527
0.064	0.03202	0.03184
0.12766	0.07757	0.06897
0.15	0.09275	0.09042
0.10145	0.065	0.05295
0.18182	0.14333	0.12145
0.34177	0.24338	0.21237
0.32836	0.27349	0.23709
0.26923	0.24897	0.22511
0.28788	0.14764	0.1299
0.04	0.02226	0.01724
0.31944	0.29392	0.26498
0.0	0.0	0.0
0.0	0.0	0.0
0.0	0.0	0.0
0.0	0.0	0.0
0.0	0.0	0.0
0.05517	0.02981	0.03038
0.1	0.1	0.09091
0.08475	0.04812	0.04301
0.54545	0.21634	0.21248
0.19737	0.19737	0.17391
0.45946	0.31214	0.27352
0.07792	0.06787	0.04545
0.04839	0.03485	0.02632
0.13433	0.12422	0.12821
0.1	0.09355	0.07742
0.30275	0.23529	0.20614
0.2875	0.18105	0.16131
0.06452	0.02186	0.0233
0.34884	0.33797	0.25573
0.38298	0.13934	0.13017
0.38462	0.22003	0.12162
0.13333	0.07528	0.03077
0.13761	0.11868	0.09822
0.0	0.0	0.0
0.11039	0.08694	0.08047
0.0	0.0	0.0
0.4	0.27341	0.26548
0.0	0.0	0.0
0.12174	0.12174	0.10606
0.02013	0.00412	0.00218
0.0	0.0	0.0
0.02083	0.02083	0.01724
0.0	0.0	0.0
0.0	0.0	0.0
0.22222	0.10337	0.13009
0.14815	0.1147	0.10234
0.26	0.1555	0.19358
0.17544	0.17544	0.17647
0.13043	0.13043	0.11111
0.2037	0.2037	0.19355
0.12727	0.09709	0.09385
0.02174	0.02174	0.01754
0.16667	0.13149	0.10628
0.12593	0.10658	0.10195
0.06849	0.03138	0.04158
0.06164	0.04817	0.0406
0.09677	0.09677	0.1129
