0.07407	0.04809	0.03448
0.63889	0.52961	0.49925
0.06897	0.02728	0.0303
0.32432	0.21168	0.2037
0.12308	0.06032	0.06364
0.12698	0.07733	0.05991
0.25352	0.17994	0.13378
0.06897	0.0406	0.02494
0.03175	0.01895	0.0
0.05682	0.03153	0.03157
0.0	0.0	0.0
0.18033	0.11002	0.10417
0.12162	0.08501	0.09986
0.26087	0.15783	0.13552
0.08791	0.05035	0.04219
0.14141	0.08604	0.10098
0.09259	0.05169	0.03448
0.08791	0.04857	0.05365
0.04902	0.02736	0.04272
0.07843	0.01141	0.00693
0.0	0.0	0.0
0.08861	0.06228	0.07958
0.18182	0.17096	0.12785
0.01538	0.00372	0.0
0.25	0.16622	0.17783
0.02597	0.01058	0.0
0.09259	0.0672	0.07633
0.23404	0.14966	0.15676
0.44737	0.30055	0.21461
0.12048	0.05346	0.0428
0.62745	0.38904	0.53503
0.11688	0.0641	0.06885
0.0339	0.02105	0.0
0.3	0.19948	0.21313
0.05882	0.03971	0.01562
0.51923	0.30063	0.26955
0.1791	0.14036	0.14331
0.17647	0.09015	0.06243
0.16058	0.1089	0.08924
0.13208	0.07517	0.09734
0.01695	0.00329	0.0
0.11842	0.05859	0.06838
0.20238	0.17244	0.1657
0.30357	0.19966	0.15583
0.34921	0.28687	0.31383
0.26923	0.19479	0.23715
0.58824	0.41656	0.33195
0.19149	0.1143	0.1035
0.1519	0.10047	0.08836
0.48571	0.31873	0.28719
0.53333	0.48924	0.64113
0.08	0.04647	0.05328
0.14894	0.069	0.10598
0.61538	0.4889	0.46045
0.13208	0.07517	0.09734
0.4881	0.39788	0.37675
0.20833	0.09177	0.10673
0.38554	0.26646	0.23751
0.82051	0.565	0.50738
0.14035	0.1183	0.08927
0.15789	0.09551	0.13768
0.35185	0.32109	0.41714
0.0	0.0	0.0
0.0566	0.0414	0.03448
0.08451	0.05999	0.073
0.21739	0.1363	0.13203
0.26866	0.18972	0.21983
0.40741	0.29339	0.27369
0.1831	0.17038	0.1731
0.14286	0.14286	0.13333
0.07368	0.04041	0.03168
0.44737	0.30055	0.21461
0.10667	0.10667	0.09524
0.0	0.0	0.0
0.09286	0.09286	0.08642
0.075	0.06552	0.04348
0.0	0.0	0.0
0.88372	0.60998	0.66844
0.02632	0.00383	0.00677
0.04202	0.03605	0.01562
0.0	0.0	0.0
0.28947	0.21905	0.25729
0.19048	0.19048	0.18182
0.0	0.0	0.0
0.01887	0.01887	0.03571
0.0	0.0	0.0
0.14925	0.12518	0.13514
0.17857	0.1707	0.15909
0.35484	0.32884	0.32353
0.21818	0.13993	0.11564
0.27559	0.2469	0.24424
0.08621	0.0381	0.01966
0.1413	0.09048	0.0999
0.09091	0.08421	0.07653
0.03448	0.02141	0.0303
0.075	0.06552	0.04348
0.02632	0.00383	0.00677
0.08219	0.07314	0.05793
0.19	0.11857	0.12013
0.72059	0.67079	0.65841
0.13187	0.05709	0.06749
0.05941	0.03466	0.02928
0.09639	0.05792	0.05981
0.11765	0.10594	0.05808
0.17037	0.15233	0.13843
0.19643	0.13682	0.1019
0.05556	0.04152	0.03571
0.04	0.02237	0.00451
0.20168	0.11307	0.10242
0.19118	0.13901	0.18421
0.22093	0.19169	0.18424
0.38806	0.3563	0.34678
0.34667	0.28239	0.31683
0.38636	0.36402	0.39292
0.09804	0.09267	0.06638
0.34615	0.26862	0.32836
0.18841	0.18022	0.19566
0.1791	0.15816	0.15403
0.46	0.46	0.41183
0.08571	0.05054	0.03719
0.24444	0.19929	0.22023
0.0	0.0	0.0
0.31944	0.27912	0.2765
0.21429	0.17377	0.17849
0.14103	0.08501	0.08325
0.15385	0.09951	0.09446
0.9434	0.87402	0.83722
0.05769	0.04096	0.05163
0.32911	0.31176	0.28889
0.17308	0.15696	0.12743
0.59302	0.53583	0.58991
0.08772	0.06114	0.03912
0.04054	0.00655	0.00677
0.02062	0.02062	0.01923
0.26966	0.23833	0.24228
0.05769	0.04096	0.05163
0.07937	0.03867	0.03317
0.05556	0.04152	0.03571
0.1619	0.08604	0.05863
0.4	0.24058	0.22881
0.46552	0.30676	0.28483
0.16279	0.11536	0.106
0.23529	0.15847	0.18888
0.16901	0.10655	0.09681
0.52778	0.30697	0.31963
0.31	0.27017	0.25346
0.13636	0.06309	0.09185
0.14545	0.10485	0.10805
0.13115	0.11793	0.12335
0.32353	0.2347	0.24193
0.04054	0.00655	0.00677
0.02062	0.02062	0.01923
0.0	0.0	0.0
0.35772	0.21076	0.17329
0.20833	0.11846	0.12273
0.03614	0.02196	0.01291
0.0303	0.01272	0.01553
0.31884	0.23822	0.28364
0.20979	0.1409	0.1238
0.1875	0.1875	0.17391
0.25862	0.24472	0.21212
0.0885	0.07421	0.08089
0.54286	0.49126	0.47879
0.03297	0.02623	0.02
0.19318	0.17706	0.19565
0.01639	0.01639	0.0
0.1039	0.06096	0.06885
0.4359	0.41769	0.36364
0.128	0.11665	0.09263
0.25806	0.16977	0.18525
0.14706	0.13378	0.13889
0.05682	0.03153	0.03157
0.0	0.0	0.0
0.18033	0.11002	0.10417
0.26087	0.15783	0.13552
0.3	0.19948	0.21313
0.07843	0.01141	0.00693
0.21429	0.17377	0.17849
0.51923	0.30063	0.26955
0.06897	0.0406	0.02494
0.20238	0.17244	0.1657
0.1791	0.14036	0.14331
0.26923	0.19479	0.23715
0.9434	0.87402	0.83722
0.58824	0.41656	0.33195
0.03614	0.02196	0.01291
0.53333	0.48924	0.64113
0.19149	0.1143	0.1035
0.19643	0.13682	0.1019
0.08	0.04647	0.05328
0.14894	0.069	0.10598
0.12698	0.07733	0.05991
0.15789	0.09551	0.13768
0.31884	0.23822	0.28364
0.61538	0.4889	0.46045
0.19118	0.13901	0.18421
0.20833	0.09177	0.10673
0.52778	0.30697	0.31963
0.35185	0.32109	0.41714
0.38554	0.26646	0.23751
0.25806	0.16977	0.18525
0.13208	0.07517	0.09734
0.40741	0.29339	0.27369
0.0	0.0	0.0
0.1875	0.1875	0.17391
0.34667	0.28239	0.31683
0.25862	0.24472	0.21212
0.32911	0.31176	0.28889
0.17308	0.15696	0.12743
0.0885	0.07421	0.08089
0.08451	0.05999	0.073
0.10667	0.10667	0.09524
0.19318	0.17706	0.19565
0.14286	0.14286	0.13333
0.0	0.0	0.0
0.0	0.0	0.0
0.59302	0.53583	0.58991
0.09286	0.09286	0.08642
0.075	0.06552	0.04348
0.1039	0.06096	0.06885
0.44737	0.30055	0.21461
0.0	0.0	0.0
0.88372	0.60998	0.66844
0.19048	0.19048	0.18182
0.34615	0.26862	0.32836
0.18841	0.18022	0.19566
0.28947	0.21905	0.25729
0.01887	0.01887	0.03571
0.31	0.27017	0.25346
0.4359	0.41769	0.36364
0.1791	0.15816	0.15403
0.0	0.0	0.0
0.46	0.46	0.41183
0.24444	0.19929	0.22023
0.0	0.0	0.0
0.08621	0.0381	0.01966
0.14925	0.12518	0.13514
0.17857	0.1707	0.15909
0.14706	0.13378	0.13889
0.21818	0.13993	0.11564
0.01538	0.00372	0.0
0.32353	0.2347	0.24193
0.075	0.06552	0.04348
0.02632	0.00383	0.00677
0.16058	0.1089	0.08924
0.23529	0.15847	0.18888
0.63889	0.52961	0.49925
0.25352	0.17994	0.13378
0.04	0.02237	0.00451
0.4881	0.39788	0.37675
0.82051	0.565	0.50738
0.26866	0.18972	0.21983
0.38806	0.3563	0.34678
0.0566	0.0414	0.03448
0.54286	0.49126	0.47879
0.38636	0.36402	0.39292
0.09804	0.09267	0.06638
0.07368	0.04041	0.03168
0.04054	0.00655	0.00677
0.02062	0.02062	0.01923
0.0	0.0	0.0
0.27559	0.2469	0.24424
0.08791	0.05035	0.04219
0.1413	0.09048	0.0999
0.12162	0.08501	0.09986
0.14141	0.08604	0.10098
0.09259	0.05169	0.03448
0.14545	0.10485	0.10805
0.13115	0.11793	0.12335
0.09091	0.08421	0.07653
0.08791	0.04857	0.05365
0.03448	0.02141	0.0303
0.04902	0.02736	0.04272
0.08861	0.06228	0.07958
0.25	0.16622	0.17783
0.18182	0.17096	0.12785
0.0	0.0	0.0
0.02597	0.01058	0.0
0.11688	0.0641	0.06885
0.0339	0.02105	0.0
0.44737	0.30055	0.21461
0.12048	0.05346	0.0428
0.62745	0.38904	0.53503
0.23404	0.14966	0.15676
0.05882	0.03971	0.01562
0.05769	0.04096	0.05163
0.04054	0.00655	0.00677
0.02062	0.02062	0.01923
0.0	0.0	0.0
0.07937	0.03867	0.03317
0.31944	0.27912	0.2765
0.05556	0.04152	0.03571
0.35772	0.21076	0.17329
0.09259	0.0672	0.07633
0.1619	0.08604	0.05863
0.08219	0.07314	0.05793
0.4	0.24058	0.22881
0.46552	0.30676	0.28483
0.19	0.11857	0.12013
0.14103	0.08501	0.08325
0.13208	0.07517	0.09734
0.01695	0.00329	0.0
0.11842	0.05859	0.06838
0.30357	0.19966	0.15583
0.17647	0.09015	0.06243
0.13636	0.06309	0.09185
0.16279	0.11536	0.106
0.16901	0.10655	0.09681
0.20833	0.11846	0.12273
0.07407	0.04809	0.03448
0.72059	0.67079	0.65841
0.12308	0.06032	0.06364
0.13187	0.05709	0.06749
0.06897	0.02728	0.0303
0.05941	0.03466	0.02928
0.09639	0.05792	0.05981
0.32432	0.21168	0.2037
0.11765	0.10594	0.05808
0.03175	0.01895	0.0
0.15385	0.09951	0.09446
0.34921	0.28687	0.31383
0.17037	0.15233	0.13843
0.1519	0.10047	0.08836
0.48571	0.31873	0.28719
0.05769	0.04096	0.05163
0.0303	0.01272	0.01553
0.05556	0.04152	0.03571
0.20168	0.11307	0.10242
0.20979	0.1409	0.1238
0.14035	0.1183	0.08927
0.21739	0.1363	0.13203
0.22093	0.19169	0.18424
0.03297	0.02623	0.02
0.1831	0.17038	0.1731
0.01639	0.01639	0.0
0.08772	0.06114	0.03912
0.04202	0.03605	0.01562
0.02632	0.00383	0.00677
0.26966	0.23833	0.24228
0.35484	0.32884	0.32353
0.08571	0.05054	0.03719
0.128	0.11665	0.09263
0.12162	0.08501	0.09986
0.0	0.0	0.0
0.1413	0.09048	0.0999
0.18033	0.11002	0.10417
0.21429	0.17377	0.17849
0.08791	0.04857	0.05365
0.04902	0.02736	0.04272
0.13115	0.11793	0.12335
0.26087	0.15783	0.13552
0.09091	0.08421	0.07653
0.08861	0.06228	0.07958
0.25	0.16622	0.17783
0.32353	0.2347	0.24193
0.04054	0.00655	0.00677
0.02062	0.02062	0.01923
0.12048	0.05346	0.0428
0.23404	0.14966	0.15676
0.0339	0.02105	0.0
0.44737	0.30055	0.21461
0.05769	0.04096	0.05163
0.01695	0.00329	0.0
0.20238	0.17244	0.1657
0.08219	0.07314	0.05793
0.35772	0.21076	0.17329
0.05556	0.04152	0.03571
0.02632	0.00383	0.00677
0.46552	0.30676	0.28483
0.14103	0.08501	0.08325
0.16058	0.1089	0.08924
0.13636	0.06309	0.09185
0.1791	0.14036	0.14331
0.30357	0.19966	0.15583
0.17647	0.09015	0.06243
0.16279	0.11536	0.106
0.16901	0.10655	0.09681
0.20833	0.11846	0.12273
0.72059	0.67079	0.65841
0.25352	0.17994	0.13378
0.11765	0.10594	0.05808
0.32432	0.21168	0.2037
0.06897	0.02728	0.0303
0.09639	0.05792	0.05981
0.03175	0.01895	0.0
0.9434	0.87402	0.83722
0.05941	0.03466	0.02928
0.34921	0.28687	0.31383
0.48571	0.31873	0.28719
0.26923	0.19479	0.23715
0.19643	0.13682	0.1019
0.05769	0.04096	0.05163
0.12698	0.07733	0.05991
0.20833	0.09177	0.10673
0.53333	0.48924	0.64113
0.19149	0.1143	0.1035
0.31884	0.23822	0.28364
0.61538	0.4889	0.46045
0.4881	0.39788	0.37675
0.13208	0.07517	0.09734
0.14035	0.1183	0.08927
0.21739	0.1363	0.13203
0.40741	0.29339	0.27369
0.22093	0.19169	0.18424
0.38806	0.3563	0.34678
0.0	0.0	0.0
0.52778	0.30697	0.31963
0.38554	0.26646	0.23751
0.82051	0.565	0.50738
0.34667	0.28239	0.31683
0.17308	0.15696	0.12743
0.54286	0.49126	0.47879
0.09804	0.09267	0.06638
0.32911	0.31176	0.28889
0.0566	0.0414	0.03448
0.03297	0.02623	0.02
0.38636	0.36402	0.39292
0.08451	0.05999	0.073
0.10667	0.10667	0.09524
0.44737	0.30055	0.21461
0.19048	0.19048	0.18182
0.0	0.0	0.0
0.0	0.0	0.0
0.08772	0.06114	0.03912
0.07368	0.04041	0.03168
0.04054	0.00655	0.00677
0.02062	0.02062	0.01923
0.075	0.06552	0.04348
0.1039	0.06096	0.06885
0.88372	0.60998	0.66844
0.02632	0.00383	0.00677
0.01887	0.01887	0.03571
0.26966	0.23833	0.24228
0.34615	0.26862	0.32836
0.0	0.0	0.0
0.35484	0.32884	0.32353
0.24444	0.19929	0.22023
0.0	0.0	0.0
0.08621	0.0381	0.01966
0.14925	0.12518	0.13514
0.08791	0.05035	0.04219
0.14141	0.08604	0.10098
0.14545	0.10485	0.10805
0.3	0.19948	0.21313
0.05882	0.03971	0.01562
0.4	0.24058	0.22881
0.63889	0.52961	0.49925
0.0303	0.01272	0.01553
0.35185	0.32109	0.41714
0.20979	0.1409	0.1238
0.1875	0.1875	0.17391
0.59302	0.53583	0.58991
0.18841	0.18022	0.19566
0.03448	0.02141	0.0303
0.0	0.0	0.0
0.02597	0.01058	0.0
0.07843	0.01141	0.00693
0.19	0.11857	0.12013
0.07407	0.04809	0.03448
0.13187	0.05709	0.06749
0.58824	0.41656	0.33195
0.15789	0.09551	0.13768
0.04	0.02237	0.00451
0.19118	0.13901	0.18421
0.0885	0.07421	0.08089
0.19318	0.17706	0.19565
0.14286	0.14286	0.13333
0.01639	0.01639	0.0
0.04202	0.03605	0.01562
0.0	0.0	0.0
0.28947	0.21905	0.25729
0.31	0.27017	0.25346
0.4359	0.41769	0.36364
0.1791	0.15816	0.15403
0.46	0.46	0.41183
0.08571	0.05054	0.03719
0.27559	0.2469	0.24424
0.128	0.11665	0.09263
0.14706	0.13378	0.13889
0.05682	0.03153	0.03157
0.18182	0.17096	0.12785
0.01538	0.00372	0.0
0.075	0.06552	0.04348
0.11688	0.0641	0.06885
0.07937	0.03867	0.03317
0.31944	0.27912	0.2765
0.09259	0.0672	0.07633
0.1619	0.08604	0.05863
0.51923	0.30063	0.26955
0.13208	0.07517	0.09734
0.11842	0.05859	0.06838
0.23529	0.15847	0.18888
0.12308	0.06032	0.06364
0.15385	0.09951	0.09446
0.17037	0.15233	0.13843
0.14894	0.069	0.10598
0.26866	0.18972	0.21983
0.25862	0.24472	0.21212
0.21818	0.13993	0.11564
0.09259	0.05169	0.03448
0.62745	0.38904	0.53503
0.0	0.0	0.0
0.06897	0.0406	0.02494
0.1519	0.10047	0.08836
0.03614	0.02196	0.01291
0.08	0.04647	0.05328
0.05556	0.04152	0.03571
0.20168	0.11307	0.10242
0.25806	0.16977	0.18525
0.1831	0.17038	0.1731
0.09286	0.09286	0.08642
0.0	0.0	0.0
0.17857	0.1707	0.15909
0.0	0.0	0.0
0.35185	0.21687	0.26507
0.38462	0.27792	0.24267
0.25	0.25	0.27273
0.21569	0.16225	0.10489
0.46154	0.29146	0.27958
0.0	0.0	0.0
0.41304	0.31313	0.38912
0.72222	0.53503	0.5239
0.29787	0.17781	0.18392
0.38333	0.1933	0.19987
0.01887	0.00366	0.0
0.26667	0.24982	0.24
0.25	0.119	0.14788
0.12308	0.08686	0.06451
0.0	0.0	0.0
0.28	0.21454	0.26285
0.07576	0.05597	0.03043
0.09091	0.03789	0.04122
0.11667	0.08939	0.07723
0.0	0.0	0.0
0.12712	0.12152	0.12263
0.30303	0.25586	0.24108
0.10714	0.07663	0.10284
0.08571	0.02973	0.02612
0.3913	0.3913	0.36
0.78571	0.69705	0.76077
0.05882	0.04301	0.03616
0.20408	0.18713	0.17164
0.01562	0.00303	0.0
0.26389	0.17789	0.17985
0.15504	0.09666	0.12221
0.42105	0.32389	0.29495
2.12245	1.89269	1.57573
0.0	0.0	0.0
0.24324	0.12973	0.08932
0.0	0.0	0.0
0.11538	0.11538	0.09375
0.68657	0.57004	0.63122
0.34831	0.31897	0.30388
0.11111	0.06489	0.05936
0.06122	0.05365	0.06033
0.46914	0.48388	0.47826
0.00685	0.00199	0.00367
0.30769	0.30769	0.42857
0.77419	0.61761	0.49914
0.13043	0.074	0.08
0.67568	0.51705	0.47581
0.22951	0.11636	0.13665
0.62162	0.43854	0.3373
0.24074	0.12639	0.1041
0.31343	0.28937	0.30556
0.1413	0.05489	0.05535
0.18	0.1223	0.12969
0.48485	0.48485	0.44444
0.36066	0.27131	0.25524
0.09639	0.07831	0.08647
0.05495	0.0436	0.03774
0.25	0.14854	0.17992
0.28814	0.22269	0.22288
0.21111	0.18639	0.17775
0.23729	0.23729	0.25
0.11688	0.07645	0.07184
0.08333	0.04724	0.04207
0.60417	0.3855	0.52492
0.15909	0.05025	0.06187
0.31579	0.16107	0.17141
0.36364	0.25615	0.28597
0.21951	0.14557	0.1176
0.31148	0.27289	0.29459
0.8	0.66269	0.72655
0.21591	0.11366	0.13486
0.2809	0.21694	0.212
0.30233	0.21156	0.22652
0.30435	0.23817	0.27243
0.45714	0.28534	0.25
0.15217	0.11817	0.12
0.23729	0.20995	0.1875
0.14925	0.11604	0.12994
0.12281	0.05461	0.08168
0.14925	0.10979	0.08154
0.07692	0.05087	0.06786
0.02778	0.02166	0.01754
0.10714	0.07663	0.10284
0.37209	0.21535	0.24385
0.16	0.12194	0.13124
0.14286	0.0941	0.11852
0.47945	0.30629	0.3199
0.1875	0.11772	0.09638
0.4359	0.31744	0.26122
0.08824	0.03251	0.02039
0.19512	0.13732	0.13043
0.04	0.04	0.03448
0.0	0.0	0.0
0.27473	0.16984	0.14904
0.18095	0.16068	0.16364
0.02128	0.00413	0.00359
0.09722	0.04862	0.06287
0.43902	0.43902	0.45455
0.0	0.0	0.0
0.11321	0.03898	0.01039
0.16814	0.10779	0.1
0.08197	0.05552	0.05556
0.10294	0.07994	0.08333
0.10959	0.06188	0.079
0.22059	0.18715	0.21316
0.09375	0.06503	0.0553
0.20312	0.10563	0.11561
0.75758	0.74488	0.86561
0.15254	0.11508	0.14516
0.67949	0.60981	0.59104
0.16667	0.10574	0.12131
0.04255	0.00413	0.00359
0.0625	0.02992	0.00359
0.10714	0.05934	0.04947
0.48889	0.30578	0.42382
0.04545	0.04545	0.04
0.35385	0.11622	0.10812
0.11236	0.11236	0.12
0.4	0.24047	0.28114
0.51515	0.48779	0.42616
0.43478	0.297	0.32516
0.20513	0.17535	0.12972
0.11111	0.06374	0.08207
0.18487	0.15872	0.16658
0.24242	0.13517	0.11336
0.40741	0.24435	0.28755
0.10526	0.09112	0.10647
0.11957	0.07628	0.08252
0.0	0.0	0.0
0.13274	0.12561	0.12903
0.12658	0.10147	0.10991
1.03704	0.93017	0.92963
0.86111	0.78631	0.7863
0.15556	0.07889	0.071
0.25	0.14396	0.0963
0.18333	0.1418	0.12049
0.28571	0.20543	0.18607
0.0339	0.0339	0.03226
0.15385	0.12213	0.10919
0.09434	0.02985	0.04117
0.48485	0.46042	0.47059
0.45098	0.31218	0.3375
0.27551	0.18929	0.20787
0.15152	0.05039	0.06594
0.37313	0.2783	0.27857
0.08451	0.0752	0.05405
0.40426	0.19838	0.17746
0.0678	0.0678	0.06061
0.1129	0.06816	0.04691
0.15748	0.09972	0.09283
0.30189	0.12936	0.13873
0.07143	0.036	0.05394
0.10309	0.05338	0.05234
0.13333	0.1199	0.12903
0.10185	0.03736	0.02357
0.26829	0.17529	0.19749
0.28571	0.20384	0.21607
0.3	0.22977	0.20762
0.3617	0.26287	0.27593
0.0	0.0	0.0
0.09677	0.0359	0.04572
0.30841	0.15532	0.16966
0.1746	0.16411	0.2
0.12121	0.06747	0.01883
0.13559	0.07766	0.06738
0.05263	0.02207	0.02965
0.21918	0.12974	0.13063
0.08696	0.03543	0.03922
0.05634	0.04499	0.02564
0.95	0.88953	0.79522
0.23729	0.13864	0.14722
0.03797	0.02899	0.02222
0.66667	0.66667	0.72727
0.14545	0.04635	0.02419
0.02439	0.01633	0.02326
0.1875	0.12173	0.14471
0.57812	0.33423	0.36464
0.0625	0.01312	0.00693
0.46269	0.46269	0.425
0.20779	0.12527	0.1121
0.0	0.0	0.0
0.01639	0.01639	0.02857
0.25882	0.19053	0.19982
0.03947	0.01889	0.02777
0.45161	0.38294	0.40369
0.4375	0.29473	0.28078
0.29167	0.29167	0.28571
0.22523	0.20649	0.20188
0.17241	0.1335	0.14194
0.04286	0.00693	0.00746
0.38158	0.25196	0.23913
0.03226	0.01015	0.0
0.575	0.3585	0.3888
0.29412	0.21446	0.20888
0.07547	0.063	0.03448
0.11111	0.07925	0.07004
0.10145	0.07949	0.06192
0.18966	0.06984	0.04841
0.08	0.05656	0.06451
0.0	0.0	0.0
0.21348	0.15388	0.19045
0.32099	0.27501	0.24261
0.02941	0.00285	0.0
0.17544	0.10642	0.1097
0.11364	0.06526	0.05377
0.28571	0.15527	0.21486
0.13793	0.05147	0.05544
0.02899	0.01181	0.00259
0.25758	0.14983	0.17527
0.2381	0.13329	0.15929
0.24	0.22484	0.21429
0.06977	0.03677	0.02104
0.15152	0.02791	0.01078
0.24324	0.18049	0.2097
0.26829	0.18646	0.17137
0.0	0.0	0.0
0.5641	0.48018	0.49005
0.08929	0.08612	0.08822
0.0	0.0	0.0
0.11538	0.06702	0.08812
0.48438	0.32161	0.31364
0.08824	0.04602	0.03028
0.34286	0.1466	0.14595
0.42105	0.32389	0.29495
0.06923	0.0412	0.04259
0.03279	0.03279	0.02857
0.03226	0.03226	0.02941
0.15278	0.07483	0.07154
0.37143	0.26454	0.28859
0.11628	0.04842	0.05446
0.04938	0.03067	0.02222
0.09756	0.07186	0.0547
0.1746	0.09221	0.05451
0.2037	0.16965	0.16128
0.1087	0.09117	0.07407
0.16667	0.08371	0.08812
0.13415	0.09187	0.0873
0.18824	0.13988	0.14047
0.19643	0.08904	0.08975
0.0	0.0	0.0
0.66102	0.57246	0.60415
0.24419	0.14557	0.16367
0.31579	0.23772	0.27637
0.0	0.0	0.0
0.07143	0.07143	0.03226
0.30189	0.21762	0.20131
0.0	0.0	0.0
0.36066	0.2269	0.25418
0.0	0.0	0.0
0.21667	0.17018	0.16231
0.27	0.18454	0.18443
0.46667	0.33873	0.49194
0.32143	0.23445	0.24819
0.0614	0.05603	0.04615
0.41935	0.41935	0.4375
0.11392	0.09719	0.11173
0.2027	0.14409	0.16288
0.07937	0.06144	0.09156
0.07042	0.02159	0.00746
0.04	0.04	0.03448
0.0	0.0	0.0
0.11111	0.04814	0.03324
0.33333	0.2348	0.23253
0.61702	0.59987	0.64
0.0137	0.00266	0.0
0.28713	0.28713	0.26786
0.09836	0.02911	0.03512
0.02667	0.01592	0.02439
0.13636	0.03632	0.03833
0.5	0.46372	0.47743
0.03922	0.00855	0.0
0.62667	0.50949	0.54132
0.27869	0.14416	0.12814
0.25	0.17896	0.17171
0.0	0.0	0.0
0.1519	0.1519	0.15556
0.22449	0.13531	0.12654
0.19355	0.06558	0.09595
0.39362	0.19085	0.1781
0.0	0.0	0.0
0.05263	0.04061	0.03805
0.2	0.13643	0.1659
0.17172	0.14973	0.13725
0.07042	0.05907	0.05626
0.26786	0.22021	0.22581
0.22222	0.12838	0.13143
2.1	2.06935	2.36364
0.15556	0.13764	0.125
0.06329	0.03329	0.0466
0.1087	0.03861	0.05141
0.22222	0.16568	0.15136
0.09639	0.05986	0.05304
0.31707	0.21757	0.17844
0.10811	0.08	0.07122
1.625	1.625	1.6
0.00901	0.00305	0.0
0.05618	0.02211	0.0079
0.33333	0.20552	0.18041
0.23214	0.15786	0.16967
0.0	0.0	0.0
0.11828	0.0954	0.11425
0.10714	0.03602	0.04206
0.01923	0.00187	0.0
0.2695	0.17631	0.20032
0.05882	0.0449	0.03448
0.17391	0.10941	0.10442
0.01961	0.0038	0.0
0.53571	0.33818	0.32629
0.09836	0.07907	0.08216
0.38333	0.2073	0.19269
0.2093	0.16205	0.14384
0.5	0.35226	0.28457
0.28261	0.21704	0.25089
0.064	0.03755	0.05377
0.24194	0.22894	0.22857
0.19048	0.09719	0.11926
0.19149	0.13317	0.16667
0.28814	0.17336	0.13842
0.47458	0.34039	0.30872
0.08537	0.05134	0.03752
0.07527	0.02273	0.02437
0.04762	0.01895	0.03512
0.13761	0.07637	0.03728
0.16049	0.13123	0.12766
0.08974	0.04386	0.03377
0.38806	0.29612	0.28188
0.15217	0.06439	0.04033
0.06383	0.06383	0.06122
0.04545	0.04545	0.03846
0.06667	0.05037	0.05882
0.10769	0.09032	0.11751
0.66667	0.54492	0.73797
0.375	0.25785	0.26387
0.33333	0.29455	0.27273
0.07692	0.0149	0.02338
0.2029	0.2029	0.22222
0.52632	0.34811	0.34784
0.23232	0.16669	0.15496
0.04762	0.03103	0.01773
0.07246	0.03742	0.02703
0.21429	0.08952	0.09036
0.25	0.11072	0.13674
0.32353	0.22796	0.2125
0.28302	0.20117	0.21914
0.08	0.04968	0.04
0.33962	0.22826	0.22248
0.33333	0.17186	0.0909
0.2931	0.18574	0.28817
0.18293	0.12649	0.12687
0.22951	0.22951	0.20588
0.41935	0.27265	0.38027
0.26923	0.21155	0.23816
0.46875	0.33825	0.31455
0.01235	0.01235	0.02174
0.47368	0.27211	0.27652
0.15652	0.09329	0.08945
0.26471	0.16035	0.16087
0.05357	0.04291	0.08286
0.34043	0.20988	0.19598
0.39062	0.24548	0.26487
0.41304	0.3482	0.32388
0.61111	0.51187	0.59326
0.11429	0.06054	0.05742
0.68182	0.33009	0.25692
0.13095	0.13095	0.125
0.24242	0.18396	0.17798
0.03704	0.02211	0.03448
0.3	0.17788	0.154
0.43056	0.36179	0.34217
0.2381	0.18667	0.14518
0.34375	0.3046	0.32683
0.09091	0.03705	0.0477
0.36066	0.2462	0.22963
0.21429	0.13519	0.10378
0.125	0.11021	0.13793
0.1875	0.13174	0.14693
0.26562	0.26562	0.21053
0.0	0.0	0.0
0.26733	0.19596	0.23246
0.0625	0.01312	0.00693
0.104	0.04828	0.02138
0.16667	0.13778	0.14062
0.13793	0.10902	0.07462
0.25	0.22663	0.23023
0.2	0.1242	0.10679
0.86486	0.61651	0.75086
0.1875	0.09933	0.07929
0.05	0.03495	0.03226
0.45455	0.40715	0.42105
0.03061	0.00742	0.0
0.08421	0.03482	0.02031
0.05072	0.02875	0.02005
0.19672	0.12482	0.10031
0.54717	0.44919	0.5605
0.31884	0.17861	0.18919
0.25664	0.16859	0.16875
0.03529	0.01424	0.011
0.07692	0.04715	0.05882
0.07692	0.049	0.0559
0.56716	0.37939	0.35741
0.14493	0.11899	0.1364
0.13333	0.03767	0.03292
0.05263	0.0314	0.05774
0.20968	0.20968	0.20588
0.04348	0.04348	0.0
0.5	0.36176	0.35483
0.21176	0.20341	0.24444
0.19608	0.09586	0.11352
0.23684	0.11	0.16642
0.05618	0.03933	0.04427
0.07937	0.06657	0.06061
0.21429	0.17134	0.17546
0.18421	0.12438	0.11724
0.54762	0.42783	0.55791
0.18182	0.09558	0.07218
0.19718	0.11769	0.10928
0.2193	0.14504	0.15516
0.17204	0.16441	0.15094
0.12245	0.05467	0.08812
0.05455	0.02347	0.0
0.42553	0.41147	0.44828
0.07042	0.02841	0.01308
0.03077	0.00597	0.00524
0.04301	0.01753	0.02239
0.09901	0.06389	0.01859
0.3619	0.33778	0.3461
0.09459	0.0557	0.04159
0.16327	0.09808	0.11171
0.10448	0.07294	0.075
0.02	0.00871	0.00834
0.2	0.06492	0.0597
0.26984	0.17643	0.18042
0.72549	0.57433	0.6365
0.14925	0.06503	0.09681
0.20561	0.14548	0.17611
0.12195	0.1108	0.08824
0.02667	0.02667	0.02326
2.28	1.91456	1.63197
0.33333	0.27454	0.22121
0.04545	0.02652	0.03312
0.04706	0.04706	0.0
0.15385	0.08685	0.07682
0.09756	0.06983	0.04993
0.23529	0.18691	0.21053
0.33824	0.19382	0.18633
0.05634	0.05634	0.04762
0.26471	0.26471	0.27027
0.24818	0.15295	0.15013
0.11765	0.07734	0.05263
0.57143	0.38389	0.46095
0.1	0.03358	0.01078
0.47312	0.47312	0.4898
0.33333	0.21549	0.21391
0.09091	0.08799	0.07428
0.04839	0.04839	0.02857
0.2037	0.14009	0.13629
0.11494	0.07251	0.05904
0.37363	0.25154	0.24774
0.13846	0.12606	0.11765
0.20253	0.11325	0.10242
0.19355	0.15663	0.16774
0.2625	0.22824	0.20396
0.05405	0.03488	0.02632
0.35135	0.16874	0.14212
0.10667	0.0742	0.06935
0.07843	0.04413	0.03028
0.19753	0.10477	0.10204
0.0	0.0	0.0
0.16038	0.14791	0.15254
0.29897	0.20821	0.22887
0.52174	0.36142	0.36418
0.15238	0.08789	0.10317
0.05556	0.02659	0.03448
0.21	0.18823	0.17109
0.125	0.05647	0.07309
0.27273	0.17012	0.14645
0.10377	0.07837	0.06151
0.29524	0.28188	0.2541
0.08929	0.08007	0.09325
0.05085	0.00822	0.00856
0.0	0.0	0.0
0.25	0.19719	0.17993
0.14286	0.07221	0.09156
0.15942	0.10171	0.0819
0.12821	0.08479	0.09605
0.17593	0.09695	0.08424
0.04854	0.04165	0.03509
0.08642	0.07647	0.08
0.09709	0.09709	0.08929
0.22642	0.14702	0.1468
0.0	0.0	0.0
0.11364	0.08414	0.04016
0.16667	0.09007	0.06704
0.39216	0.32829	0.33972
0.1746	0.12725	0.15906
0.28333	0.16643	0.20032
0.26087	0.17903	0.17215
0.27692	0.18725	0.18045
0.60759	0.52006	0.4989
0.07018	0.04274	0.03125
0.0	0.0	0.0
0.01042	0.01042	0.0
0.34483	0.33203	0.35535
0.1037	0.05199	0.03651
0.18	0.1326	0.15325
0.33721	0.17371	0.17034
0.0	0.0	0.0
0.02439	0.01515	0.0
0.46552	0.36876	0.38831
0.08547	0.0535	0.05686
0.24138	0.12295	0.10284
0.05051	0.01989	0.00346
0.36364	0.2665	0.28571
0.3	0.21103	0.21409
0.25556	0.1941	0.16336
0.08772	0.04755	0.05142
0.14815	0.08365	0.09189
0.14876	0.12371	0.10554
0.36232	0.28614	0.2968
0.26866	0.19813	0.22059
0.18519	0.14189	0.1403
0.09574	0.0616	0.08294
1.26316	1.08666	1.15057
0.07527	0.04268	0.0211
0.09091	0.05083	0.02484
0.175	0.10123	0.11046
0.44643	0.29471	0.36635
0.24038	0.19293	0.18346
0.16438	0.12993	0.12905
0.11538	0.09533	0.11327
0.04717	0.02481	0.02226
0.17557	0.11908	0.11593
0.16162	0.13245	0.14878
0.30612	0.30612	0.2963
0.23656	0.17553	0.17431
0.0	0.0	0.0
0.0875	0.06978	0.10091
0.01667	0.01128	0.02052
0.09459	0.06322	0.05224
0.09	0.04598	0.02823
0.23611	0.14854	0.14808
0.125	0.10358	0.12249
0.0098	0.00284	0.0
0.2549	0.10488	0.09002
0.04396	0.02943	0.02271
0.025	0.01674	0.01053
0.15172	0.0989	0.10062
0.15094	0.1152	0.10663
0.18605	0.1403	0.19819
0.26606	0.16368	0.18173
0.25962	0.19153	0.18124
0.22581	0.08981	0.06994
0.19469	0.175	0.17742
0.17333	0.13464	0.07829
0.06957	0.06199	0.0383
0.18478	0.0961	0.06353
0.31148	0.1999	0.27421
0.05	0.02555	0.0303
0.01399	0.01399	0.0125
0.01754	0.00425	0.0
0.23077	0.12239	0.13839
0.07463	0.06476	0.05714
0.12621	0.1018	0.09282
0.08759	0.06604	0.05496
0.20548	0.10874	0.0988
0.25893	0.22093	0.1876
0.32857	0.18	0.17298
0.0	0.0	0.0
0.20213	0.15837	0.13081
0.12676	0.04545	0.06497
0.12903	0.12903	0.13462
0.3301	0.27718	0.27205
0.14286	0.11849	0.08146
0.46154	0.43895	0.36842
0.11111	0.07027	0.07676
0.09174	0.08094	0.0914
0.4386	0.25896	0.30026
0.13953	0.08723	0.08207
0.06452	0.01406	0.0
0.41071	0.25004	0.28545
0.02899	0.0173	0.0
0.18868	0.0974	0.10425
0.05208	0.04133	0.01396
0.50526	0.42143	0.43455
0.17442	0.11667	0.15425
0.03704	0.01077	0.01076
0.33824	0.23225	0.22932
0.0597	0.02433	0.02887
0.10145	0.05822	0.04122
0.05333	0.03915	0.04051
0.34545	0.28858	0.31034
0.17241	0.1157	0.13677
0.1619	0.09019	0.10317
0.0	0.0	0.0
0.41176	0.27256	0.30855
0.33333	0.22332	0.22742
0.28829	0.21637	0.23835
0.45455	0.3934	0.42237
0.1	0.07206	0.06453
0.26786	0.22727	0.26119
0.21429	0.16275	0.13216
0.06452	0.02863	0.0
0.16667	0.07329	0.05152
0.10345	0.06546	0.0689
0.04082	0.02979	0.01188
0.44304	0.27343	0.32298
0.18557	0.08051	0.08163
0.10219	0.08384	0.06596
0.31818	0.21502	0.22996
0.45263	0.29002	0.30221
0.12069	0.1065	0.06495
0.13725	0.10849	0.11111
0.45098	0.29508	0.27959
0.13636	0.12793	0.15121
0.21311	0.14969	0.16418
0.0	0.0	0.0
0.02913	0.02271	0.01695
0.0	0.0	0.0
0.02083	0.01715	0.03165
0.4375	0.30096	0.26236
0.0	0.0	0.0
0.32468	0.21391	0.21362
0.57746	0.46618	0.49133
0.0	0.0	0.0
0.11207	0.08092	0.08249
0.07921	0.04361	0.03491
0.27083	0.15663	0.18392
0.25287	0.13109	0.11002
0.24359	0.17767	0.1827
0.07042	0.05634	0.05843
0.12295	0.08897	0.09091
0.15663	0.10436	0.12346
0.03797	0.02001	0.02273
0.54237	0.49946	0.45358
0.05814	0.01464	0.00206
0.29091	0.16983	0.19988
0.03226	0.02003	0.0
0.04	0.0173	0.02993
0.18033	0.14226	0.13156
0.06349	0.05146	0.02778
0.34746	0.26573	0.29578
0.01333	0.01333	0.0
0.20354	0.17785	0.17281
0.13725	0.08163	0.04627
0.10769	0.08289	0.06094
0.36585	0.23683	0.26539
0.0	0.0	0.0
0.11628	0.0644	0.0678
0.10891	0.04793	0.03844
0.24786	0.15428	0.13313
0.15278	0.05199	0.0347
0.16418	0.11604	0.11706
0.14388	0.10247	0.09572
0.08602	0.02846	0.02582
0.06349	0.03278	0.01906
0.26984	0.1649	0.11203
0.23585	0.16056	0.12086
0.09091	0.04914	0.02324
0.27848	0.21009	0.26985
0.20635	0.13622	0.13853
0.47761	0.32791	0.30787
0.14035	0.11998	0.10537
0.24242	0.21132	0.22436
0.09524	0.08894	0.06897
0.04878	0.04878	0.04651
0.09877	0.03785	0.02653
0.2541	0.22304	0.2341
0.22449	0.14516	0.12348
0.7541	0.61134	0.58309
0.15217	0.11	0.09851
0.17582	0.09803	0.11576
1.74	1.7258	1.58621
0.03704	0.02827	0.02326
0.04717	0.02481	0.02226
0.13636	0.12258	0.13559
0.12069	0.09635	0.10005
0.38136	0.31481	0.37363
0.46667	0.46667	0.45455
0.30488	0.29682	0.25
0.12214	0.10294	0.11268
0.63415	0.55	0.455
0.51786	0.51786	0.5
0.0	0.0	0.0
0.26923	0.13187	0.11507
0.12766	0.07037	0.04429
0.38983	0.24631	0.22326
0.30952	0.30952	0.28
0.175	0.11575	0.13043
0.04615	0.02209	0.0
0.0303	0.01027	0.0
0.09091	0.05083	0.02484
0.07143	0.02882	0.0211
0.09524	0.05031	0.04975
0.0	0.0	0.0
0.15789	0.103	0.12803
0.22917	0.21271	0.26985
0.28571	0.27579	0.30194
0.45946	0.24857	0.2065
0.5102	0.30912	0.25511
0.03846	0.01396	0.019
0.0339	0.01395	0.01561
0.04615	0.03375	0.02857
0.70492	0.51248	0.46874
0.25	0.16108	0.15207
0.15152	0.04306	0.04243
0.32258	0.28476	0.32225
0.05357	0.04291	0.08286
0.14516	0.1025	0.07762
0.0431	0.02475	0.0247
0.12	0.07646	0.07143
0.10833	0.09852	0.08836
0.1405	0.086	0.10171
0.2375	0.15202	0.12587
0.38462	0.31103	0.27617
0.19231	0.14083	0.1613
0.31081	0.21034	0.22622
0.05357	0.01384	0.0
0.14103	0.0664	0.07577
0.2449	0.18633	0.13738
0.25424	0.16214	0.12809
0.14474	0.05499	0.0378
0.28846	0.27481	0.30704
0.02083	0.00202	0.0
0.15	0.0632	0.051
0.41026	0.3619	0.37657
0.2625	0.16395	0.1484
0.24359	0.13258	0.11819
0.24176	0.20774	0.23373
0.01667	0.00565	0.0
0.13333	0.12212	0.12903
0.25287	0.18245	0.17204
0.41304	0.39761	0.40741
0.11111	0.06752	0.07077
0.30108	0.20847	0.23742
0.47727	0.47727	0.43478
0.02326	0.00563	0.0
0.57353	0.4706	0.44526
0.08333	0.04303	0.06453
0.11594	0.07084	0.05774
0.05556	0.03249	0.025
0.13333	0.08909	0.0697
0.02	0.02	0.01786
0.03704	0.03704	0.0
0.17045	0.11603	0.10931
0.12857	0.12857	0.13889
0.16176	0.14991	0.15789
0.34066	0.206	0.21
0.14634	0.11436	0.1205
0.25397	0.19242	0.17528
0.33333	0.25888	0.18817
0.2931	0.20941	0.18945
0.05	0.01856	0.00633
0.04	0.01979	0.02439
0.11475	0.07788	0.06898
0.4026	0.30396	0.28648
0.15	0.07798	0.08406
0.16522	0.07926	0.07222
0.05882	0.05882	0.03704
0.36842	0.25698	0.2317
0.09639	0.09639	0.1087
0.19355	0.16911	0.17462
0.22059	0.1606	0.13735
0.2	0.14627	0.125
0.37143	0.25464	0.29278
0.71053	0.63584	0.74195
0.78	0.571	0.54594
0.81034	0.55593	0.44717
0.12329	0.1129	0.10526
0.16981	0.16981	0.17857
0.33333	0.21864	0.2289
0.10345	0.09047	0.09171
0.0	0.0	0.0
0.2	0.12699	0.11333
0.37143	0.25787	0.18364
0.1746	0.13775	0.11111
0.16456	0.08538	0.06456
0.34211	0.21608	0.21357
0.21905	0.16714	0.17056
0.46032	0.32722	0.31721
0.11429	0.0332	0.03568
0.06452	0.01406	0.0
0.08861	0.05351	0.05573
0.07273	0.0478	0.043
0.24615	0.21266	0.1995
0.4898	0.39206	0.37278
0.13253	0.13235	0.13333
0.16393	0.09336	0.10646
0.42105	0.36163	0.4081
0.34286	0.29726	0.36535
0.09231	0.04071	0.04668
0.18421	0.10655	0.0932
0.23404	0.14791	0.16008
0.11538	0.03881	0.04063
0.19298	0.12114	0.08672
0.02857	0.00554	0.0
0.0678	0.02215	0.01209
0.06667	0.05037	0.05882
0.24528	0.13819	0.13735
0.025	0.025	0.04444
0.16667	0.08273	0.09078
0.68852	0.61769	0.62526
0.0	0.0	0.0
0.13333	0.09716	0.10196
0.19149	0.17434	0.16
0.38889	0.21108	0.2339
0.40789	0.35571	0.3244
0.09524	0.05031	0.04975
0.13043	0.07296	0.08
0.14894	0.12081	0.10963
0.0	0.0	0.0
0.11667	0.02262	0.00647
0.28571	0.17795	0.16086
0.65854	0.5492	0.46962
0.1875	0.09681	0.08361
0.19608	0.19608	0.18519
0.28571	0.2222	0.19558
0.55357	0.49138	0.54787
0.0	0.0	0.0
0.22642	0.16283	0.14979
0.23529	0.17237	0.16589
0.2	0.16621	0.17436
0.09434	0.03623	0.07637
0.10084	0.06791	0.06645
0.13725	0.11037	0.07489
0.33333	0.18332	0.16259
0.08197	0.03228	0.00511
0.25455	0.19473	0.24711
0.40541	0.31741	0.29348
0.0	0.0	0.0
0.14754	0.09519	0.07776
0.4	0.21415	0.22145
0.0	0.0	0.0
0.46512	0.32974	0.33744
0.17647	0.15774	0.16377
1.575	1.24235	1.07748
0.34043	0.26977	0.26212
0.20408	0.1149	0.12658
0.28736	0.1578	0.1384
0.46774	0.40765	0.37489
0.59184	0.52502	0.53918
0.29545	0.18257	0.17942
0.36207	0.21748	0.19845
0.04286	0.03341	0.025
0.04615	0.02134	0.0
0.10448	0.06427	0.05206
0.01639	0.00318	0.0
0.01923	0.00187	0.00346
0.14286	0.09823	0.08992
0.33333	0.16887	0.10014
0.18462	0.09306	0.09915
0.15068	0.10914	0.14853
0.39024	0.32773	0.32054
0.06849	0.06849	0.07317
0.07143	0.05262	0.03629
0.21667	0.17367	0.20579
0.01923	0.00187	0.0
0.02273	0.0187	0.03292
0.26923	0.19542	0.19788
0.24242	0.17303	0.21594
0.25397	0.21633	0.16216
0.13846	0.10943	0.12119
0.08571	0.03711	0.01452
0.22	0.12664	0.14574
0.09677	0.08377	0.06061
0.17241	0.11683	0.1592
0.05263	0.03142	0.05427
0.08571	0.05184	0.02703
0.21622	0.12751	0.15603
0.21667	0.12852	0.15828
0.30928	0.18328	0.21469
0.03922	0.00761	0.00719
0.19048	0.09719	0.11926
0.04938	0.04181	0.04444
0.04938	0.03067	0.02326
0.32203	0.24634	0.21378
0.20482	0.1514	0.11643
0.53012	0.44055	0.39392
0.07042	0.03704	0.05
0.48837	0.44112	0.47826
0.39474	0.28142	0.1968
0.05634	0.03521	0.0211
0.17391	0.15428	0.15385
0.26415	0.21153	0.21024
0.18072	0.12633	0.12656
0.11111	0.06195	0.077
0.125	0.04102	0.0287
0.15493	0.04751	0.03114
0.46939	0.30184	0.27841
0.32075	0.23038	0.17207
0.08197	0.04469	0.0303
0.0	0.0	0.0
0.06667	0.0406	0.03411
0.07692	0.03474	0.04545
0.13043	0.07752	0.10196
0.01562	0.0053	0.0
0.22222	0.13131	0.1306
0.56	0.3981	0.31171
0.5102	0.37463	0.33182
0.075	0.0371	0.0
0.35897	0.30154	0.26886
0.19403	0.13003	0.12819
0.24691	0.12469	0.12676
0.27	0.15922	0.17245
0.01316	0.00509	0.0
0.16981	0.09132	0.13852
0.03704	0.023	0.0
0.18333	0.0761	0.07762
0.06897	0.052	0.03277
0.03226	0.03226	0.04
0.14583	0.10502	0.10765
0.19136	0.12079	0.11082
0.19403	0.11991	0.14886
0.17857	0.08988	0.07821
0.26606	0.2375	0.29985
0.18868	0.1823	0.15591
0.19512	0.10839	0.123
0.05645	0.01589	0.01983
0.05085	0.00739	0.00647
0.10843	0.03713	0.02841
0.15	0.09318	0.02641
0.02985	0.01854	0.0
0.38596	0.29318	0.31853
0.23684	0.20332	0.15836
0.36111	0.32953	0.32415
0.525	0.47098	0.39974
0.02273	0.0187	0.03292
0.08772	0.06198	0.07077
0.14286	0.12136	0.13043
0.22857	0.14011	0.15961
0.15455	0.10515	0.08883
0.25714	0.14703	0.14228
0.29508	0.19833	0.14794
0.0	0.0	0.0
0.0	0.0	0.0
0.0678	0.00986	0.00606
0.07407	0.05424	0.07041
0.09091	0.04914	0.02324
0.07937	0.07141	0.08894
0.69231	0.54065	0.51777
0.29412	0.20686	0.2067
0.2562	0.20289	0.1797
0.14103	0.09845	0.10217
0.82192	0.74105	0.74355
0.75	0.51295	0.53509
0.04286	0.00693	0.0071
0.3125	0.19884	0.16622
0.05556	0.04361	0.04839
0.0974	0.06682	0.06417
0.0	0.0	0.0
0.01667	0.00565	0.0
0.76923	0.68408	0.61905
0.19355	0.14452	0.15969
0.20225	0.16602	0.16298
0.27869	0.22767	0.24144
0.23077	0.16254	0.15403
0.475	0.3061	0.27143
0.21875	0.15728	0.12458
0.25352	0.16154	0.15056
0.26415	0.20271	0.21763
0.02597	0.01551	0.02326
0.1875	0.1875	0.18421
0.25974	0.24656	0.25376
0.17073	0.11568	0.15032
0.09524	0.06965	0.05882
0.22917	0.2154	0.2
0.14085	0.08499	0.09195
0.0	0.0	0.0
0.12727	0.12727	0.10345
0.27027	0.24849	0.26316
0.39362	0.28554	0.29033
0.26866	0.25518	0.20277
0.17143	0.17143	0.2
0.17143	0.09927	0.11264
0.51282	0.31228	0.34226
0.04098	0.03068	0.03564
0.32911	0.16094	0.15753
0.02564	0.02564	0.025
0.10127	0.07127	0.06977
0.45455	0.40861	0.38889
0.27083	0.15663	0.18392
0.46053	0.25324	0.23209
0.14754	0.12666	0.13733
0.11111	0.0957	0.09644
0.0229	0.0229	0.02817
0.07273	0.02964	0.00606
0.02817	0.01954	0.02273
0.28571	0.17862	0.13712
0.2093	0.10974	0.10002
0.39623	0.33174	0.371
0.08537	0.02579	0.03031
0.2037	0.14309	0.12683
0.2381	0.2166	0.25404
0.37143	0.20971	0.21366
0.09836	0.06267	0.06355
0.08911	0.06659	0.0534
0.92727	0.80473	0.64477
0.1134	0.08846	0.08788
0.03704	0.03704	0.0
0.18966	0.13238	0.13003
0.10345	0.08788	0.08571
0.0411	0.02873	0.02564
0.19178	0.11778	0.14434
0.21053	0.11519	0.14829
0.11628	0.11628	0.07692
0.04762	0.02957	0.0
0.33333	0.20852	0.24803
0.12727	0.06776	0.03783
0.1	0.05808	0.06738
0.7037	0.43374	0.30944
0.07792	0.05132	0.05514
0.01562	0.00152	0.00285
0.17778	0.16256	0.14296
0.04	0.01979	0.02439
0.48718	0.42474	0.4301
0.18868	0.15398	0.14152
0.03704	0.03704	0.02222
0.28261	0.23775	0.27831
0.61111	0.58872	0.66667
0.20833	0.14317	0.13164
0.41935	0.35539	0.35181
0.54348	0.34615	0.28864
0.12644	0.08251	0.09547
0.03175	0.01971	0.0
0.04717	0.01538	0.00658
0.10976	0.1011	0.09091
0.33333	0.28216	0.28495
0.08451	0.07724	0.06537
0.72414	0.54731	0.61959
0.2	0.15509	0.17352
0.0678	0.06315	0.0625
0.14035	0.07133	0.07766
0.06061	0.04839	0.02778
0.13333	0.09966	0.10845
0.22857	0.1431	0.14687
0.30909	0.22138	0.20603
0.28986	0.16574	0.14349
0.16667	0.0949	0.08972
0.41379	0.27147	0.29424
0.11017	0.06603	0.05806
0.27434	0.21668	0.24069
0.35	0.25687	0.31181
0.51111	0.47384	0.5084
0.05085	0.02269	0.00303
0.02198	0.01365	0.0
0.25275	0.15619	0.15941
0.27778	0.20535	0.19302
0.06944	0.06026	0.04878
0.21622	0.14823	0.15838
0.03333	0.0207	0.0
0.33333	0.29858	0.28776
0.04	0.03354	0.0
0.07018	0.04274	0.03125
0.29688	0.18725	0.23451
0.25287	0.21636	0.23119
0.11304	0.10603	0.1129
0.08772	0.05123	0.03226
0.0	0.0	0.0
0.04	0.01979	0.02439
0.01087	0.00263	0.0
0.12676	0.07338	0.05115
0.83621	0.81577	0.80952
0.0	0.0	0.0
0.35714	0.22818	0.22045
0.06742	0.02538	0.02239
0.17143	0.10601	0.12989
0.29412	0.23398	0.23843
0.1375	0.09094	0.09046
0.08929	0.03257	0.00313
0.06522	0.0307	0.02194
0.48387	0.46723	0.34126
0.07042	0.03704	0.05
0.0	0.0	0.0
0.17857	0.13538	0.13689
0.28571	0.17416	0.18432
0.875	0.70469	0.55616
0.07143	0.04262	0.03539
0.19048	0.13033	0.15906
0.51282	0.34203	0.35479
0.39394	0.33873	0.34195
0.20755	0.15066	0.19096
0.72414	0.58438	0.59938
0.16667	0.08273	0.09078
0.0	0.0	0.0
0.11333	0.06485	0.06905
0.0915	0.07665	0.0758
0.56757	0.50784	0.60829
0.04762	0.04762	0.04545
0.12	0.0555	0.05993
0.12658	0.07576	0.0695
0.04478	0.03418	0.03794
0.15238	0.1017	0.14333
0.0	0.0	0.0
0.87805	0.65968	0.67504
0.25424	0.22417	0.222
0.47368	0.31963	0.36176
0.08036	0.05632	0.05671
0.14493	0.12039	0.12237
0.03448	0.03448	0.0303
0.07317	0.01773	0.0
0.18447	0.11762	0.11539
0.16505	0.12874	0.12736
0.09735	0.04797	0.03299
0.14286	0.07338	0.04438
0.24675	0.19064	0.15141
0.11504	0.06924	0.09627
0.16949	0.11917	0.12306
0.06897	0.01503	0.02119
0.19403	0.12268	0.10659
0.17708	0.11528	0.09983
0.03086	0.01743	0.01467
0.06923	0.05807	0.05093
0.0	0.0	0.0
0.18	0.1118	0.12783
0.0566	0.01098	0.0
0.13846	0.07174	0.08021
0.0396	0.01614	0.01925
0.16129	0.09471	0.09126
0.52055	0.43637	0.3673
0.37736	0.22404	0.24252
0.39216	0.30618	0.24976
0.36842	0.23602	0.2597
0.12346	0.07627	0.08689
0.27119	0.22186	0.22097
0.24823	0.1469	0.1613
0.11364	0.06674	0.06329
0.10909	0.06424	0.06667
0.01613	0.00781	0.01383
0.16667	0.05882	0.0511
0.15942	0.15942	0.15385
0.05	0.03726	0.0265
0.20896	0.18007	0.18178
0.26667	0.12452	0.14016
0.02857	0.02857	0.02439
0.02778	0.0074	0.00485
0.36364	0.31421	0.31184
0.5098	0.32202	0.3537
0.07317	0.04268	0.01351
0.12698	0.11649	0.09091
0.46377	0.34342	0.26129
0.54717	0.32842	0.28829
0.0	0.0	0.0
0.23256	0.17667	0.17742
0.0	0.0	0.0
0.12245	0.06222	0.09398
0.42478	0.27509	0.29012
0.30909	0.25222	0.24348
0.24107	0.17095	0.15426
0.77358	0.6753	0.7339
0.10156	0.03833	0.02219
0.3	0.26452	0.25121
0.24793	0.23621	0.23608
0.24348	0.19007	0.19383
0.0375	0.01735	0.00422
0.21212	0.21212	0.23529
0.09278	0.06502	0.07
0.13115	0.05344	0.06269
0.19697	0.12588	0.08632
0.05426	0.03477	0.04167
0.11111	0.04638	0.03349
0.52688	0.37602	0.37131
0.0	0.0	0.0
0.11594	0.0921	0.07429
0.06667	0.02239	0.02676
0.44286	0.27379	0.27644
0.01852	0.00896	0.01613
0.11017	0.06262	0.05729
0.20192	0.13819	0.12681
0.0	0.0	0.0
0.2029	0.09704	0.08895
0.30357	0.22755	0.2073
0.07143	0.0359	0.04195
0.05	0.01856	0.00633
0.15663	0.07736	0.0484
0.0	0.0	0.0
0.10256	0.02299	0.01128
0.12308	0.06106	0.03489
0.15238	0.09649	0.11912
0.35593	0.35593	0.32353
0.17857	0.0826	0.06523
0.125	0.05762	0.0929
0.28421	0.17542	0.22206
0.19767	0.0893	0.11085
0.10204	0.06765	0.07587
0.07634	0.04606	0.04526
0.29293	0.28527	0.27586
0.05195	0.05195	0.04651
0.21111	0.09949	0.08808
0.25	0.12964	0.09161
0.17391	0.08604	0.06372
0.1375	0.07906	0.1043
0.05645	0.01589	0.01983
0.04082	0.04082	0.03704
0.38298	0.34523	0.36538
0.09639	0.03306	0.01649
0.28	0.28	0.26829
0.04478	0.03275	0.02703
0.26667	0.15163	0.13
0.0	0.0	0.0
0.29688	0.20338	0.2378
0.17606	0.09544	0.10387
0.03636	0.02698	0.01561
0.17241	0.09847	0.10638
0.21519	0.21519	0.2
0.1037	0.07265	0.07053
0.07895	0.04655	0.04097
0.0	0.0	0.0
0.11765	0.04793	0.02965
0.15094	0.1117	0.0796
0.35484	0.29995	0.2696
0.1087	0.07154	0.07692
0.17925	0.12129	0.13071
0.23404	0.133	0.14362
0.09677	0.09677	0.12
0.0241	0.00817	0.0
0.02326	0.00507	0.0
0.38889	0.26285	0.21955
0.13483	0.10837	0.09929
0.59184	0.34698	0.28306
0.26667	0.1707	0.16311
0.21176	0.16054	0.19391
0.30851	0.29033	0.29809
0.25926	0.17167	0.20407
0.34921	0.24786	0.20164
0.33333	0.21098	0.1759
0.2125	0.15265	0.1315
0.01449	0.00701	0.01344
0.1875	0.15089	0.17212
0.21212	0.16488	0.18461
0.03333	0.03333	0.02941
0.05376	0.02325	0.02239
0.05797	0.04699	0.02778
0.11966	0.087	0.0756
0.20312	0.1535	0.14158
0.37113	0.22486	0.20998
0.05825	0.044	0.03509
0.37143	0.27121	0.2829
0.85366	0.7868	0.86024
0.07692	0.05605	0.05553
0.3719	0.33618	0.33871
0.60465	0.55851	0.56788
0.15556	0.10659	0.11135
0.41304	0.3412	0.38368
0.15385	0.10548	0.10714
0.07143	0.03496	0.01876
0.0	0.0	0.0
0.125	0.08738	0.09056
0.13415	0.09029	0.07785
0.20909	0.13477	0.13536
0.25	0.21513	0.15242
0.1746	0.13135	0.10724
0.41414	0.28042	0.28496
0.0	0.0	0.0
0.3211	0.20838	0.18915
0.2037	0.18639	0.22477
0.66667	0.64994	0.75346
0.01695	0.00164	0.0
0.50943	0.37313	0.39404
0.14706	0.06976	0.07116
0.16667	0.14219	0.03125
0.24684	0.17897	0.15757
0.15152	0.10118	0.12429
0.26761	0.12818	0.15324
0.35484	0.21109	0.19872
0.10989	0.06453	0.06706
0.15294	0.09168	0.09539
0.11765	0.08039	0.05818
0.33871	0.20531	0.21256
0.13253	0.05211	0.07243
0.19469	0.12633	0.10744
1.12	1.04776	0.88712
0.10784	0.06911	0.0868
0.05747	0.04005	0.04255
0.21519	0.19844	0.2086
0.03922	0.01424	0.019
0.10227	0.08285	0.06452
0.06667	0.02239	0.02676
0.04762	0.01107	0.00164
0.10256	0.06246	0.04995
0.19835	0.11933	0.13444
0.08333	0.04571	0.08738
0.1236	0.05004	0.05164
0.13393	0.08193	0.08933
0.21333	0.20516	0.21951
0.05556	0.05556	0.04545
0.19231	0.11634	0.14577
0.74757	0.59683	0.57139
0.04511	0.03165	0.02262
0.1223	0.10293	0.1011
0.25806	0.13185	0.09315
0.2	0.2	0.21739
0.21154	0.13448	0.11795
0.38938	0.30135	0.25908
0.02	0.00871	0.00834
0.07339	0.02043	0.01797
0.06742	0.02901	0.04676
0.18557	0.13453	0.13365
0.11765	0.05694	0.03317
0.25758	0.18183	0.15534
0.0	0.0	0.0
0.02857	0.00462	0.00485
0.06993	0.04455	0.04664
0.00685	0.00199	0.00367
0.01408	0.00341	0.0
0.15942	0.09117	0.04923
0.18056	0.10842	0.12744
0.04688	0.03578	0.03794
0.32857	0.32857	0.28571
0.82222	0.74016	0.74712
1.01333	0.86392	0.89152
0.0597	0.02433	0.02887
0.06481	0.03361	0.02313
0.44872	0.34412	0.34055
0.17	0.11888	0.08316
0.09901	0.05734	0.04695
0.10909	0.07742	0.10558
0.04348	0.03787	0.0291
0.31884	0.24265	0.26854
0.04545	0.03727	0.03585
0.05634	0.05634	0.04762
0.14961	0.13806	0.14493
0.27632	0.21966	0.26751
0.1619	0.12736	0.12488
0.19231	0.11571	0.12096
0.32184	0.22008	0.19287
0.12245	0.10401	0.09114
0.25806	0.2201	0.24911
0.11111	0.08194	0.07842
0.19231	0.14931	0.16995
0.11607	0.10354	0.09786
0.21311	0.09046	0.04947
0.0	0.0	0.0
0.22807	0.13356	0.10665
0.30769	0.15215	0.15029
0.0	0.0	0.0
0.01961	0.01233	0.01966
0.04286	0.04286	0.04878
0.16438	0.12751	0.10189
0.15385	0.14118	0.13329
0.12676	0.09701	0.06976
0.09091	0.03705	0.0477
0.15385	0.103	0.14186
0.17391	0.05228	0.01552
0.16216	0.09681	0.1097
0.15686	0.08827	0.0624
0.07463	0.0301	0.04054
0.0	0.0	0.0
0.14019	0.10976	0.12847
0.09804	0.04571	0.03481
0.0	0.0	0.0
0.07865	0.05801	0.04695
0.12632	0.08303	0.0974
0.04444	0.04444	0.04348
0.03797	0.00981	0.00226
0.61538	0.52485	0.49247
0.2963	0.26644	0.26316
0.03636	0.03636	0.03448
0.14118	0.07042	0.08513
0.14815	0.09978	0.09973
0.09639	0.03306	0.01649
0.2439	0.18532	0.18059
0.05479	0.03734	0.0411
0.60606	0.47558	0.4185
0.11628	0.11628	0.07692
0.10112	0.08192	0.08033
0.52632	0.45555	0.49381
0.1875	0.13611	0.14489
0.16667	0.12826	0.12388
0.01149	0.0039	0.0
0.11628	0.08553	0.08
0.35593	0.24224	0.25997
0.08	0.05581	0.05162
0.0708	0.03655	0.03755
0.42857	0.41418	0.34965
0.43333	0.407	0.41082
0.43333	0.407	0.41082
0.12245	0.106	0.07566
0.4625	0.33634	0.37202
0.01613	0.00313	0.00588
0.2	0.14127	0.13865
0.13095	0.08699	0.09964
0.09211	0.03228	0.04693
0.0	0.0	0.0
0.4878	0.30963	0.35952
0.3	0.22977	0.20762
0.07843	0.03606	0.06033
0.16456	0.14006	0.13709
0.24691	0.15535	0.1408
0.14433	0.11723	0.12298
0.41463	0.22905	0.22464
0.01042	0.01042	0.0
0.2029	0.16457	0.15476
0.21739	0.20863	0.19231
0.12821	0.08954	0.1
0.14458	0.11601	0.11584
0.28	0.20034	0.18365
0.0303	0.02688	0.05218
0.15044	0.12575	0.12242
0.06349	0.04021	0.03227
0.03704	0.03002	0.01613
0.0	0.0	0.0
0.07273	0.02964	0.00606
0.10714	0.06549	0.07918
0.31111	0.23587	0.18054
0.0	0.0	0.0
0.07547	0.05906	0.09441
0.48193	0.33504	0.34433
0.22368	0.15218	0.1908
0.04348	0.04348	0.0
0.19118	0.13215	0.09803
0.18868	0.13908	0.10381
0.25	0.25	0.28125
0.27778	0.24313	0.19634
0.30357	0.20968	0.18747
0.26667	0.1632	0.19756
0.18644	0.18644	0.17143
0.17105	0.12564	0.09756
0.06452	0.00939	0.00554
0.08333	0.03556	0.03554
0.44776	0.26267	0.25808
0.21311	0.1568	0.14919
0.15493	0.11155	0.13236
0.0411	0.0327	0.02439
0.21818	0.19781	0.19865
0.03226	0.01015	0.00829
0.02326	0.00507	0.0
0.2766	0.20557	0.197
0.08333	0.08333	0.05882
0.03636	0.02698	0.01561
0.03846	0.03846	0.04651
0.75676	0.65303	0.53686
0.07143	0.036	0.05394
0.26316	0.13868	0.10377
0.03571	0.01326	0.00469
0.20968	0.13347	0.14012
0.25714	0.2477	0.19048
0.02564	0.01592	0.0
0.06897	0.02976	0.01173
0.08955	0.03999	0.03397
0.01149	0.0039	0.0
0.09565	0.07672	0.04839
0.2451	0.13886	0.14458
0.46032	0.26041	0.24291
0.08861	0.03758	0.03944
0.07477	0.06723	0.06897
0.08333	0.02803	0.03228
0.07937	0.04635	0.02778
0.16	0.10777	0.09001
0.05747	0.04005	0.04255
0.01613	0.00547	0.0
0.3	0.17545	0.14959
0.57955	0.42873	0.47961
0.2973	0.21976	0.26581
0.08929	0.03257	0.03333
0.08696	0.03906	0.05189
0.24	0.13812	0.0945
0.2	0.08885	0.07242
0.13953	0.13953	0.14815
0.07018	0.05604	0.07077
0.19512	0.14538	0.14583
0.20253	0.136	0.15177
0.08511	0.05389	0.03774
0.46154	0.34	0.371
0.01639	0.00318	0.0
0.44898	0.30057	0.25579
0.21667	0.1116	0.08419
0.0122	0.00295	0.0
0.15625	0.14366	0.11335
0.16129	0.09523	0.11485
0.25397	0.18152	0.18894
0.05825	0.02428	0.02347
0.04167	0.03226	0.03883
0.07368	0.05875	0.04898
0.56731	0.56328	0.60668
0.32308	0.23403	0.22005
0.19697	0.1657	0.22222
0.17308	0.10921	0.11348
0.35294	0.35294	0.38889
0.23077	0.23077	0.22727
0.30693	0.19038	0.17714
0.22951	0.16369	0.22627
0.10294	0.07994	0.08333
0.05882	0.03384	0.019
0.13115	0.0677	0.07423
0.05085	0.00822	0.00856
0.45	0.31535	0.37245
0.06593	0.05708	0.06383
0.36207	0.26476	0.31219
0.13115	0.08938	0.07762
0.04124	0.04124	0.03704
0.10185	0.05841	0.0414
0.7561	0.53549	0.4272
0.07857	0.05576	0.04533
0.07692	0.05286	0.02857
0.06604	0.02892	0.03679
0.24242	0.18526	0.18056
0.17442	0.06641	0.07154
0.04348	0.01614	0.02582
1.21053	0.79558	0.635
0.06	0.03354	0.04783
0.30986	0.24514	0.25565
0.08163	0.01188	0.01437
0.54348	0.38187	0.41069
0.10769	0.08289	0.06094
0.05618	0.03281	0.0291
0.08889	0.07098	0.08776
0.12346	0.07807	0.06117
0.09722	0.04258	0.05626
0.15054	0.10875	0.12582
0.31884	0.27374	0.27224
0.125	0.08292	0.0769
0.13889	0.07006	0.03728
0.1875	0.10705	0.12114
0.12727	0.06102	0.03571
0.67188	0.42016	0.43994
0.13043	0.09399	0.10728
0.3662	0.31965	0.33128
0.18571	0.18571	0.18421
0.03226	0.01769	0.02703
0.36667	0.34302	0.36732
0.23656	0.19841	0.24955
0.0	0.0	0.0
0.07143	0.05346	0.06961
0.09735	0.08493	0.07643
0.05682	0.03153	0.02083
0.08824	0.03251	0.02039
0.40426	0.336	0.28846
0.17143	0.13433	0.15383
0.14035	0.12733	0.0625
0.0	0.0	0.0
0.19512	0.11883	0.09091
0.03636	0.01995	0.03448
0.17582	0.10708	0.0755
0.11236	0.07847	0.08746
0.02778	0.02166	0.01754
0.29508	0.29508	0.27273
0.21277	0.21277	0.18519
0.55224	0.44657	0.46949
0.25	0.1898	0.16035
0.3913	0.20107	0.1979
0.2875	0.197	0.16272
0.38356	0.36877	0.35195
0.08955	0.05598	0.04362
0.05	0.0263	0.03509
0.16393	0.08307	0.07766
0.13158	0.09892	0.053
0.11905	0.07873	0.08853
0.01235	0.01235	0.02174
0.2449	0.17743	0.15676
0.41096	0.31621	0.30215
0.0	0.0	0.0
0.0	0.0	0.0
0.08108	0.05885	0.05145
0.16279	0.12455	0.12062
0.45679	0.38554	0.4131
0.05882	0.01282	0.00462
0.24561	0.17177	0.14947
0.0	0.0	0.0
0.86364	0.6958	0.81854
0.09449	0.06478	0.04512
0.15584	0.1349	0.13953
0.21	0.11003	0.09122
0.18254	0.13672	0.14652
0.07407	0.01377	0.01078
0.21622	0.15216	0.16811
0.5098	0.3299	0.34628
0.16667	0.13057	0.14748
0.62687	0.58233	0.64603
0.05797	0.03671	0.02778
0.03077	0.00745	0.0
0.05195	0.05195	0.06667
0.14035	0.05379	0.04058
0.0	0.0	0.0
0.0303	0.00831	0.0
1.0	0.79134	0.76533
0.09231	0.04071	0.04668
0.0625	0.02521	0.00226
0.46512	0.32109	0.4355
0.28571	0.2235	0.18244
0.0	0.0	0.0
0.62745	0.58414	0.54493
0.15686	0.093	0.07889
0.14286	0.10082	0.10174
0.07018	0.03453	0.01966
0.36111	0.36111	0.3
0.19481	0.13386	0.14904
0.30882	0.2294	0.20397
0.2	0.14779	0.13856
0.0	0.0	0.0
0.26	0.17422	0.17571
0.07692	0.04644	0.04328
0.18478	0.07401	0.0697
0.11009	0.07755	0.09302
0.22222	0.12011	0.09833
0.10959	0.06827	0.07811
0.02941	0.01637	0.02605
0.44828	0.34523	0.36162
0.51282	0.42805	0.4313
0.19355	0.15532	0.15445
0.54717	0.36342	0.37545
0.27869	0.21392	0.21236
0.13158	0.07218	0.11586
0.09804	0.08412	0.07143
0.22917	0.1959	0.19475
0.21839	0.15224	0.13582
0.2381	0.13214	0.14072
0.13178	0.09003	0.1073
0.03279	0.00318	0.00554
0.11765	0.08207	0.09424
0.05	0.02983	0.04688
0.09375	0.02498	0.02906
0.2963	0.19757	0.18796
0.0	0.0	0.0
0.3	0.24173	0.27337
0.0303	0.00661	0.0
0.2973	0.21865	0.21168
0.23256	0.14107	0.09978
0.33333	0.22988	0.30277
0.25	0.23848	0.24291
0.09375	0.04411	0.03963
0.23529	0.12734	0.14186
0.08989	0.07033	0.07538
0.12613	0.12613	0.15385
0.5	0.35053	0.44517
0.0	0.0	0.0
0.04545	0.00735	0.00831
0.05556	0.02329	0.0165
0.21154	0.21154	0.2069
0.01493	0.00506	0.0
0.08065	0.07623	0.07368
0.36207	0.26478	0.22339
0.05634	0.04499	0.02564
0.13095	0.12039	0.10904
0.19672	0.14359	0.14517
0.59322	0.44154	0.5565
0.03922	0.01424	0.019
0.54545	0.54545	0.42857
0.125	0.10131	0.08333
0.0	0.0	0.0
0.2	0.04569	0.02425
0.03175	0.00846	0.0
0.08537	0.03168	0.03437
0.92857	0.87789	0.78631
0.125	0.11246	0.09524
0.40426	0.31538	0.30034
0.09195	0.04637	0.02582
0.2	0.16048	0.2169
0.21311	0.1338	0.06546
0.35185	0.30513	0.30884
0.17241	0.11774	0.11896
0.09589	0.04929	0.05162
0.35556	0.2982	0.30331
0.02083	0.00202	0.00334
0.38667	0.26088	0.24078
0.41304	0.34189	0.32508
0.11765	0.0522	0.06164
0.625	0.63913	0.6
0.3125	0.1855	0.20829
0.10256	0.07941	0.04986
0.05376	0.02325	0.02239
0.4	0.33723	0.33872
0.27419	0.1959	0.19171
0.31481	0.20281	0.21802
0.0	0.0	0.0
0.01923	0.00373	0.0
0.0339	0.0339	0.02941
0.21127	0.17061	0.17524
0.29032	0.11945	0.10658
0.0	0.0	0.0
0.11765	0.04793	0.02965
0.125	0.125	0.15385
0.14894	0.10262	0.12
0.42623	0.32156	0.2816
0.02439	0.00827	0.0
0.16071	0.0847	0.08966
0.13462	0.11104	0.12014
0.3908	0.25475	0.24384
0.25424	0.18317	0.18964
0.14815	0.06394	0.07637
0.22619	0.16802	0.15753
0.43478	0.30577	0.29107
0.16279	0.1446	0.14122
0.07407	0.04989	0.04839
0.15686	0.11039	0.11348
0.13978	0.07268	0.08255
0.35593	0.23241	0.28461
0.66667	0.49613	0.41096
0.05455	0.04253	0.03448
0.32609	0.21113	0.23577
0.07143	0.0359	0.04195
0.0	0.0	0.0
0.25	0.136	0.20296
0.19444	0.18033	0.1275
0.29091	0.18833	0.21748
0.26087	0.11413	0.16175
0.2	0.12789	0.12072
0.05952	0.05107	0.04348
0.29787	0.16493	0.1638
0.02817	0.01954	0.02703
0.43103	0.22448	0.23003
0.12644	0.10438	0.10181
0.16901	0.08315	0.12159
0.025	0.025	0.02128
0.26923	0.24318	0.20832
0.64286	0.38867	0.42814
0.09091	0.04107	0.02391
0.0	0.0	0.0
0.22449	0.14947	0.07767
0.25862	0.17552	0.16434
0.14286	0.06511	0.05983
0.02632	0.02632	0.02273
0.0	0.0	0.0
0.09859	0.05228	0.0669
0.29032	0.18031	0.186
0.28846	0.26583	0.21613
0.1746	0.15873	0.17647
0.11765	0.08698	0.07143
0.05714	0.04631	0.02778
0.16949	0.0998	0.12709
0.2	0.14956	0.18497
0.08929	0.08929	0.1
0.41176	0.26851	0.30761
0.45833	0.29404	0.30646
0.31579	0.25511	0.30805
0.12245	0.04512	0.025
0.05634	0.02228	0.02912
0.26667	0.1925	0.16749
0.41379	0.30341	0.2484
0.11268	0.07361	0.04718
0.22951	0.21285	0.22228
0.09524	0.05876	0.08311
0.17172	0.12628	0.12388
1.43243	1.20457	0.96068
0.16038	0.11216	0.08483
0.25	0.17098	0.1796
0.05882	0.03618	0.02364
0.19118	0.10296	0.10232
0.09244	0.07306	0.08137
0.40984	0.24011	0.25173
0.275	0.22905	0.22875
0.01613	0.00547	0.0
0.0	0.0	0.0
0.11765	0.06833	0.07767
0.03614	0.007	0.00206
0.25532	0.23422	0.21485
0.14783	0.12805	0.14062
0.10606	0.07015	0.05556
0.58182	0.58182	0.6301
0.19565	0.1061	0.07002
0.09677	0.04788	0.02194
0.07018	0.02902	0.00313
0.28866	0.17712	0.15253
0.36585	0.28287	0.263
0.03947	0.03078	0.02381
0.02667	0.02667	0.02326
0.21111	0.13139	0.13569
0.10169	0.05278	0.04206
0.05172	0.03866	0.03125
0.5	0.35845	0.29925
0.13684	0.13684	0.13793
0.30612	0.2831	0.29002
0.08889	0.07098	0.08776
0.24242	0.24242	0.23636
0.20312	0.12728	0.12769
0.42308	0.28335	0.23819
0.24561	0.08012	0.06848
0.23077	0.2134	0.26667
0.04762	0.03103	0.01773
0.07353	0.04982	0.02632
0.40678	0.29171	0.29788
0.08434	0.05869	0.04348
0.30263	0.19049	0.19
0.18978	0.15318	0.15425
0.02344	0.02054	0.02361
0.04839	0.02548	0.03486
0.19298	0.16414	0.19245
0.36634	0.24659	0.22104
0.23853	0.11279	0.11477
0.28571	0.19588	0.23142
0.4	0.3742	0.31579
0.0303	0.00831	0.0
0.13462	0.10004	0.07981
0.2	0.11372	0.08663
0.13699	0.12793	0.11905
0.67857	0.58816	0.59336
0.36364	0.18088	0.19443
0.26506	0.16055	0.17232
0.26786	0.19643	0.18387
0.46296	0.34144	0.36937
0.1129	0.07544	0.05668
0.18868	0.10563	0.08333
0.25	0.1992	0.20382
0.0396	0.00576	0.00353
0.04317	0.04317	0.03846
0.05634	0.05634	0.04762
0.31111	0.31111	0.28571
0.37736	0.23042	0.20569
0.28889	0.238	0.25133
0.19802	0.12922	0.12112
0.21053	0.19249	0.19279
0.2125	0.12785	0.09371
0.22034	0.14766	0.13976
0.35714	0.24404	0.21308
0.02564	0.02564	0.025
0.14286	0.11144	0.1024
0.08271	0.0364	0.02524
0.09836	0.06306	0.05778
0.57143	0.50746	0.54653
0.35593	0.23544	0.23485
0.11111	0.06614	0.09008
0.33333	0.21575	0.22796
0.0	0.0	0.0
0.07826	0.03213	0.0255
0.2293	0.16346	0.18216
0.25352	0.20879	0.18228
0.0	0.0	0.0
0.23853	0.20569	0.23089
0.33663	0.19918	0.16982
0.29333	0.17467	0.20856
0.14815	0.08999	0.08131
0.20588	0.09229	0.11469
0.25	0.21138	0.24731
0.14167	0.13616	0.13846
0.13846	0.08388	0.07374
0.28261	0.19813	0.17712
0.16418	0.11773	0.11461
0.31298	0.24034	0.25262
0.21739	0.11993	0.16129
0.12	0.09742	0.092
0.19672	0.17054	0.21539
0.0	0.0	0.0
0.02597	0.02597	0.02222
0.08621	0.04117	0.06552
0.15385	0.12304	0.14552
0.20645	0.09786	0.07382
0.13889	0.04282	0.05285
0.13462	0.06362	0.05202
0.27083	0.22381	0.22986
0.09589	0.04929	0.05162
0.35185	0.26315	0.25709
0.06957	0.06199	0.0383
0.06061	0.04839	0.02778
0.09091	0.05867	0.0879
0.0	0.0	0.0
0.27692	0.17422	0.21086
0.29268	0.2392	0.23064
0.23529	0.18709	0.23081
0.0125	0.0125	0.0
0.36735	0.27157	0.20793
0.11	0.07308	0.07143
0.06977	0.02234	0.00619
0.19149	0.13317	0.16667
0.11458	0.05664	0.07634
0.36029	0.21162	0.20783
0.15447	0.09337	0.09379
0.08642	0.03546	0.02653
0.06612	0.04533	0.05679
0.13095	0.12481	0.08837
0.02581	0.00625	0.00223
0.20225	0.07779	0.08361
0.36364	0.18131	0.27894
0.09412	0.08634	0.06383
0.26087	0.20128	0.20708
0.21101	0.14473	0.13441
0.42735	0.36643	0.39057
0.31068	0.17574	0.15603
0.34884	0.32784	0.34783
0.08209	0.03793	0.02654
0.42308	0.34556	0.34081
0.01493	0.00506	0.0
0.06452	0.01329	0.00539
0.14815	0.13591	0.13333
0.14118	0.09112	0.09185
0.13415	0.08046	0.06943
0.02609	0.01375	0.00156
0.6	0.46721	0.53853
0.5	0.24175	0.18039
0.14737	0.09848	0.09434
0.57353	0.41084	0.42589
0.04762	0.03713	0.02941
0.0241	0.00817	0.0
0.01754	0.01754	0.01562
0.10256	0.09099	0.0466
0.15	0.07812	0.06694
0.10606	0.07015	0.05556
0.1875	0.15498	0.15735
0.12871	0.10476	0.12029
0.25806	0.13185	0.09315
0.29412	0.22512	0.28335
0.13265	0.05384	0.05302
0.06897	0.03411	0.02222
0.37209	0.2472	0.23253
0.41892	0.38493	0.40938
0.02899	0.01181	0.00259
0.10526	0.05293	0.03539
0.3209	0.22896	0.26275
0.0	0.0	0.0
0.28395	0.18542	0.128
0.02985	0.01999	0.02564
0.21333	0.18601	0.20352
0.29577	0.11799	0.07628
0.22973	0.22973	0.23077
0.20635	0.13724	0.16556
0.05882	0.0482	0.02385
0.4127	0.25657	0.24244
0.15	0.09193	0.16176
0.05495	0.0436	0.03774
0.22069	0.17921	0.18825
0.10526	0.06396	0.07566
0.17544	0.09537	0.10078
0.0614	0.0286	0.02593
0.21905	0.11786	0.11266
0.13235	0.07237	0.06094
0.27869	0.21734	0.19668
0.04587	0.02413	0.03279
0.05102	0.03719	0.02461
0.08642	0.03905	0.0254
0.58108	0.39015	0.43344
0.12766	0.0937	0.08873
0.40984	0.31359	0.33288
0.52727	0.29744	0.30703
0.05128	0.04487	0.04361
0.34091	0.30575	0.28173
0.10638	0.08047	0.05679
0.13333	0.09404	0.10376
0.1374	0.1198	0.13125
0.15534	0.11276	0.14322
0.03306	0.0256	0.02954
0.4	0.26134	0.29664
0.02581	0.00625	0.00223
0.08889	0.07778	0.05822
0.11607	0.06597	0.07545
0.21277	0.14129	0.12275
0.24719	0.23125	0.21569
0.04938	0.0231	0.00644
0.47778	0.43673	0.42835
0.0	0.0	0.0
0.17557	0.1155	0.09308
0.1619	0.10063	0.1097
0.44928	0.35533	0.34318
0.05714	0.03457	0.01957
0.12871	0.0987	0.11291
0.10909	0.06424	0.03783
0.25	0.13478	0.09571
0.45977	0.36729	0.36276
0.03846	0.00683	0.00677
0.10638	0.05117	0.08068
0.07692	0.03067	0.03294
0.37615	0.35706	0.31702
0.34444	0.26597	0.2474
0.07447	0.01445	0.0
0.34783	0.27235	0.26223
0.39416	0.31093	0.32041
0.09195	0.04637	0.02582
0.57955	0.48151	0.53164
0.12371	0.10227	0.09791
0.07865	0.04369	0.01923
0.0122	0.00237	0.0
0.41304	0.36046	0.38835
0.38462	0.36395	0.38095
0.35714	0.25575	0.2539
0.20455	0.16045	0.14428
0.24051	0.16149	0.1882
0.08537	0.0547	0.02934
0.21622	0.15281	0.14923
0.02941	0.0211	0.01208
0.10588	0.04651	0.07092
0.12941	0.06396	0.06654
0.25714	0.24701	0.25632
0.28125	0.22412	0.22245
0.22034	0.14766	0.13976
0.45	0.31138	0.28666
0.24675	0.15148	0.15105
0.13542	0.1109	0.14224
0.17	0.11791	0.09541
0.16129	0.09003	0.0717
0.01429	0.00277	0.0
0.0354	0.02112	0.01613
0.20423	0.12736	0.09043
0.15385	0.06409	0.04782
0.16541	0.07716	0.05765
0.21311	0.09046	0.04947
0.04255	0.00721	0.0
0.27692	0.139	0.14025
0.28916	0.1302	0.14688
0.03333	0.03333	0.02941
0.08108	0.06189	0.09091
0.5	0.32508	0.40327
0.38235	0.23438	0.1821
0.07692	0.07692	0.06897
0.0	0.0	0.0
0.2381	0.12681	0.10758
0.0	0.0	0.0
0.04938	0.04181	0.04444
0.0	0.0	0.0
0.26667	0.17665	0.20606
0.01923	0.00187	0.00346
0.10976	0.05824	0.03595
0.14545	0.11438	0.11014
1.16279	0.87442	0.68467
0.05797	0.04699	0.02778
0.38983	0.2928	0.38027
0.37143	0.3143	0.35238
0.61644	0.54796	0.59595
0.27419	0.13792	0.1014
0.30909	0.24929	0.23741
0.23913	0.22476	0.2
0.29268	0.15976	0.17412
0.08065	0.02708	0.00856
0.1087	0.07154	0.07692
0.74194	0.58065	0.63439
0.33929	0.19043	0.20919
0.0	0.0	0.0
0.08333	0.05973	0.07918
0.03077	0.00745	0.0
0.2087	0.19776	0.22556
0.02041	0.02041	0.04
0.18056	0.11271	0.1043
0.14754	0.10023	0.07169
0.35227	0.29731	0.26765
0.08929	0.0648	0.0625
0.11765	0.10294	0.1016
0.29091	0.17422	0.16453
0.0	0.0	0.0
0.02381	0.01152	0.02104
0.22321	0.16159	0.17395
0.01961	0.01961	0.0
0.51064	0.40432	0.43224
0.28889	0.13518	0.14117
0.01905	0.01874	0.01669
0.21875	0.14845	0.15705
0.46575	0.30756	0.336
0.67647	0.46962	0.43893
0.12069	0.0815	0.09679
0.07273	0.027	0.0398
0.12987	0.09239	0.06818
0.4	0.34956	0.4647
0.07143	0.03074	0.01119
0.18391	0.12663	0.10184
0.49206	0.47773	0.42857
1.37838	1.02835	0.88365
0.06422	0.02813	0.03279
0.14516	0.10694	0.0625
0.14754	0.09995	0.11633
0.0678	0.04456	0.04031
0.07843	0.04825	0.05507
0.22059	0.1855	0.19224
0.31707	0.22859	0.22436
0.37234	0.31765	0.35629
0.23333	0.19973	0.22681
0.10909	0.06129	0.07452
0.07692	0.07692	0.06897
0.125	0.08182	0.07462
0.18033	0.08807	0.09876
0.40625	0.29001	0.27247
0.88372	0.77571	0.77147
0.15	0.0472	0.04452
0.15152	0.07576	0.09532
0.175	0.07684	0.09564
0.675	0.54518	0.55471
0.09804	0.04571	0.03481
0.12069	0.0801	0.07566
0.01613	0.00781	0.01383
0.10909	0.05485	0.03571
0.0989	0.04468	0.02833
0.01587	0.00308	0.0
0.08108	0.0593	0.10448
0.13953	0.10877	0.08
0.17241	0.13543	0.12512
0.06742	0.02664	0.04114
0.1194	0.08691	0.08685
0.27559	0.20398	0.21192
0.13235	0.06454	0.05581
0.43902	0.36666	0.43339
0.46988	0.45336	0.49533
0.12121	0.07382	0.0
0.2459	0.22105	0.26471
0.39024	0.16727	0.18923
0.06522	0.0547	0.07196
0.1875	0.10705	0.12114
0.22222	0.22222	0.25806
0.2093	0.10956	0.13604
0.10448	0.06427	0.05206
1.16	1.0826	1.07836
0.38095	0.227	0.3443
0.07143	0.036	0.05394
0.16667	0.11123	0.13491
0.23364	0.13736	0.14436
0.10976	0.10228	0.08889
0.0396	0.00576	0.00353
0.09877	0.04642	0.04411
0.35	0.26372	0.26589
0.01316	0.00128	0.00231
0.04545	0.04545	0.03846
0.10619	0.06925	0.0763
0.40909	0.34956	0.34696
0.15789	0.08195	0.10855
0.19718	0.15789	0.13468
0.0	0.0	0.0
0.11538	0.06433	0.05328
0.07143	0.06267	0.02564
0.34722	0.2469	0.25766
0.20339	0.13425	0.13712
0.12245	0.05467	0.04965
0.0	0.0	0.0
0.04255	0.00413	0.00359
0.25373	0.20848	0.19703
0.20339	0.17934	0.09677
0.19048	0.14441	0.1396
1.44	1.05364	0.96567
0.2973	0.25632	0.2089
0.18182	0.15338	0.14516
0.175	0.14315	0.16495
0.08772	0.07895	0.08333
0.02174	0.02174	0.02
0.23684	0.15821	0.16935
0.55263	0.32179	0.35658
0.17857	0.15409	0.13333
0.45161	0.30413	0.38434
0.3625	0.23734	0.18184
0.30882	0.28512	0.32089
0.87755	0.70873	0.63204
0.27451	0.18945	0.1774
0.34711	0.2474	0.2452
0.17073	0.13023	0.13358
0.36441	0.2074	0.17699
0.16667	0.12922	0.12972
0.23214	0.12473	0.11765
0.18919	0.16609	0.14179
0.13433	0.09848	0.08066
0.1465	0.09875	0.08663
0.25581	0.18456	0.19565
0.26136	0.17745	0.17053
0.04	0.01979	0.02439
0.41463	0.26088	0.28965
0.08929	0.05589	0.05465
0.81132	0.72643	0.7457
0.0989	0.08437	0.06757
0.19231	0.10829	0.09919
0.07273	0.05982	0.03125
0.32759	0.17772	0.2175
0.24211	0.2034	0.20848
0.2375	0.14901	0.14237
0.08824	0.03251	0.02039
0.12	0.10172	0.10256
0.20253	0.13171	0.13942
0.14925	0.12758	0.13356
0.31313	0.21376	0.21547
0.0411	0.02873	0.02564
0.0	0.0	0.0
0.41463	0.32105	0.27936
0.12195	0.09855	0.09569
0.0	0.0	0.0
0.87879	0.68112	0.56722
0.47059	0.40388	0.4355
0.16	0.09822	0.07528
0.02857	0.00462	0.00485
0.0	0.0	0.0
0.11392	0.06677	0.06735
0.25974	0.14478	0.16169
0.21212	0.1719	0.15427
0.12644	0.10956	0.10638
0.2	0.10205	0.07384
0.38462	0.25812	0.233
0.51064	0.3813	0.36703
0.32394	0.25513	0.26997
0.11667	0.07717	0.05991
0.09091	0.03705	0.0477
0.0	0.0	0.0
0.175	0.07788	0.0194
0.0381	0.0169	0.01786
0.07143	0.06468	0.07547
0.20833	0.14317	0.13164
0.18644	0.12249	0.09316
0.11828	0.11828	0.13208
0.81633	0.69751	0.56686
0.375	0.27021	0.25
0.02222	0.0086	0.0
0.18	0.14679	0.15354
0.22034	0.18098	0.18476
0.08738	0.07156	0.06917
0.11364	0.08414	0.07762
0.16364	0.13388	0.1
0.01818	0.01129	0.0
0.21739	0.1648	0.15385
0.16393	0.10313	0.12221
0.62222	0.60216	0.625
0.08511	0.08511	0.08
0.04819	0.04372	0.03394
0.1194	0.0537	0.06364
0.24	0.20452	0.23077
0.12931	0.07496	0.07969
0.09615	0.08344	0.07143
0.26471	0.26471	0.24324
0.16667	0.13404	0.13428
0.08271	0.0364	0.02524
0.16667	0.10285	0.08971
0.25	0.24798	0.26614
0.11475	0.04683	0.03618
0.69565	0.45026	0.31511
0.36735	0.19753	0.21086
0.21429	0.19738	0.18182
0.19718	0.16493	0.18145
0.13333	0.06822	0.06071
1.09756	0.95439	0.90252
0.13793	0.05371	0.04641
0.1129	0.08015	0.08289
0.17544	0.16074	0.19245
0.20513	0.15592	0.17949
0.13235	0.04035	0.04671
0.08571	0.03689	0.03586
0.25714	0.06089	0.02425
0.23077	0.21712	0.2
0.22581	0.08981	0.06994
0.13699	0.0683	0.07242
0.30263	0.16195	0.11062
0.89189	0.67046	0.52735
0.09524	0.08894	0.08929
0.23913	0.16902	0.15758
0.43902	0.43902	0.45455
0.07229	0.05402	0.04348
0.18182	0.10889	0.13712
0.08511	0.04273	0.03957
0.48889	0.33124	0.27943
0.43137	0.41588	0.40934
0.0	0.0	0.0
0.20652	0.14288	0.1315
0.14815	0.12726	0.0796
1.23077	0.81308	0.68194
0.0411	0.00664	0.0071
0.33962	0.21213	0.25457
0.40426	0.31747	0.31515
0.17857	0.15804	0.162
0.14583	0.12702	0.12
0.3875	0.27259	0.29531
0.05714	0.04586	0.02292
0.0	0.0	0.0
0.34545	0.21087	0.20593
0.13924	0.08475	0.09528
0.33333	0.24328	0.23484
0.11765	0.05276	0.06083
0.1	0.03586	0.02563
0.42857	0.35486	0.34275
0.29545	0.20894	0.24359
0.0	0.0	0.0
0.36364	0.22194	0.25053
0.21667	0.12125	0.13474
0.36923	0.23478	0.21581
0.22727	0.13055	0.12135
0.37736	0.2873	0.29242
0.08219	0.08219	0.07895
0.51282	0.31146	0.30427
0.27119	0.20492	0.25398
0.16438	0.12285	0.11572
0.07143	0.0246	0.00413
0.06383	0.04324	0.03133
0.76289	0.65851	0.632
0.19565	0.12346	0.13164
0.0339	0.0339	0.02857
0.05882	0.01282	0.00462
0.71154	0.6024	0.5753
0.0	0.0	0.0
0.57143	0.38286	0.36321
0.13889	0.082	0.06978
0.27273	0.15489	0.12907
0.2	0.14691	0.09474
0.15584	0.09365	0.0817
0.19565	0.12346	0.09164
0.16505	0.09696	0.12846
0.48	0.3394	0.34554
0.82759	0.56962	0.51617
0.15556	0.12113	0.06393
0.51852	0.5018	0.487
0.44444	0.38968	0.37574
0.28205	0.11959	0.1078
0.1619	0.09879	0.10791
0.1129	0.05985	0.0465
0.09836	0.02911	0.03512
0.02062	0.01729	0.01188
0.18681	0.13313	0.12839
0.03529	0.01424	0.011
0.10976	0.05824	0.03595
0.16901	0.12939	0.12
0.27027	0.27027	0.22727
0.26923	0.18592	0.251
0.30769	0.23544	0.25647
0.16901	0.04546	0.02307
0.23529	0.19215	0.16811
0.19481	0.1104	0.08564
0.2069	0.16716	0.15525
0.35294	0.24859	0.2115
0.22222	0.11083	0.11947
0.84091	0.73534	0.69228
0.36111	0.3349	0.31434
0.20968	0.16624	0.15906
0.63889	0.47583	0.49355
0.22892	0.22892	0.20833
0.05208	0.04133	0.01396
0.33333	0.33333	0.3125
0.19231	0.13483	0.11891
0.31325	0.17882	0.16202
0.16438	0.12152	0.13441
0.03704	0.02709	0.02083
0.04688	0.01589	0.02906
0.91176	0.82829	1.06633
0.45714	0.40831	0.42616
0.02459	0.01348	0.02396
0.26829	0.20339	0.14246
0.08889	0.07873	0.07895
0.05085	0.00822	0.00856
0.12329	0.0981	0.11038
0.09302	0.09302	0.11111
0.13483	0.08899	0.13233
0.08571	0.0553	0.06753
0.47561	0.43274	0.46336
0.05333	0.02173	0.02676
0.25352	0.16948	0.20679
0.02667	0.02667	0.02439
0.17308	0.16533	0.14754
0.27381	0.21565	0.19987
0.0	0.0	0.0
0.42029	0.33754	0.39513
0.24731	0.18576	0.1886
0.08594	0.04575	0.05578
0.09589	0.05437	0.05
0.37313	0.25279	0.22503
0.12879	0.07077	0.05064
0.10465	0.09978	0.08535
0.06849	0.04219	0.0645
0.29825	0.22412	0.27668
0.15789	0.07876	0.07554
0.39695	0.30363	0.33355
0.13913	0.07688	0.08873
0.08333	0.08495	0.09109
0.0625	0.05066	0.02941
0.09859	0.04988	0.05437
1.08333	0.81622	0.72631
0.08065	0.07311	0.03227
0.22973	0.15216	0.17546
0.28431	0.18283	0.15026
2.13514	1.76954	1.6885
0.07576	0.01176	0.00524
0.05263	0.03668	0.02531
0.232	0.12287	0.12044
0.61111	0.53761	0.4387
0.08955	0.07896	0.07692
0.30909	0.18565	0.25965
0.12698	0.0809	0.07562
0.27273	0.16909	0.14667
0.32394	0.29056	0.27302
0.1	0.04621	0.03202
0.14074	0.06465	0.05907
0.18182	0.08361	0.06408
0.16923	0.09518	0.08371
0.2	0.17406	0.19511
0.13761	0.09783	0.1043
0.15957	0.11068	0.12469
0.12403	0.07116	0.06229
0.71429	0.55574	0.49925
0.43103	0.2495	0.2445
0.40741	0.34485	0.36903
0.27957	0.1381	0.10228
0.31522	0.16783	0.15098
0.19048	0.15015	0.17708
0.06742	0.0542	0.04695
0.41758	0.30276	0.31419
0.22917	0.10352	0.08447
0.42308	0.25376	0.22956
0.06061	0.03324	0.03047
0.22785	0.10376	0.10561
0.14118	0.09112	0.09185
0.25758	0.24609	0.30949
0.28986	0.22255	0.29446
0.06731	0.06731	0.05172
0.17073	0.13338	0.11959
0.04348	0.0242	0.03763
0.4	0.37446	0.34903
0.23188	0.15571	0.15608
0.05634	0.03249	0.02292
0.09244	0.06548	0.05806
0.11111	0.07444	0.07053
0.15152	0.11414	0.11429
0.03896	0.01761	0.01914
0.18605	0.15342	0.2084
0.27536	0.25199	0.23684
0.30769	0.21382	0.19454
0.14754	0.13274	0.17143
0.15909	0.10541	0.08065
0.1875	0.13912	0.14487
0.34579	0.29954	0.28568
0.08333	0.04767	0.04925
0.09412	0.03968	0.01412
0.17391	0.09361	0.04962
0.20635	0.15184	0.17206
0.2807	0.17914	0.14726
0.26027	0.19711	0.19315
0.17188	0.1177	0.11597
0.37037	0.29689	0.30548
0.18462	0.16352	0.16667
0.20833	0.19714	0.2
0.09677	0.06434	0.0496
0.12	0.10172	0.10256
0.2619	0.17552	0.2036
0.54478	0.3822	0.40116
0.16	0.11033	0.09621
0.28846	0.2506	0.25967
0.2439	0.1967	0.24305
0.28571	0.24596	0.30891
0.06818	0.03885	0.0709
0.15556	0.12976	0.1324
0.88889	0.82439	0.81993
0.09735	0.04969	0.04384
0.68889	0.47458	0.3685
0.18667	0.11549	0.10353
0.31944	0.18751	0.18761
0.32759	0.14607	0.15094
0.14737	0.09933	0.0911
0.21212	0.20064	0.21053
0.0	0.0	0.0
0.53333	0.31508	0.41106
0.31	0.22904	0.23359
0.01639	0.00556	0.0
0.05556	0.01167	0.00606
0.13542	0.09629	0.07352
0.32927	0.24628	0.21451
0.09091	0.02543	0.01645
0.23529	0.12584	0.13385
0.13793	0.079	0.06453
0.08247	0.05455	0.05905
0.26866	0.19813	0.22059
0.18966	0.18966	0.18182
0.16883	0.16883	0.16667
0.17117	0.10973	0.13477
0.11538	0.08201	0.097
0.12195	0.07516	0.065
0.33333	0.21091	0.19104
0.17568	0.16259	0.14712
0.21622	0.12486	0.12491
0.03623	0.01052	0.00588
0.18333	0.12072	0.13284
0.22857	0.13687	0.17305
0.10909	0.07916	0.0997
0.09375	0.0479	0.04243
0.12687	0.0495	0.03864
0.07547	0.01554	0.00968
0.08929	0.08122	0.09238
0.1358	0.07569	0.07529
0.46226	0.29009	0.25593
0.15873	0.09412	0.07577
0.11268	0.05931	0.04329
0.60714	0.41882	0.34031
0.03822	0.02713	0.02065
0.14894	0.04706	0.01672
0.25581	0.19073	0.19118
0.15094	0.09315	0.10082
0.0	0.0	0.0
0.05769	0.03025	0.045
0.05556	0.02329	0.0165
0.13393	0.08929	0.08941
0.63158	0.48107	0.46824
0.13187	0.09093	0.10567
0.17778	0.08929	0.05712
0.03704	0.03002	0.01613
0.25	0.19056	0.16654
0.28916	0.20425	0.19206
0.06024	0.05053	0.05882
0.9434	0.75715	0.55553
0.2125	0.11376	0.10383
0.125	0.04867	0.03317
0.01887	0.00366	0.0
1.96774	1.56565	1.41258
0.08046	0.02376	0.02747
0.02326	0.00507	0.0
0.125	0.08068	0.11025
0.09333	0.06463	0.04877
0.27826	0.19667	0.20217
0.05556	0.0466	0.04082
0.01887	0.01887	0.03448
0.38462	0.29059	0.30232
0.025	0.01612	0.0
0.21277	0.13111	0.09181
0.10588	0.06586	0.07611
0.42188	0.20822	0.24324
0.24286	0.1726	0.14556
0.44048	0.30188	0.29213
0.02439	0.01338	0.02493
0.23438	0.23438	0.25
0.04615	0.02792	0.01614
0.18966	0.13848	0.13194
0.20144	0.14831	0.15863
0.0339	0.01395	0.01561
0.21429	0.1488	0.1306
0.02469	0.01534	0.01467
0.0	0.0	0.0
0.25	0.17571	0.22814
0.32787	0.26205	0.27615
0.15254	0.11425	0.12306
0.00971	0.01316	0.02336
0.16667	0.10217	0.08569
0.05882	0.05674	0.06137
0.26562	0.16786	0.13853
0.16279	0.09567	0.1035
0.1573	0.10367	0.1129
0.19298	0.08918	0.06112
0.34722	0.31967	0.43124
0.0122	0.00413	0.0
0.71429	0.66532	0.83547
0.15686	0.04053	0.01732
0.35294	0.25265	0.23457
0.36036	0.23167	0.24895
0.13333	0.06293	0.03912
0.12727	0.0578	0.0531
0.0	0.0	0.0
0.13043	0.11735	0.125
0.9	0.75593	0.68218
0.08955	0.04575	0.03749
0.29245	0.22658	0.22331
0.15385	0.08672	0.10981
0.03448	0.02632	0.02222
0.31481	0.27002	0.27637
0.11765	0.06914	0.05779
0.23188	0.16668	0.13318
0.45455	0.43656	0.38746
0.2735	0.16503	0.14518
0.21277	0.14519	0.12388
0.90476	0.76733	0.89928
0.20408	0.14418	0.12843
0.16901	0.137	0.13668
0.3252	0.22937	0.234
0.23009	0.19599	0.21981
0.14286	0.09161	0.13254
0.01562	0.0053	0.0
0.0	0.0	0.0
0.18519	0.14369	0.14247
0.21687	0.12557	0.1158
0.06897	0.01003	0.0097
0.29412	0.19784	0.20546
0.2	0.07778	0.08189
0.07407	0.03196	0.00334
0.24074	0.16787	0.17642
0.20192	0.0827	0.08325
0.22368	0.13393	0.0858
0.22222	0.18747	0.24
0.0	0.0	0.0
0.35065	0.2589	0.2911
0.14394	0.11878	0.12517
0.12308	0.08389	0.07429
0.02655	0.01942	0.01562
0.23232	0.23232	0.22414
0.15493	0.12563	0.118
0.01961	0.0019	0.00323
0.23158	0.11191	0.09367
0.11688	0.10766	0.09302
0.15385	0.10495	0.1162
0.18841	0.09797	0.09226
0.18919	0.08612	0.07518
0.14925	0.12758	0.13356
0.25843	0.22219	0.24859
0.27273	0.14813	0.13359
0.0	0.0	0.0
0.18519	0.12925	0.12589
0.10526	0.07358	0.06502
0.0	0.0	0.0
0.44898	0.38151	0.43248
0.02899	0.0173	0.0
0.04706	0.04706	0.04167
0.14815	0.13879	0.13043
0.21569	0.0671	0.08529
0.22807	0.21561	0.17647
0.1978	0.14463	0.09833
0.3125	0.22683	0.23075
0.92453	0.61174	0.49957
0.22222	0.10327	0.05712
0.27027	0.21754	0.21478
0.59524	0.53686	0.52041
0.09	0.05727	0.03745
0.22727	0.18379	0.17786
0.40678	0.25839	0.26103
0.17978	0.11474	0.10945
0.19298	0.12481	0.0999
0.06452	0.01329	0.00831
0.31034	0.26921	0.24439
0.39286	0.31366	0.33703
0.01905	0.01874	0.01669
0.03846	0.01365	0.01209
0.225	0.225	0.16667
0.30263	0.23474	0.19512
0.22314	0.18608	0.21185
0.38889	0.33	0.32177
0.09028	0.05568	0.04297
0.16822	0.11081	0.14572
0.23333	0.10355	0.10841
0.25926	0.18341	0.19741
0.18421	0.13563	0.11889
0.55882	0.42509	0.30718
0.1	0.0871	0.07895
0.26582	0.17091	0.15449
0.18987	0.17253	0.16656
0.05128	0.05128	0.02381
0.01266	0.00306	0.0
0.10526	0.08265	0.05544
1.2	1.15717	1.10526
0.03279	0.03279	0.02941
0.21348	0.14372	0.14194
0.14634	0.0972	0.09609
0.22059	0.11532	0.06849
0.15929	0.07424	0.0726
0.39474	0.23089	0.28105
0.26316	0.17304	0.1578
0.2	0.09008	0.07637
0.45588	0.29821	0.29211
0.53704	0.39696	0.36629
0.45238	0.43319	0.39208
0.42	0.39258	0.50119
0.28333	0.1753	0.1286
0.23256	0.08783	0.10433
0.52273	0.49414	0.48721
0.03061	0.00742	0.0
0.01667	0.01128	0.02052
0.01176	0.01176	0.0
0.19048	0.14443	0.15996
0.05263	0.0314	0.05774
0.21094	0.16546	0.15069
0.24074	0.19685	0.16755
0.11538	0.08003	0.07536
0.72222	0.54347	0.69635
0.46154	0.34154	0.33597
0.6087	0.57574	0.5
0.16667	0.10926	0.10217
0.26415	0.18749	0.1656
0.37255	0.29476	0.35423
0.18182	0.15323	0.1378
0.51948	0.4581	0.49558
0.34375	0.27647	0.22541
0.17442	0.09867	0.06932
0.54167	0.54167	0.53846
0.28205	0.10967	0.11717
0.15789	0.09082	0.09138
0.29231	0.22311	0.18806
0.12381	0.11705	0.10169
0.14141	0.04712	0.02602
0.19685	0.15457	0.15468
0.08108	0.06189	0.09091
0.50943	0.44889	0.47666
0.01923	0.00187	0.00346
0.2093	0.19167	0.19061
0.03053	0.02475	0.02817
0.13265	0.05384	0.05302
0.04545	0.03684	0.02041
0.02564	0.01592	0.0
0.03093	0.01331	0.0211
0.38	0.30744	0.33929
0.11765	0.09235	0.09936
0.42105	0.29376	0.42026
0.225	0.225	0.28571
0.38889	0.33517	0.33395
0.27083	0.22146	0.23077
0.14433	0.13103	0.15
0.21429	0.15863	0.16031
0.30435	0.246	0.21334
0.07812	0.04146	0.02751
0.10938	0.05117	0.06944
0.08065	0.05671	0.05599
0.25352	0.19901	0.26076
