0.0122	0.0122	0.01923
0.11475	0.09466	0.07692
0.22222	0.17022	0.196
0.0241	0.0241	0.0
0.5	0.5	1.0
0.05556	0.05556	0.08333
0.0	0.0	0.0
0.28571	0.28571	0.25
0.15385	0.1675	0.17647
0.06897	0.03921	0.03653
0.05556	0.0442	0.01106
0.1	0.1	0.0
0.01538	0.01538	0.0
0.10714	0.09159	0.0952
0.16071	0.13047	0.11028
0.0	0.0	0.0
0.0625	0.0625	0.06452
0.14	0.13064	0.08307
0.08571	0.08571	0.04348
0.1875	0.1875	0.125
0.66667	0.61954	0.55078
0.18367	0.1885	0.18084
0.11765	0.11536	0.08621
0.09091	0.1173	0.04167
0.33333	0.33333	0.3
0.15979	0.1548	0.15965
0.13542	0.14079	0.12121
0.48718	0.44749	0.49822
0.27737	0.28796	0.24575
0.0068	0.0068	0.0
0.73333	0.73333	0.7
0.0	0.0	0.0
0.16667	0.17588	0.07233
0.07407	0.07407	0.07149
0.12766	0.1407	0.10448
0.23016	0.22863	0.20532
0.25	0.25	0.28571
0.0	0.0	0.0
1.0	0.97575	1.129
0.0	0.0	0.0
0.11628	0.11628	0.11111
0.08163	0.07439	0.02081
0.0	0.0	0.0
0.70588	0.64894	0.63708
0.10465	0.08627	0.06561
0.0	0.0	0.0
0.0	0.0	0.0
0.27273	0.26002	0.31011
0.07071	0.05441	0.03226
0.19048	0.19048	0.16667
0.0	0.0	0.0
0.58065	0.55827	0.50586
0.0303	0.01564	0.02243
0.09836	0.11052	0.0771
0.29032	0.26639	0.14286
0.54054	0.52746	0.46064
0.17308	0.15448	0.07528
0.23214	0.19643	0.16319
0.04959	0.03519	0.02565
0.0	0.0	0.0
1.0	1.0	1.0
0.0339	0.05085	0.05405
0.11321	0.13025	0.13564
0.51613	0.50781	0.50393
0.15517	0.13821	0.10421
0.07273	0.05924	0.02778
0.06618	0.0676	0.03471
0.0	0.0	0.0
1.5	1.58875	1.9355
0.0	0.0	0.0
0.0137	0.00869	0.00349
0.13158	0.0815	0.04838
0.23077	0.18362	0.06064
0.11111	0.0896	0.07405
0.13483	0.12649	0.07097
0.125	0.11021	0.05242
0.09774	0.08683	0.04088
0.33333	0.2982	0.22473
0.3	0.29677	0.17147
0.23256	0.22092	0.18243
0.20076	0.19575	0.15855
0.2	0.17312	0.18379
0.00952	0.01905	0.01471
0.44444	0.35122	0.043
0.01389	0.00896	0.0124
0.0	0.0	0.0
0.48485	0.51124	0.3913
0.04444	0.0552	0.06061
0.13043	0.07854	0.06555
0.23529	0.22771	0.1258
0.5	0.49538	0.41379
0.11268	0.11268	0.12245
0.11111	0.11111	0.14286
0.25	0.22179	0.11765
0.0	0.0	0.0
0.29412	0.23147	0.08209
0.0303	0.0303	0.04348
0.21212	0.21603	0.149
0.0	0.0	0.0
0.28571	0.28571	0.25
0.11321	0.13815	0.15152
0.17391	0.16549	0.13162
0.28125	0.17591	0.15689
0.0	0.0	0.0
0.09804	0.08728	0.04497
0.10909	0.09325	0.07822
0.09583	0.10067	0.09058
0.0	0.0	0.0
0.36585	0.36349	0.30996
0.13699	0.13014	0.1087
0.15	0.1758	0.25114
0.0	0.0	0.0
0.12766	0.128	0.10561
0.07362	0.0758	0.05543
0.0	0.0	0.0
0.13636	0.15982	0.2344
0.0	0.0	0.0
0.00893	0.00893	0.0125
0.10938	0.06905	0.07742
0.23704	0.18709	0.16517
0.14865	0.13339	0.0948
0.44444	0.38711	0.301
0.32143	0.32143	0.32353
0.00794	0.00794	0.01163
0.29167	0.293	0.19625
0.0	0.0	0.0
0.1828	0.17516	0.12903
0.0	0.0	0.0
0.2069	0.1179	0.12554
0.42759	0.35106	0.272
0.13333	0.11775	0.11779
0.21429	0.15436	0.129
0.09859	0.10654	0.09427
0.55556	0.55556	0.52381
0.21212	0.17203	0.12133
0.30769	0.31068	0.275
0.0	0.0	0.0
0.0	0.0	0.0
0.02564	0.02564	0.03571
0.1573	0.13845	0.12956
0.44086	0.4249	0.375
0.30392	0.29381	0.237
0.12308	0.11745	0.08915
0.375	0.375	0.4
0.0	0.0	0.0
0.23077	0.17369	0.1
0.10526	0.10526	0.08333
0.0	0.0	0.0
0.07143	0.07143	0.11111
0.25	0.22681	0.1577
1.0	1.0	1.0
0.4	0.3448	0.21875
0.03571	0.01382	0.01843
0.01905	0.01567	0.02384
0.28	0.27354	0.24597
0.10145	0.09257	0.04064
0.0	0.0	0.0
0.45455	0.43695	0.39286
0.14286	0.14193	0.0885
0.10909	0.0868	0.05806
0.0	0.0	0.0
0.10429	0.1037	0.09858
0.28788	0.28836	0.17633
0.09877	0.08801	0.05794
0.2381	0.2381	0.21429
0.07143	0.07143	0.06452
0.45455	0.45455	0.42857
0.02703	0.02703	0.0
0.14516	0.12174	0.07902
0.05618	0.05437	0.04981
0.0084	0.0084	0.0119
0.5	0.5	0.4
0.25455	0.21173	0.2129
0.05263	0.05263	0.07692
0.0	0.0	0.0
0.19718	0.1899	0.15469
0.16923	0.17617	0.16855
0.18421	0.13497	0.08188
0.0	0.0	0.0
0.0	0.0	0.0
0.0	0.0	0.0
0.25	0.209	0.22459
0.23913	0.21809	0.14112
0.11504	0.10334	0.08615
0.0	0.0	0.0
0.0	0.0	0.0
0.0	0.0	0.0
0.17045	0.15433	0.10865
0.05229	0.0468	0.02161
0.1761	0.16494	0.12983
0.15278	0.13889	0.07729
0.27778	0.28317	0.15545
0.0	0.0	0.0
0.0	0.0	0.0
0.09028	0.07392	0.05699
0.69231	0.69231	0.77778
0.0	0.0	0.0
0.09524	0.09524	0.07143
0.5	0.46657	0.33638
0.15447	0.15028	0.12825
0.0	0.0	0.0
0.11765	0.11765	0.11111
0.02128	0.02128	0.01695
0.0	0.0	0.0
0.06452	0.06452	0.05556
0.13333	0.12832	0.12692
0.05	0.04387	0.01981
0.24194	0.20655	0.16128
0.15909	0.18182	0.11636
0.17778	0.14767	0.08532
0.09479	0.09479	0.05385
0.2	0.2	0.2
0.07377	0.08408	0.06264
0.25532	0.26355	0.13709
0.09524	0.09524	0.06667
0.05	0.05	0.02985
0.2	0.16128	0.15207
0.05263	0.05263	0.0
0.58333	0.4785	0.31544
0.09836	0.09677	0.0708
0.25926	0.25926	0.27778
0.0	0.0	0.0
0.45455	0.41495	0.27512
0.23438	0.22278	0.19616
0.11765	0.11765	0.0
0.02564	0.02564	0.0
0.13605	0.13803	0.12089
0.064	0.064	0.03571
0.08333	0.08333	0.125
0.0	0.0	0.0
0.26154	0.26402	0.15913
0.0	0.0	0.0
0.0	0.0	0.0
0.03448	0.03114	0.0
0.05208	0.05208	0.07463
0.10067	0.09331	0.08116
0.03247	0.03247	0.03125
0.02899	0.04348	0.02041
0.05263	0.05263	0.09091
0.12903	0.11135	0.1
0.15432	0.15073	0.11367
0.29897	0.27835	0.1921
0.2126	0.17398	0.13416
0.34483	0.34483	0.22222
0.08861	0.08452	0.05005
0.04082	0.04082	0.03125
0.07317	0.04012	0.04167
0.0	0.0	0.0
0.0	0.0	0.0
0.44444	0.40022	0.362
0.25301	0.22619	0.14087
0.2963	0.2963	0.2
0.0	0.0	0.0
0.0	0.0	0.0
0.1875	0.13777	0.1344
0.08333	0.07695	0.06855
0.18182	0.14467	0.10378
0.10169	0.10661	0.11558
0.07692	0.07146	0.06612
0.09804	0.09804	0.125
0.01786	0.01786	0.02381
0.28571	0.28571	0.2
0.2069	0.18576	0.06935
0.22152	0.20335	0.20471
0.04762	0.03879	0.02653
0.10959	0.09942	0.07083
0.2069	0.18907	0.17279
0.1087	0.10098	0.07429
0.15116	0.16505	0.09845
0.1875	0.13912	0.171
0.0915	0.09319	0.08976
0.0	0.0	0.0
0.02564	0.02564	0.0
0.12766	0.11187	0.09375
0.1	0.1	0.14286
0.44444	0.44444	0.42105
0.22222	0.23208	0.19913
0.125	0.123	0.08067
0.10204	0.10171	0.06613
0.0	0.0	0.0
0.11111	0.11111	0.03704
1.0	0.8145	0.6935
0.23684	0.22834	0.19723
0.2619	0.26114	0.2542
0.14634	0.13099	0.13364
0.21154	0.20596	0.22676
0.05882	0.0468	0.03853
0.0	0.0	0.0
0.07778	0.08243	0.06615
0.03226	0.03226	0.04348
0.12871	0.12041	0.08263
0.31818	0.29032	0.17076
0.29231	0.27891	0.24731
0.125	0.125	0.16667
0.6875	0.5605	0.53625
0.92857	0.92857	0.95238
0.11864	0.13231	0.1
0.0	0.0	0.0
0.28571	0.30567	0.24315
0.0	0.0	0.0
1.0	0.8871	0.56686
0.07767	0.07047	0.06355
0.06897	0.06897	0.0
0.2125	0.23145	0.15686
0.04444	0.04444	0.03338
0.03704	0.03704	0.0
0.0	0.0	0.0
0.0	0.0	0.0
0.33333	0.23929	0.23994
1.0	1.0	1.0
0.16667	0.13739	0.04174
1.0	1.0	1.0
0.05882	0.05991	0.04819
0.06481	0.07407	0.08108
0.06433	0.05546	0.03865
0.08383	0.07108	0.04263
0.0	0.0	0.0
0.43478	0.38991	0.23138
0.1875	0.1875	0.10526
0.54167	0.36554	0.22012
0.57143	0.57143	0.66667
0.0	0.0	0.0
0.07333	0.07355	0.07249
0.03546	0.03889	0.02857
0.5	0.5	1.0
0.01429	0.01429	0.01961
0.04459	0.04459	0.0404
0.03636	0.03636	0.0
0.07692	0.07692	0.125
0.08537	0.08851	0.09615
0.14286	0.08757	0.06284
0.06849	0.06849	0.06122
0.16981	0.17347	0.18997
0.33333	0.34193	0.21409
0.14583	0.13844	0.07564
0.06154	0.03126	0.02716
0.0	0.0	0.0
0.54412	0.52988	0.51849
0.11702	0.09986	0.05757
0.22535	0.21672	0.19152
0.03788	0.03788	0.0
0.07692	0.07692	0.0
2.5	2.0645	4.0
0.38462	0.33746	0.28387
0.24324	0.22668	0.17109
0.03448	0.03448	0.02703
0.09804	0.09804	0.06061
0.2	0.12626	0.11612
0.02703	0.02703	0.04167
0.37143	0.32396	0.2416
0.16667	0.17448	0.08284
0.45312	0.30795	0.34207
0.08392	0.0873	0.07477
0.13158	0.06961	0.02224
0.10989	0.095	0.06703
0.47619	0.46929	0.45038
0.26923	0.26923	0.15789
0.08696	0.1627	0.09675
0.10204	0.07965	0.05306
0.14286	0.15437	0.05644
0.1453	0.12489	0.07149
0.16129	0.13597	0.10074
0.0	0.0	0.0
0.10714	0.10945	0.07317
0.44444	0.39422	0.33062
0.02985	0.01925	0.0
0.26923	0.22085	0.20789
0.0	0.0	0.0
0.14773	0.13416	0.07244
0.09091	0.09238	0.04262
0.1	0.09156	0.0749
0.17021	0.15717	0.10977
0.84615	0.84615	0.88235
0.09375	0.07862	0.07219
0.38272	0.35842	0.32136
0.04688	0.04712	0.04058
0.10256	0.10256	0.0566
0.85714	0.70043	0.508
0.15909	0.14223	0.11234
0.11111	0.10217	0.10712
0.04878	0.07317	0.0303
0.14815	0.16248	0.1855
0.16279	0.17179	0.09375
0.0	0.0	0.0
0.1087	0.08904	0.06939
0.21053	0.19524	0.14246
0.2	0.15053	0.11436
0.1	0.0871	0.07597
0.22222	0.23656	0.08986
0.07692	0.06774	0.04325
0.08333	0.08333	0.05882
0.0	0.0	0.0
0.21429	0.18779	0.01518
0.10784	0.10689	0.0896
0.3125	0.2883	0.26296
0.04615	0.0402	0.0241
0.0	0.0	0.0
0.25	0.27219	0.164
0.0	0.0	0.0
0.17978	0.16419	0.13016
0.03846	0.03846	0.05882
0.03604	0.03836	0.02607
0.0	0.0	0.0
0.23256	0.2188	0.17815
0.0198	0.02843	0.01449
0.14706	0.148	0.11078
0.0	0.0	0.0
0.1039	0.09761	0.08163
0.0885	0.0885	0.08434
0.12281	0.14035	0.09091
0.0	0.0	0.0
0.07692	0.08685	0.074
0.13208	0.15277	0.14286
0.0	0.0	0.0
0.0	0.0	0.0
0.1	0.1	0.05263
0.0	0.0	0.0
0.01389	0.01389	0.0
0.14286	0.11981	0.11111
0.23333	0.17527	0.17647
0.28777	0.25481	0.22235
0.09615	0.0825	0.05218
0.02222	0.02222	0.03448
0.09302	0.09602	0.03812
0.14286	0.15052	0.15436
0.03846	0.03672	0.04659
0.06667	0.06667	0.03279
0.3	0.3	0.18817
0.02685	0.02685	0.02857
0.27966	0.26681	0.23644
0.15625	0.1875	0.2
0.13208	0.13208	0.07143
0.11765	0.11953	0.1
0.05479	0.04153	0.05135
0.13043	0.12517	0.11652
0.14545	0.13548	0.08455
0.14094	0.13054	0.06908
0.12308	0.12308	0.06818
0.37931	0.41934	0.26522
0.0	0.0	0.0
0.16529	0.16769	0.15
0.02817	0.03362	0.01887
0.2439	0.23839	0.18159
0.5	0.5	0.46154
0.09524	0.11214	0.06667
0.30769	0.28038	0.14333
0.0	0.0	0.0
0.13636	0.13636	0.06667
0.1	0.10322	0.12544
0.04505	0.03618	0.03311
0.11742	0.11633	0.07647
0.0	0.0	0.0
0.0	0.0	0.0
0.21014	0.20313	0.17192
0.05714	0.05714	0.0
0.3	0.1548	0.1075
0.10345	0.11791	0.08009
0.30769	0.20346	0.0645
0.23529	0.20682	0.07938
0.32407	0.33453	0.34425
0.0	0.0	0.0
0.0	0.0	0.0
0.25806	0.26222	0.19758
0.09091	0.10312	0.04071
0.10448	0.09509	0.04289
0.08	0.08	0.05556
0.05333	0.04172	0.06017
0.05932	0.04619	0.02243
0.15068	0.14936	0.04137
0.14754	0.13379	0.10669
0.22222	0.16844	0.14438
0.12281	0.13129	0.12089
0.13462	0.13462	0.05882
0.10811	0.10811	0.08696
0.36364	0.31964	0.33333
0.26667	0.22367	0.2258
0.1	0.1	0.05137
0.28947	0.24363	0.26926
0.03774	0.03774	0.02857
0.07143	0.07143	0.04762
0.12821	0.15385	0.04
0.09333	0.08172	0.02171
0.04762	0.01843	0.02764
0.0	0.0	0.0
0.2069	0.20245	0.13978
0.30769	0.23577	0.18773
0.05682	0.05682	0.04839
0.08108	0.068	0.04545
0.17073	0.17702	0.1577
0.05357	0.05357	0.02439
0.02688	0.02705	0.02527
0.08696	0.07502	0.04985
0.10588	0.12029	0.07752
0.10294	0.08634	0.05822
0.09223	0.088	0.04301
0.0	0.0	0.0
0.14815	0.09915	0.11827
0.19608	0.1869	0.11243
0.2	0.15108	0.16285
0.36111	0.33811	0.27209
0.03061	0.03061	0.04348
0.08642	0.07726	0.04181
0.22148	0.21822	0.18088
0.05556	0.06004	0.02135
0.0	0.0	0.0
0.10938	0.09627	0.0749
0.0	0.0	0.0
0.10976	0.11409	0.11321
0.10566	0.10055	0.06678
0.17857	0.14746	0.06272
0.03093	0.03093	0.03226
0.0	0.0	0.0
0.07547	0.07547	0.08333
0.29032	0.23673	0.18605
0.0	0.0	0.0
0.46154	0.42431	0.22222
0.16667	0.15293	0.15465
0.36585	0.37766	0.37288
0.21053	0.21053	0.19231
0.07143	0.07143	0.07991
0.16304	0.14376	0.11919
0.13158	0.12585	0.09556
0.0	0.0	0.0
0.0	0.0	0.0
0.0531	0.04082	0.03266
0.21875	0.18044	0.16743
0.26087	0.25035	0.21019
0.5	0.5	0.66667
0.28571	0.26644	0.22146
0.16667	0.16667	0.14286
0.0	0.0	0.0
0.30769	0.30769	0.3
0.0	0.0	0.0
0.16923	0.11612	0.09887
0.21875	0.20631	0.14247
0.16667	0.16667	0.0
0.54545	0.52492	0.45642
0.4	0.4	0.33333
0.06977	0.06952	0.03856
0.07792	0.08044	0.07091
0.15789	0.11205	0.15207
0.09375	0.09375	0.04545
0.0	0.0	0.0
0.20513	0.20388	0.11765
0.07317	0.09127	0.06452
0.32258	0.24555	0.19353
0.19444	0.18458	0.15188
0.20301	0.18433	0.13307
0.08421	0.08421	0.06721
0.44444	0.44089	0.1936
0.44737	0.44397	0.45285
0.06667	0.06667	0.05263
0.07407	0.07407	0.05263
0.16304	0.16514	0.13735
0.04598	0.04598	0.0339
0.0	0.0	0.0
0.10256	0.08891	0.0729
0.19643	0.19873	0.12824
0.0	0.0	0.0
0.07143	0.05875	0.04723
0.0	0.0	0.0
0.12338	0.11436	0.07759
0.09615	0.09429	0.07661
0.19355	0.19355	0.2
0.04878	0.04878	0.07692
0.10769	0.10769	0.04255
0.28205	0.27295	0.29404
0.28261	0.30646	0.2344
0.78571	0.78571	0.73684
0.14286	0.11367	0.09907
0.12613	0.1235	0.06989
0.22222	0.18278	0.1075
0.09677	0.08948	0.09524
0.625	0.47075	0.42953
0.13913	0.12623	0.11159
0.34375	0.375	0.33333
0.04762	0.04493	0.04867
0.17822	0.14915	0.1152
0.29091	0.29091	0.23529
0.25641	0.20346	0.13523
0.16667	0.16607	0.11932
0.04762	0.04762	0.03226
0.15385	0.14789	0.14286
0.0	0.0	0.0
0.35294	0.32447	0.27179
0.28148	0.26739	0.20728
0.03571	0.03111	0.02331
0.38272	0.37077	0.32915
0.0	0.0	0.0
0.33898	0.33241	0.20116
0.08333	0.10215	0.04838
0.02	0.02871	0.01515
0.06383	0.05628	0.02861
0.0	0.0	0.0
0.0	0.0	0.0
1.0	0.65325	0.71
0.15789	0.15789	0.125
0.18182	0.15836	0.21775
0.0	0.0	0.0
0.0	0.0	0.0
0.33333	0.33333	0.5
0.09524	0.11214	0.15385
0.0	0.0	0.0
0.10169	0.10169	0.08889
0.19767	0.17516	0.1344
0.09278	0.05654	0.06505
0.28467	0.27996	0.17688
0.0	0.0	0.0
0.29412	0.30929	0.13593
0.01754	0.01754	0.01282
0.01639	0.01639	0.02381
0.45833	0.46908	0.30269
0.11905	0.10266	0.09232
0.18889	0.19462	0.15
0.0	0.0	0.0
0.33333	0.28763	0.21169
0.2	0.17595	0.11889
0.03922	0.03352	0.0303
0.04651	0.02626	0.03704
0.03571	0.03571	0.02857
0.40625	0.35888	0.29033
0.0	0.0	0.0
0.3	0.25483	0.17357
0.2716	0.22101	0.18562
0.15789	0.15557	0.10967
0.12676	0.10904	0.105
0.02273	0.02273	0.03125
2.5	2.43817	2.15325
0.15455	0.1478	0.09764
0.2963	0.23415	0.28011
0.24138	0.188	0.19662
0.33333	0.33333	0.3032
0.07407	0.07318	0.03947
0.38462	0.29277	0.23788
0.16949	0.17824	0.18547
0.03774	0.03774	0.05128
0.03448	0.03448	0.04762
1.0	0.853	0.7795
0.08108	0.07584	0.03846
0.58333	0.56613	0.45358
0.11628	0.11253	0.10139
0.14815	0.14874	0.10341
0.04255	0.0374	0.01587
0.0	0.0	0.0
0.23288	0.21785	0.18943
0.11111	0.11111	0.0
0.17	0.15968	0.09814
0.02564	0.02564	0.0
0.13725	0.14927	0.12524
0.19697	0.16568	0.15456
0.0	0.0	0.0
0.26087	0.26274	0.25537
0.03571	0.03571	0.05333
0.29412	0.28653	0.15592
0.08889	0.08997	0.03554
0.38182	0.38182	0.375
0.04688	0.05947	0.05128
0.25	0.21775	0.34767
0.15385	0.15385	0.14286
0.09259	0.0693	0.05644
0.77778	0.64694	0.5258
0.27586	0.25028	0.2129
0.16667	0.20967	0.18594
0.5	0.4785	0.629
0.0	0.0	0.0
0.2381	0.2381	0.14286
0.59375	0.59375	0.57143
0.08491	0.05234	0.04722
0.0	0.0	0.0
0.32653	0.29756	0.22813
0.04717	0.04625	0.03896
0.08333	0.06992	0.10488
0.0	0.0	0.0
0.03623	0.03553	0.04211
0.22222	0.22222	0.25
0.07143	0.06605	0.06327
0.04854	0.04009	0.04286
0.13333	0.11882	0.10256
0.35433	0.35433	0.36047
0.21212	0.22873	0.2129
0.13333	0.13333	0.086
0.0	0.0	0.0
0.04698	0.04698	0.03846
0.08642	0.08642	0.03774
0.08642	0.08184	0.08513
0.08929	0.08929	0.05714
0.15625	0.15625	0.14286
0.0	0.0	0.0
0.6	0.6	0.83333
0.27586	0.2486	0.17888
0.13869	0.10265	0.05688
0.01515	0.01515	0.02128
0.10345	0.08676	0.0758
0.0	0.0	0.0
0.01639	0.01639	0.02326
0.0618	0.05799	0.03777
0.0431	0.0431	0.0241
0.11905	0.13057	0.07143
0.16456	0.13965	0.06137
0.18033	0.16816	0.14435
0.18644	0.15417	0.14035
0.08197	0.05764	0.03698
0.0597	0.06548	0.05079
0.15789	0.14855	0.07477
0.08696	0.06591	0.03225
0.0	0.0	0.0
0.5625	0.56048	0.51613
0.06667	0.05878	0.05141
0.03012	0.02429	0.01366
0.19847	0.1832	0.17947
0.0	0.0	0.0
0.05769	0.05583	0.05143
0.5625	0.34681	0.42338
0.13793	0.09566	0.11884
0.04651	0.04651	0.0625
0.23077	0.18672	0.11359
0.19277	0.18325	0.13355
0.14634	0.14634	0.16
0.2	0.1677	0.14512
0.06707	0.05507	0.03936
0.08784	0.09307	0.09677
0.03175	0.03175	0.02273
0.375	0.35281	0.24927
0.07143	0.0786	0.06831
0.0	0.0	0.0
0.0	0.0	0.0
0.18519	0.18519	0.05556
0.11429	0.08294	0.01935
0.21818	0.20557	0.21371
0.66667	0.54833	0.3225
0.13333	0.13333	0.0
0.06061	0.07624	0.03225
0.05714	0.07649	0.0
0.07143	0.13364	0.09091
0.2449	0.22712	0.13319
0.08	0.07225	0.04398
0.08088	0.07851	0.02314
0.0	0.0	0.0
0.15865	0.15105	0.18028
0.15385	0.18115	0.25
0.33333	0.33333	0.28571
0.03226	0.03226	0.0
0.03448	0.03448	0.04762
0.31579	0.31579	0.30769
0.35417	0.35417	0.32258
0.08442	0.07813	0.04932
0.0	0.0	0.0
0.06329	0.07595	0.03922
0.03846	0.03846	0.03125
0.0	0.0	0.0
0.0	0.0	0.0
0.22857	0.23087	0.25335
0.0	0.0	0.0
0.11915	0.10418	0.06472
0.0	0.0	0.0
0.1	0.08756	0.09384
0.24272	0.2363	0.15672
0.14286	0.10829	0.05733
0.01887	0.0353	0.02857
0.21429	0.21429	0.11111
0.46154	0.41685	0.3968
0.15625	0.14112	0.0
0.12255	0.102	0.08088
0.07143	0.07287	0.04105
0.41935	0.26952	0.2758
0.07692	0.05211	0.03015
0.17857	0.18087	0.14101
0.21053	0.20542	0.15858
0.10606	0.10606	0.08889
0.01613	0.01977	0.02851
0.0991	0.0991	0.06944
0.09259	0.0905	0.07423
0.03636	0.03636	0.02857
0.12409	0.13398	0.08358
0.19048	0.18625	0.1542
0.0	0.0	0.0
0.29412	0.27135	0.08986
0.26389	0.27553	0.16358
0.25	0.25	0.21429
0.0	0.0	0.0
0.19872	0.19665	0.16661
0.33929	0.32316	0.30687
0.22222	0.22222	0.16667
0.14286	0.14286	0.0
0.08	0.06806	0.06906
0.42105	0.43803	0.40909
0.33333	0.276	0.207
0.16667	0.13022	0.10214
0.05202	0.04904	0.04632
0.0	0.0	0.0
0.02963	0.02581	0.01241
0.5	0.5	0.2
0.05172	0.06452	0.02703
1.0	1.05638	0.6452
0.46835	0.45201	0.42322
0.08725	0.07144	0.057
0.0	0.0	0.0
0.05128	0.07362	0.07407
0.02	0.02	0.0
0.0625	0.08972	0.04762
0.11386	0.10412	0.10078
0.125	0.125	0.10345
0.1	0.1	0.10638
0.05455	0.07273	0.025
0.02632	0.02632	0.0
0.33333	0.33333	0.2
0.16667	0.14666	0.09192
0.11957	0.11957	0.10526
0.05769	0.05459	0.0367
0.25806	0.26154	0.23692
0.09091	0.1305	0.14286
0.06383	0.04941	0.00222
0.0	0.0	0.0
0.07692	0.10423	0.11111
0.25	0.17961	0.154
0.24	0.1458	0.1175
0.30909	0.27447	0.22902
0.08333	0.11962	0.05882
0.26087	0.26717	0.22331
0.25	0.248	0.21867
0.32353	0.34344	0.30708
0.09375	0.10888	0.13636
0.0	0.0	0.0
0.04545	0.03812	0.02222
0.22222	0.22222	0.13333
0.22807	0.2026	0.15851
0.57143	0.48695	0.394
0.14103	0.15385	0.09883
0.32812	0.29233	0.27311
0.07143	0.07143	0.06061
0.17808	0.15775	0.13032
0.14634	0.13376	0.09615
0.0625	0.125	0.09091
0.09434	0.06087	0.04459
0.1746	0.14338	0.12536
0.63333	0.56777	0.46575
0.21429	0.21429	0.19048
0.0	0.0	0.0
0.0	0.0	0.0
0.04082	0.04246	0.04384
0.01852	0.01045	0.01547
0.14286	0.12211	0.12732
0.0	0.0	0.0
0.26316	0.25974	0.17265
0.37931	0.37262	0.32525
0.07407	0.06571	0.04301
0.0	0.0	0.0
0.6087	0.57222	0.54076
0.01408	0.01408	0.02128
0.0	0.0	0.0
0.04412	0.04412	0.02128
0.09589	0.09589	0.06383
0.01786	0.03571	0.02778
0.0625	0.0625	0.0303
0.0	0.0	0.0
0.25431	0.25347	0.26104
0.33846	0.33846	0.28889
0.0	0.0	0.0
0.28571	0.28571	0.16667
0.06977	0.06977	0.03704
0.0	0.0	0.0
0.21739	0.18233	0.16834
0.04324	0.04237	0.03226
0.10119	0.0985	0.08652
0.35294	0.26753	0.319
0.48387	0.47868	0.47126
0.05263	0.05263	0.08333
0.1087	0.04417	0.05483
0.03704	0.0423	0.04167
0.0	0.0	0.0
0.04545	0.04545	0.06667
0.01389	0.01389	0.0
0.19608	0.12904	0.12903
0.27586	0.2069	0.1387
0.04955	0.0292	0.02987
0.19149	0.17604	0.14716
0.5	0.34605	0.28225
0.45455	0.45455	0.5
0.0	0.0	0.0
0.11111	0.11111	0.0
0.0303	0.029	0.03544
0.08642	0.09459	0.0814
0.0566	0.06391	0.02152
0.0	0.0	0.0
0.06154	0.05409	0.05591
0.03158	0.02377	0.0043
0.07143	0.07143	0.125
0.07143	0.04954	0.05882
0.38636	0.40395	0.43607
0.11765	0.08918	0.06317
0.0	0.0	0.0
0.0	0.0	0.0
0.35294	0.28465	0.27273
0.0292	0.0292	0.0297
0.625	0.53225	0.344
0.18519	0.18041	0.0599
0.48889	0.50322	0.43117
0.02857	0.02857	0.0
0.04	0.04	0.05882
0.2	0.18817	0.18182
0.23077	0.23573	0.13282
0.06222	0.05835	0.06006
0.15789	0.12224	0.04838
0.40909	0.33577	0.28025
0.23077	0.23077	0.10526
0.0	0.0	0.0
0.2	0.1516	0.0
0.09677	0.06868	0.05132
0.0	0.0	0.0
0.13333	0.13333	0.0
0.4	0.4128	0.172
0.30986	0.26896	0.22064
0.0	0.0	0.0
0.20588	0.18785	0.073
0.05517	0.05517	0.03922
0.13636	0.10264	0.08986
0.11111	0.11111	0.05882
0.05357	0.05357	0.02778
0.0137	0.0137	0.01786
0.14815	0.10156	0.09168
0.9375	0.9375	0.94737
0.08889	0.07957	0.04608
0.3	0.3	0.33333
0.0	0.0	0.0
0.45833	0.34675	0.30643
0.44444	0.41457	0.3313
0.16364	0.16598	0.05128
0.04082	0.03654	0.00922
0.65517	0.59397	0.51789
0.0	0.0	0.0
0.53333	0.49247	0.42953
0.0	0.0	0.0
0.12	0.15096	0.11765
0.13095	0.11905	0.08
0.07143	0.07777	0.06977
0.92308	0.89823	0.48973
0.26582	0.26418	0.22331
0.0	0.0	0.0
0.13084	0.1022	0.1051
0.40909	0.36364	0.43453
0.0	0.0	0.0
0.35938	0.34072	0.31434
0.0	0.0	0.0
0.37037	0.30941	0.31068
0.26087	0.22017	0.1376
0.19895	0.16821	0.14829
0.06818	0.03923	0.0414
0.25	0.24462	0.2129
0.02174	0.02174	0.03704
0.0	0.0	0.0
0.15385	0.14638	0.16667
0.27168	0.26534	0.22316
0.46512	0.40284	0.33814
0.06522	0.06872	0.04808
0.05376	0.04995	0.04133
0.31579	0.28353	0.33333
0.10345	0.10345	0.1
0.10256	0.10256	0.08163
0.14545	0.12082	0.04446
0.19355	0.21539	0.12767
0.02857	0.02857	0.0
0.1746	0.17306	0.11364
0.10169	0.10169	0.05405
0.11392	0.1127	0.06079
0.19403	0.19884	0.14193
0.13825	0.13527	0.14966
0.17391	0.15259	0.1298
0.16216	0.15868	0.16237
0.91083	0.64778	0.42428
0.15217	0.15217	0.09677
0.3913	0.29452	0.315
0.05634	0.05747	0.0453
0.0	0.0	0.0
0.08163	0.08163	0.0
0.0	0.0	0.0
0.37209	0.29181	0.25913
0.21429	0.21429	0.16667
0.0	0.0	0.0
0.05357	0.06913	0.07143
0.22222	0.22939	0.19842
0.83333	0.81717	0.4968
0.07143	0.07143	0.04878
0.14062	0.15398	0.13887
0.17647	0.16034	0.10549
0.06	0.06	0.03448
0.29412	0.21441	0.17742
0.05833	0.06371	0.04954
0.16667	0.15913	0.12159
0.02564	0.02564	0.03704
0.1	0.1	0.09231
0.21088	0.19618	0.1633
0.0	0.0	0.0
0.10714	0.12211	0.12095
0.22449	0.23469	0.15568
0.0	0.0	0.0
0.21429	0.24539	0.17391
0.0	0.0	0.0
0.07339	0.06127	0.04245
0.05682	0.04802	0.03905
0.0916	0.08766	0.06965
0.2439	0.21951	0.14819
0.14	0.12774	0.07233
0.0	0.0	0.0
0.47619	0.44162	0.38939
0.08434	0.08434	0.05
0.12195	0.12195	0.09319
0.15758	0.15093	0.12534
0.04094	0.03527	0.03112
0.0	0.0	0.0
0.15663	0.12786	0.10495
0.16	0.09808	0.12189
0.2126	0.2126	0.21111
0.09259	0.09259	0.02564
0.14286	0.12212	0.04342
0.13415	0.1196	0.08483
0.0	0.0	0.0
0.06452	0.05688	0.01248
0.09524	0.09524	0.06061
0.15108	0.14412	0.13718
0.0177	0.0177	0.01266
0.15254	0.12712	0.09257
0.42222	0.37276	0.32718
0.125	0.125	0.16667
0.06207	0.05406	0.03396
0.15714	0.14331	0.07277
0.33333	0.2774	0.27273
0.1129	0.09885	0.07277
0.17949	0.18692	0.11111
0.02778	0.02778	0.0
0.08333	0.08333	0.0625
0.26087	0.2847	0.28425
0.0	0.0	0.0
0.1	0.10928	0.08387
0.25	0.25	0.25
0.21053	0.21053	0.07692
0.05882	0.07971	0.07692
0.06522	0.0568	0.06061
0.09244	0.08213	0.05752
0.07778	0.0577	0.03655
0.08475	0.0811	0.07174
0.375	0.28528	0.30936
0.1	0.1	0.0
0.07407	0.09678	0.04762
0.0	0.0	0.0
0.025	0.025	0.02381
0.16327	0.16327	0.11765
0.13235	0.12334	0.09537
0.03817	0.02463	0.03584
0.125	0.12419	0.10892
0.0	0.0	0.0
0.0	0.0	0.0
0.26316	0.28126	0.19603
0.16071	0.15611	0.11545
0.14474	0.1303	0.11955
0.0	0.0	0.0
0.17391	0.15007	0.05947
0.04505	0.04824	0.05556
0.63636	0.63636	0.71429
0.08333	0.10036	0.09091
0.09184	0.09184	0.09677
0.22727	0.27273	0.1875
0.01786	0.01786	0.02941
0.14286	0.158	0.11289
0.0	0.0	0.0
0.22857	0.23594	0.3
0.02963	0.02963	0.0297
0.01961	0.0291	0.03125
0.06494	0.06494	0.0
0.22222	0.17383	0.01075
0.14286	0.14286	0.09091
0.0963	0.09653	0.04838
0.31429	0.28754	0.20757
0.09924	0.10121	0.08945
0.05128	0.05128	0.0
0.16667	0.16667	0.08333
0.0	0.0	0.0
0.09091	0.17009	0.1
0.01695	0.02023	0.01776
0.12658	0.10943	0.10856
0.13725	0.14041	0.12119
0.15385	0.134	0.20494
0.0678	0.06234	0.07238
0.05556	0.05556	0.03333
0.04918	0.04468	0.03112
0.09836	0.09836	0.075
0.36	0.32772	0.2946
0.0	0.0	0.0
0.10345	0.10345	0.11111
0.0	0.0	0.0
0.25	0.25	0.24
0.20588	0.25235	0.25671
0.27778	0.20786	0.13708
0.10169	0.1099	0.07317
0.10256	0.0914	0.08929
0.14815	0.1613	0.11111
0.21698	0.21317	0.16333
0.0	0.0	0.0
0.85714	0.894	0.543
0.0	0.0	0.0
0.0	0.0	0.0
0.125	0.14055	0.07317
0.28571	0.25928	0.20759
0.26316	0.25184	0.23889
0.21818	0.20938	0.15789
0.025	0.01815	0.0
0.0	0.0	0.0
0.04819	0.06373	0.03881
0.2	0.2	0.2
0.10526	0.12563	0.06
0.03175	0.03866	0.03529
0.23288	0.21741	0.17204
0.15625	0.16734	0.11214
0.0	0.0	0.0
0.0	0.0	0.0
0.76923	0.59554	0.595
0.05556	0.05421	0.04137
0.0	0.0	0.0
0.05263	0.03112	0.02703
0.25	0.14355	0.1828
0.08434	0.06063	0.04258
0.0	0.0	0.0
0.25	0.13065	0.16347
0.0	0.0	0.0
0.28571	0.28571	0.25
0.15385	0.1675	0.17647
0.09322	0.0544	0.05616
0.05556	0.0442	0.01106
0.0	0.0	0.0
0.0	0.0	0.0
0.07018	0.07018	0.04012
0.16216	0.13077	0.11223
0.0	0.0	0.0
0.0625	0.0625	0.06452
0.11702	0.0978	0.05906
0.0625	0.0625	0.0
0.28571	0.2235	0.15725
0.93548	0.70242	0.724
0.10949	0.10242	0.10378
0.10465	0.10765	0.08621
0.0	0.0	0.0
0.23077	0.23077	0.22222
0.0	0.0	0.0
0.07778	0.08351	0.06452
0.74194	0.64826	0.73478
0.21774	0.20863	0.1663
0.0	0.0	0.0
0.73333	0.73333	0.7
0.0	0.0	0.0
0.13158	0.14347	0.08742
0.09091	0.09091	0.07149
0.17172	0.17432	0.14286
0.208	0.19252	0.18617
0.25	0.25	0.28571
0.01961	0.01961	0.02198
0.83333	0.79033	0.83875
0.0	0.0	0.0
0.07317	0.07317	0.04
0.08163	0.07439	0.02081
0.04762	0.04762	0.04
0.61538	0.54092	0.52333
0.08333	0.06451	0.0495
0.0	0.0	0.0
0.0	0.0	0.0
0.3	0.27741	0.28225
0.01053	0.01053	0.0
0.19048	0.19048	0.16667
0.0	0.0	0.0
0.43636	0.41407	0.37521
0.0303	0.01564	0.02243
0.10345	0.11012	0.08234
0.25926	0.2437	0.14333
0.42857	0.38479	0.30389
0.15686	0.11259	0.0636
0.16981	0.15642	0.14343
0.04959	0.03519	0.02565
0.0	0.0	0.0
1.0	1.0	1.0
0.05357	0.07143	0.08824
0.11321	0.13025	0.13564
0.53226	0.52029	0.51253
0.15517	0.13821	0.10421
0.07273	0.05924	0.02778
0.09655	0.09744	0.08484
0.0	0.0	0.0
0.0	0.0	0.0
0.03922	0.03922	0.06452
0.01818	0.0132	0.00349
0.05	0.01775	0.00956
0.25714	0.18986	0.0658
0.08197	0.05975	0.05251
0.11364	0.11364	0.05085
0.05797	0.04254	0.01122
0.19708	0.13422	0.08615
0.24	0.17742	0.11994
0.13333	0.13333	0.04762
0.15663	0.14069	0.10107
0.27969	0.24038	0.2195
0.26562	0.21773	0.2272
0.00952	0.01905	0.01471
0.44444	0.35122	0.043
0.0274	0.02253	0.03104
0.0	0.0	0.0
0.33333	0.33333	0.22222
0.0	0.0	0.0
0.13043	0.07854	0.06555
0.42857	0.41707	0.25089
0.425	0.425	0.41379
0.0597	0.0597	0.04444
0.11111	0.11111	0.14286
0.92308	0.92308	0.9
0.05	0.05	0.05882
0.29412	0.23147	0.08209
0.0	0.0	0.0
0.18182	0.18573	0.149
0.0	0.0	0.0
0.28571	0.28571	0.25
0.16364	0.17418	0.18406
0.16176	0.15322	0.1139
0.25806	0.15556	0.12595
0.0	0.0	0.0
0.11765	0.09362	0.04134
0.125	0.10945	0.10071
0.07438	0.08064	0.07831
0.40741	0.38948	0.4258
0.2069	0.18462	0.13094
0.14583	0.12477	0.11449
0.15789	0.13242	0.19354
0.09091	0.09091	0.05556
0.0	0.0	0.0
0.06803	0.07044	0.05977
0.0	0.0	0.0
0.14286	0.11981	0.17971
0.0	0.0	0.0
0.00893	0.00893	0.0125
0.06154	0.04466	0.03533
0.28788	0.22531	0.18252
0.15493	0.10768	0.12194
0.45455	0.48682	0.2365
0.28302	0.28302	0.28125
0.02362	0.01676	0.01313
0.33333	0.3145	0.19625
0.0	0.0	0.0
0.17391	0.14726	0.11945
0.21053	0.21053	0.14286
0.2069	0.1179	0.12554
0.45652	0.3747	0.32996
0.13333	0.11775	0.11779
0.14286	0.08986	0.15725
0.12162	0.10964	0.09644
0.52	0.52	0.52381
0.17647	0.17362	0.14368
0.14815	0.16428	0.14706
0.04545	0.04545	0.07143
0.0	0.0	0.0
0.025	0.01612	0.02224
0.13953	0.1129	0.08453
0.36471	0.36471	0.33962
0.25743	0.25488	0.24195
0.12432	0.11822	0.09357
0.0	0.0	0.0
0.0	0.0	0.0
0.45455	0.36945	0.30414
0.10526	0.10526	0.08333
0.0	0.0	0.0
0.07143	0.07143	0.11111
0.25	0.22681	0.1577
1.0	1.0	1.0
0.37778	0.30896	0.21875
0.03571	0.01382	0.01843
0.04854	0.04541	0.03225
0.23913	0.2118	0.14219
0.0963	0.08721	0.03812
0.0	0.0	0.0
0.53659	0.49017	0.41812
0.05051	0.04953	0.03923
0.10909	0.0868	0.05806
0.02222	0.03011	0.03448
0.09938	0.09698	0.09191
0.24615	0.24665	0.17633
0.05882	0.04744	0.02016
0.0	0.0	0.0
0.07143	0.07143	0.06452
0.47059	0.47059	0.42857
0.02703	0.02703	0.0
0.13115	0.10734	0.07902
0.07865	0.05799	0.06619
0.0084	0.0084	0.0119
0.0	0.0	0.0
0.22642	0.18198	0.17147
0.0	0.0	0.0
0.0	0.0	0.0
0.21333	0.20472	0.17014
0.12698	0.14797	0.15385
0.16216	0.15868	0.11484
0.0	0.0	0.0
0.0	0.0	0.0
0.0	0.0	0.0
0.21154	0.19663	0.18447
0.19512	0.1778	0.13014
0.12844	0.10417	0.13274
0.0	0.0	0.0
0.0	0.0	0.0
0.0	0.0	0.0
0.15556	0.13583	0.11371
0.03974	0.03162	0.01258
0.12667	0.10408	0.06479
0.12676	0.12676	0.06522
0.38095	0.33029	0.285
0.0	0.0	0.0
0.0	0.0	0.0
0.08966	0.07764	0.06272
0.69231	0.69231	0.77778
0.0	0.0	0.0
0.09524	0.09524	0.07143
0.5	0.45781	0.34515
0.0	0.0	0.0
0.10909	0.11613	0.07692
0.15909	0.15909	0.2089
0.11268	0.10268	0.07993
0.0	0.0	0.0
0.17757	0.17305	0.18021
0.4898	0.4898	0.5
0.0	0.0	0.0
0.23214	0.2212	0.20513
0.55556	0.56622	0.52683
0.09524	0.09524	0.06897
0.25581	0.23253	0.20666
0.23841	0.24289	0.21189
0.16923	0.17221	0.17228
0.26316	0.20644	0.15877
0.0	0.0	0.0
0.1875	0.16633	0.11684
1.0	0.59133	0.516
0.9	0.758	0.58986
0.07692	0.10423	0.11111
0.15	0.14192	0.11639
0.51724	0.51724	0.47619
0.1	0.1	0.03227
0.09574	0.07413	0.06075
0.0	0.0	0.0
0.0	0.0	0.0
0.09302	0.09302	0.09091
0.0	0.0	0.0
0.1129	0.1129	0.07895
0.1	0.10466	0.08602
0.03922	0.03922	0.02703
0.09639	0.09522	0.05671
0.10795	0.09549	0.05645
0.47368	0.49745	0.51905
0.05556	0.04813	0.04998
0.26667	0.26738	0.23048
0.09302	0.08402	0.08516
0.07143	0.0599	0.04738
0.09677	0.09677	0.08197
0.0819	0.07453	0.05494
0.38462	0.27419	0.25628
0.22222	0.22222	0.08333
0.03623	0.03413	0.0308
0.0	0.0	0.0
0.13333	0.13333	0.1
0.06667	0.03011	0.03395
0.93333	0.88387	0.66667
0.07246	0.06732	0.0551
0.12	0.10064	0.05882
0.07692	0.10733	0.07692
0.02632	0.02632	0.0
0.04348	0.04348	0.0
0.11321	0.08887	0.037
0.0	0.0	0.0
0.05952	0.05088	0.0496
0.27143	0.25899	0.20498
1.5	1.145	1.516
0.13043	0.13043	0.0625
0.03774	0.03774	0.02857
0.2561	0.23484	0.2137
0.19469	0.19926	0.14599
0.22222	0.22222	0.15789
0.27778	0.25089	0.20967
0.06195	0.06509	0.0603
0.11905	0.11905	0.04167
0.0	0.0	0.0
0.0625	0.07762	0.06977
0.125	0.125	0.03846
0.0	0.0	0.0
0.09091	0.07976	0.07233
0.03571	0.04234	0.03077
0.02899	0.02899	0.02273
0.01786	0.01786	0.0
0.3125	0.29334	0.3
0.0	0.0	0.0
0.13333	0.2	0.125
0.05882	0.05882	0.0
0.18182	0.18122	0.23624
0.20253	0.16987	0.13853
0.05505	0.05208	0.05037
0.05882	0.05882	0.0
0.0	0.0	0.0
0.0303	0.0303	0.04762
0.16901	0.14221	0.14551
0.34615	0.29653	0.3
0.04494	0.04494	0.01786
0.2	0.14021	0.15543
0.06944	0.06944	0.04762
0.0155	0.0155	0.01031
0.03521	0.03521	0.02128
0.02564	0.02564	0.0
0.08671	0.08465	0.0739
0.34328	0.28599	0.28029
0.0	0.0	0.0
0.0	0.0	0.0
0.02941	0.02941	0.0
0.03846	0.03846	0.01887
0.0	0.0	0.0
0.06818	0.04032	0.0258
0.17021	0.17021	0.03226
0.06897	0.06897	0.1
0.03125	0.03125	0.0
0.09091	0.07991	0.06897
0.0	0.0	0.0
0.0	0.0	0.0
0.09091	0.09091	0.0625
0.0	0.0	0.0
0.03125	0.03125	0.0
0.12903	0.12903	0.13333
0.27273	0.28933	0.19814
0.05714	0.05714	0.0
0.01333	0.01333	0.0
0.05556	0.04525	0.04804
0.05747	0.05747	0.01887
0.33333	0.30107	0.23963
0.22857	0.15483	0.09524
0.02857	0.02857	0.04167
0.0	0.0	0.0
0.01961	0.01961	0.0
0.13889	0.13038	0.09537
0.0	0.0	0.0
0.06667	0.06667	0.04545
0.03333	0.03333	0.05
0.09278	0.07648	0.05218
0.0	0.0	0.0
0.6	0.35053	0.32845
0.05769	0.05769	0.02703
0.0	0.0	0.0
0.125	0.13171	0.14669
0.0	0.0	0.0
0.05128	0.06451	0.05831
0.17262	0.1563	0.13833
0.10909	0.09325	0.07822
0.05263	0.05263	0.06897
0.29927	0.25147	0.16303
0.875	0.875	0.82353
0.2381	0.255	0.21429
0.01724	0.01724	0.02222
0.15254	0.13505	0.07471
0.05405	0.06365	0.03846
0.11321	0.08947	0.09847
0.06061	0.05572	0.04478
0.06335	0.05619	0.0408
0.06186	0.07349	0.07011
0.0	0.0	0.0
0.76471	0.76471	0.81818
0.21429	0.18779	0.074
0.23729	0.20066	0.14598
0.0	0.0	0.0
0.13333	0.13333	0.11111
0.0354	0.02797	0.01734
0.3	0.28063	0.24515
0.07407	0.07407	0.03922
0.0	0.0	0.0
0.14286	0.14286	0.0
0.0202	0.0202	0.01562
1.0	0.7419	0.74733
0.0	0.0	0.0
0.04	0.04	0.03571
0.0	0.0	0.0
0.25	0.23588	0.16127
0.0	0.0	0.0
0.01399	0.01399	0.01942
0.14286	0.14286	0.11111
0.125	0.14112	0.1
0.22727	0.24707	0.12903
0.25	0.25	0.0
0.04348	0.04348	0.02083
0.20833	0.17876	0.1539
0.02326	0.02326	0.0
0.11321	0.11321	0.08333
0.33333	0.27213	0.26036
0.13492	0.12596	0.0885
0.0463	0.0463	0.04286
0.0625	0.05897	0.07702
0.09756	0.09756	0.03846
0.02041	0.00527	0.0086
0.09615	0.07879	0.05747
0.38462	0.40446	0.2516
0.05	0.05	0.06977
0.15333	0.15032	0.1312
0.0	0.0	0.0
0.15625	0.15625	0.08
0.2	0.16838	0.07957
0.04255	0.04255	0.03226
0.0	0.0	0.0
1.23077	1.23077	1.2
0.29825	0.26937	0.18724
0.06452	0.06452	0.05
0.10769	0.09726	0.08702
0.20588	0.19924	0.19892
0.08	0.03872	0.02867
0.06667	0.06667	0.04762
0.25301	0.22581	0.20104
0.06944	0.06944	0.03846
0.17742	0.15973	0.13748
0.03125	0.03125	0.0
0.0	0.0	0.0
0.4	0.4	0.35294
0.0	0.0	0.0
0.11111	0.11111	0.0
0.08	0.08	0.0
0.04082	0.04082	0.03125
0.1	0.09398	0.09296
0.02542	0.02542	0.01266
0.11111	0.10888	0.09876
0.19048	0.19048	0.16667
1.0	1.0	1.0
0.0	0.0	0.0
0.375	0.375	0.5
0.16495	0.14632	0.11241
0.42308	0.39785	0.3317
0.25455	0.21993	0.21566
0.29412	0.25616	0.16909
0.05	0.05184	0.02626
0.02703	0.02703	0.0
0.04651	0.04651	0.0625
0.0	0.0	0.0
0.04082	0.04707	0.04615
0.25	0.25	0.23529
0.18919	0.19005	0.14077
0.07821	0.07299	0.03474
0.0	0.0	0.0
0.0	0.0	0.0
0.25758	0.21652	0.19654
0.34	0.3058	0.28368
0.10526	0.10358	0.08067
0.51724	0.51724	0.55556
0.07143	0.05069	0.00496
0.08333	0.10572	0.08696
0.04	0.04	0.05556
0.03968	0.03968	0.03659
0.0	0.0	0.0
0.35593	0.33569	0.25358
0.18116	0.17017	0.1425
0.01685	0.01069	0.01274
0.05195	0.03938	0.03834
0.05607	0.04989	0.0446
0.13953	0.13953	0.08
0.05926	0.05711	0.05758
0.02174	0.02174	0.02778
0.28467	0.25712	0.2077
0.12766	0.11736	0.04738
0.42857	0.36864	0.28011
0.14286	0.16743	0.13708
0.14286	0.12407	0.09777
0.0303	0.0303	0.0
0.17476	0.16474	0.13364
0.15909	0.14516	0.15053
0.19512	0.19039	0.12061
0.2561	0.23839	0.20116
0.0	0.0	0.0
0.68421	0.62647	0.74193
0.08696	0.08696	0.0625
0.02857	0.02396	0.02021
0.17143	0.14347	0.10939
0.07143	0.06912	0.06897
0.06849	0.0707	0.06198
1.0	0.7548	0.758
0.29808	0.28969	0.231
0.66667	0.53225	0.32257
0.47222	0.45608	0.34361
0.09615	0.09367	0.05882
0.11111	0.11409	0.06753
0.275	0.29675	0.20766
0.0	0.0	0.0
0.05714	0.047	0.0258
0.08377	0.08242	0.07135
0.05357	0.05357	0.05128
0.25532	0.25532	0.20654
0.06818	0.06782	0.07306
0.1875	0.1875	0.14286
0.0	0.0	0.0
0.0	0.0	0.0
0.17544	0.17402	0.12807
0.19231	0.21277	0.16522
0.0	0.0	0.0
0.02632	0.02632	0.0
0.53846	0.51615	0.42818
0.18182	0.22291	0.246
0.13793	0.13265	0.10661
0.14286	0.10138	0.08986
0.25806	0.23516	0.08225
0.19231	0.19231	0.29412
0.17241	0.17241	0.26316
0.19444	0.19847	0.14112
0.58333	0.55644	0.46154
0.28125	0.25603	0.15514
0.0	0.0	0.0
0.45161	0.40061	0.29515
0.09589	0.09589	0.08
0.2	0.18351	0.17527
0.0	0.0	0.0
0.14634	0.13376	0.11693
0.28571	0.15362	0.10669
0.0	0.0	0.0
0.08966	0.09521	0.06192
0.1831	0.17538	0.12402
0.16	0.1716	0.2
0.09091	0.08462	0.07444
0.26744	0.2108	0.19238
0.06	0.06	0.0597
0.25	0.25	0.25
0.30769	0.26673	0.29029
0.05172	0.04171	0.03461
0.08333	0.08333	0.05556
0.06897	0.07341	0.00645
0.1087	0.08765	0.06989
0.0625	0.0625	0.1
0.84211	0.80642	0.77915
0.09756	0.09756	0.04167
0.19481	0.19229	0.17331
0.05682	0.05682	0.03774
0.17419	0.15421	0.09796
0.375	0.375	0.66667
0.47059	0.53129	0.44128
0.61538	0.65754	0.4032
0.13793	0.13793	0.11111
0.11538	0.1439	0.13306
0.01316	0.01316	0.01923
0.24324	0.20749	0.22733
0.024	0.03097	0.02381
0.06522	0.07399	0.05682
0.16129	0.15261	0.12147
0.40741	0.40741	0.4
0.06173	0.04181	0.00717
0.0	0.0	0.0
0.77778	0.75985	0.69124
0.07317	0.09756	0.0625
0.21875	0.19153	0.05132
0.33333	0.31951	0.36021
0.29268	0.29346	0.17971
0.16892	0.16129	0.15908
0.21154	0.19758	0.13306
0.11765	0.11765	0.08824
0.22148	0.1955	0.20013
0.0	0.0	0.0
0.16667	0.1583	0.10811
0.0	0.0	0.0
0.33333	0.172	0.0
0.15	0.13903	0.08314
0.03226	0.03226	0.0
0.15385	0.16563	0.16392
0.10294	0.0944	0.04167
0.14286	0.14286	0.16667
0.14943	0.15276	0.133
0.05952	0.0553	0.0456
0.46154	0.46105	0.43109
0.01149	0.01149	0.0
0.10526	0.10526	0.0
0.05172	0.06674	0.02778
0.0	0.0	0.0
0.31977	0.30908	0.28296
0.06329	0.06023	0.05455
0.3	0.3258	0.17971
0.0	0.0	0.0
0.44444	0.42352	0.3795
0.02222	0.01147	0.0172
0.19718	0.16598	0.13129
0.08333	0.07565	0.05686
0.10185	0.11484	0.10501
0.13636	0.12243	0.13294
0.22581	0.19561	0.1024
0.1375	0.14234	0.11223
0.57895	0.38537	0.56717
0.04286	0.04286	0.03846
0.19231	0.21505	0.15658
0.03684	0.03786	0.0409
0.375	0.36088	0.1516
0.3125	0.26764	0.22497
0.33333	0.33085	0.24539
0.35135	0.31908	0.27554
0.2	0.20516	0.10181
0.02083	0.02083	0.03226
0.31429	0.29491	0.20757
0.08696	0.07643	0.04738
0.0	0.0	0.0
0.12	0.11548	0.02497
0.13846	0.13648	0.14937
0.08333	0.06631	0.0603
0.01923	0.01923	0.03226
0.2	0.2258	0.1895
0.08791	0.07586	0.0937
0.09877	0.09877	0.0566
0.0	0.0	0.0
0.0	0.0	0.0
0.08	0.08	0.05556
0.33333	0.33333	0.35
0.0	0.0	0.0
0.0875	0.06976	0.06147
0.09459	0.09459	0.08511
0.10638	0.10638	0.08824
0.0625	0.07862	0.04762
0.12329	0.14892	0.09349
0.27326	0.26594	0.21675
0.72727	0.69791	0.37633
0.19811	0.1832	0.14405
0.04651	0.03714	0.03905
0.01852	0.01852	0.0
0.01266	0.01266	0.0
0.14286	0.14286	0.05882
0.28571	0.27189	0.16
0.03261	0.03261	0.03125
0.0	0.0	0.0
0.06977	0.06977	0.05263
0.10959	0.11179	0.1012
0.01176	0.01176	0.01639
0.20556	0.18261	0.12274
0.03571	0.03571	0.05556
0.0	0.0	0.0
0.07143	0.07143	0.04762
0.09091	0.09091	0.04762
0.03252	0.03252	0.03614
0.13043	0.10752	0.07433
0.04861	0.03741	0.03541
0.0	0.0	0.0
0.0	0.0	0.0
0.0	0.0	0.0
0.09859	0.11176	0.08333
0.30814	0.30195	0.27042
0.21951	0.20771	0.15385
0.04348	0.04348	0.0
0.0	0.0	0.0
0.20588	0.18501	0.19498
0.3871	0.33403	0.36218
0.0274	0.02253	0.01433
0.01408	0.01408	0.0
0.33333	0.33333	0.33333
0.04545	0.04545	0.04762
0.41667	0.41667	0.375
0.39216	0.35041	0.29905
0.21176	0.20854	0.19574
0.0	0.0	0.0
0.0	0.0	0.0
0.13298	0.13795	0.09649
0.03497	0.03068	0.02537
0.08442	0.07582	0.03503
0.07229	0.0579	0.06621
0.0875	0.07096	0.04537
0.33333	0.33333	0.33333
0.15068	0.15068	0.08698
0.0	0.0	0.0
0.24	0.26452	0.23529
0.26087	0.2265	0.20787
0.19588	0.17559	0.1588
0.23645	0.22739	0.18078
0.04878	0.03973	0.03636
0.03704	0.03704	0.0
0.06897	0.06897	0.06061
0.04908	0.05383	0.04625
0.0	0.0	0.0
0.0	0.0	0.0
0.05882	0.05882	0.04167
0.0	0.0	0.0
0.22059	0.22675	0.20179
0.17308	0.17121	0.1301
0.0	0.0	0.0
0.04762	0.04762	0.0
0.08696	0.08696	0.0
0.14286	0.10829	0.0516
0.0	0.0	0.0
0.17708	0.14449	0.11465
0.04895	0.0573	0.05645
0.85714	0.45614	0.4774
0.23333	0.23333	0.19048
0.04444	0.04444	0.03571
0.08046	0.0608	0.05576
0.0	0.0	0.0
0.30303	0.23558	0.22983
0.0	0.0	0.0
0.36601	0.34682	0.27133
0.05556	0.01433	0.0215
0.08219	0.07556	0.05455
0.23171	0.19355	0.18065
0.19595	0.17829	0.18109
0.03911	0.03478	0.02357
0.0	0.0	0.0
0.55556	0.54122	0.75267
0.14706	0.17647	0.21053
0.15152	0.13489	0.1129
0.05128	0.02895	0.04342
0.15686	0.10373	0.11
0.42857	0.43779	0.21409
0.14634	0.14634	0.09524
0.16667	0.16667	0.0
0.09709	0.09427	0.06815
0.11111	0.11111	0.1
0.08696	0.07609	0.07208
0.0	0.0	0.0
0.02703	0.02703	0.0
0.11194	0.12229	0.0482
0.33333	0.24192	0.23973
0.2	0.2774	0.25
0.25	0.22225	0.16381
0.44048	0.41052	0.34345
0.08642	0.07726	0.05716
0.04839	0.04058	0.0361
0.05263	0.06735	0.04686
0.0	0.0	0.0
0.23596	0.25154	0.25964
0.09859	0.10404	0.06774
0.0	0.0	0.0
0.19512	0.19512	0.16364
0.40113	0.37215	0.32283
0.24615	0.21092	0.12983
0.07609	0.07609	0.04918
0.0	0.0	0.0
1.54545	1.51318	1.66357
0.5	0.49192	0.14286
0.15714	0.16221	0.10789
0.07639	0.08714	0.0744
0.125	0.125	0.07317
0.0	0.0	0.0
0.22289	0.21201	0.15737
0.17778	0.13978	0.09566
0.04706	0.04365	0.04593
0.1625	0.15765	0.14723
0.07143	0.06106	0.03671
0.34211	0.3104	0.22236
0.1	0.1	0.07407
0.0	0.0	0.0
0.24648	0.24512	0.20473
0.09174	0.09855	0.06944
0.07432	0.07105	0.08188
0.66667	0.66667	0.66667
0.21429	0.21429	0.28571
0.03077	0.02258	0.03226
0.0	0.0	0.0
0.05333	0.05807	0.04348
0.19355	0.17794	0.05
0.01754	0.01754	0.02326
0.4507	0.4257	0.34881
0.12857	0.11659	0.07258
0.04598	0.05006	0.04918
0.15957	0.16094	0.09031
0.10714	0.07604	0.10526
0.3	0.29515	0.30023
0.16667	0.15025	0.13586
0.07143	0.07143	0.04762
0.16949	0.12576	0.09912
0.12727	0.12727	0.09767
0.01299	0.01299	0.01923
0.0	0.0	0.0
0.05882	0.05882	0.0
0.13158	0.09084	0.08126
0.0	0.0	0.0
0.11268	0.11086	0.10029
0.26316	0.26316	0.18182
0.32353	0.26707	0.20318
0.16788	0.16176	0.12797
0.0	0.0	0.0
0.02564	0.02564	0.0
0.0	0.0	0.0
0.17391	0.12061	0.10435
0.4	0.4	0.129
0.16129	0.14508	0.1018
0.02344	0.03125	0.0119
0.07407	0.05615	0.0
0.04478	0.03755	0.02273
0.25	0.2855	0.265
0.07353	0.07732	0.06452
0.11475	0.11475	0.11364
0.12121	0.12121	0.06317
0.34286	0.31426	0.20896
0.33333	0.29419	0.28556
0.30496	0.28392	0.22871
0.21277	0.207	0.16048
0.20833	0.19265	0.14675
0.08889	0.08889	0.06897
0.17164	0.15816	0.10865
0.13043	0.115	0.13593
0.09756	0.0708	0.06796
0.13514	0.13514	0.17391
0.01064	0.01064	0.0
0.25281	0.21456	0.16638
0.07895	0.08432	0.08434
0.11321	0.08703	0.08041
0.08929	0.08064	0.06989
0.04054	0.03466	0.0397
0.22222	0.19545	0.12867
0.19497	0.17528	0.18216
0.03448	0.02836	0.03051
0.125	0.11866	0.08422
0.04762	0.05376	0.04338
0.02941	0.02941	0.02326
0.08333	0.08333	0.05882
0.11111	0.11111	0.04762
0.01961	0.01961	0.02857
0.11	0.09161	0.04889
0.15044	0.13532	0.09988
0.17986	0.15085	0.10221
0.02609	0.02076	0.01712
0.14545	0.12053	0.07303
0.03448	0.04449	0.01754
0.1125	0.09556	0.09108
0.5625	0.41328	0.22042
0.1269	0.12445	0.11957
0.17143	0.17143	0.21739
0.9375	0.66531	0.7646
0.0	0.0	0.0
0.0	0.0	0.0
0.53846	0.531	0.61288
0.03571	0.01843	0.0258
0.125	0.1294	0.08475
0.09302	0.07051	0.03571
0.04762	0.04762	0.0
0.16176	0.16176	0.08889
0.63636	0.63636	0.75
0.40146	0.38239	0.37097
0.07229	0.04392	0.03104
0.0	0.0	0.0
0.54545	0.54545	0.66667
0.13333	0.1086	0.14809
0.25806	0.22615	0.20031
0.04494	0.02429	0.01667
0.13889	0.13799	0.09722
0.14667	0.11183	0.09216
0.22449	0.23502	0.15248
0.05682	0.05682	0.05882
0.06748	0.05126	0.04717
0.01087	0.01087	0.01786
0.08911	0.07761	0.05922
0.5	0.5	0.5
0.13725	0.16224	0.12858
0.27778	0.25267	0.25808
0.0	0.0	0.0
0.05128	0.02315	0.03344
0.14286	0.15514	0.1387
0.16667	0.15521	0.12699
0.02564	0.01944	0.01695
0.07619	0.06973	0.09309
0.51852	0.51852	0.41176
0.53061	0.47265	0.47309
0.43243	0.42719	0.36352
0.16667	0.17204	0.074
0.11613	0.12257	0.09468
0.13793	0.11976	0.05477
0.04651	0.04651	0.01538
0.01587	0.01587	0.0
0.11321	0.11291	0.07416
0.03226	0.03226	0.04545
0.06618	0.0619	0.05931
0.12	0.10129	0.08396
0.21429	0.16129	0.11436
0.20833	0.2211	0.15348
0.0	0.0	0.0
0.34483	0.31979	0.2728
0.0	0.0	0.0
0.05882	0.01518	0.0215
0.47917	0.3629	0.42282
0.12598	0.12598	0.0814
0.05	0.05	0.0
0.05263	0.05263	0.03774
0.04592	0.04592	0.03759
0.0	0.0	0.0
0.04839	0.04839	0.04444
0.05263	0.05263	0.05714
0.12903	0.0999	0.08388
0.01887	0.01887	0.0
0.01299	0.01299	0.00962
0.05172	0.05617	0.01743
0.04217	0.04217	0.04425
1.0	0.96767	1.016
0.57143	0.57143	0.5
0.27273	0.26148	0.20565
0.09756	0.09166	0.05764
0.21212	0.21212	0.20455
0.06742	0.08808	0.08845
0.16667	0.16667	0.0
0.17526	0.16295	0.14616
0.0566	0.04747	0.02778
0.09524	0.09037	0.08555
0.2561	0.24705	0.19578
0.08333	0.11444	0.08197
0.07229	0.05286	0.0233
0.32143	0.31134	0.30376
0.72	0.70704	0.71613
0.05195	0.04566	0.03448
0.0	0.0	0.0
0.0	0.0	0.0
0.08108	0.08457	0.10752
0.15789	0.13753	0.10753
0.2	0.18817	0.15254
0.01852	0.01175	0.01486
0.05882	0.04445	0.02321
0.30769	0.25031	0.17951
0.09474	0.09847	0.05833
0.44444	0.34767	0.18817
0.14706	0.14138	0.16667
0.30556	0.21236	0.14968
0.25	0.25	0.16667
0.04545	0.05279	0.02564
0.08333	0.08333	0.09091
0.11111	0.13889	0.125
0.02098	0.02098	0.02273
0.27473	0.24423	0.21452
0.5	0.51173	0.45942
0.08108	0.07149	0.07143
0.0	0.0	0.0
0.27941	0.25474	0.1718
0.5	0.5	0.5
0.11321	0.10225	0.08563
0.02778	0.02778	0.04167
0.16	0.16	0.125
0.01538	0.02878	0.02703
0.04348	0.04348	0.0303
0.1223	0.12114	0.05677
0.67742	0.63787	0.56522
0.0	0.0	0.0
0.125	0.10483	0.125
0.14894	0.16747	0.0625
0.0	0.0	0.0
0.12121	0.08797	0.09062
0.08824	0.06262	0.08333
0.2029	0.17017	0.16404
0.18421	0.16978	0.10563
0.20561	0.2056	0.16601
0.0	0.0	0.0
0.2	0.2	0.09524
0.28814	0.27227	0.23117
0.17241	0.17576	0.10485
0.10909	0.13373	0.10526
0.05556	0.05556	0.08333
0.0566	0.0566	0.0
0.39024	0.41463	0.3825
0.08	0.08	0.03571
0.14286	0.14286	0.16667
0.6	0.43227	0.35482
0.03738	0.02321	0.03403
0.11628	0.11628	0.0625
0.01053	0.01053	0.01389
1.5	1.4355	2.516
0.12088	0.10634	0.07397
0.15789	0.15789	0.08333
0.05208	0.05208	0.03077
0.03947	0.0365	0.03857
0.15254	0.15692	0.19662
0.0	0.0	0.0
0.46429	0.43204	0.34637
0.11864	0.09951	0.0879
0.16216	0.16216	0.04
0.12941	0.12941	0.09242
0.28571	0.52536	0.64511
0.03448	0.03448	0.03448
0.0	0.0	0.0
0.19048	0.16436	0.15668
0.0	0.0	0.0
0.13725	0.11322	0.07706
0.12195	0.10385	0.09873
0.11765	0.10863	0.08907
0.0	0.0	0.0
0.01754	0.01754	0.02632
0.0	0.0	0.0
0.0	0.0	0.0
0.05263	0.04414	0.02557
0.09375	0.09375	0.04545
0.0	0.0	0.0
0.08333	0.08333	0.04545
0.1123	0.10143	0.10131
0.11905	0.11905	0.11538
0.0	0.0	0.0
0.15957	0.15991	0.06821
0.03797	0.03675	0.0
0.0	0.0	0.0
0.10714	0.10714	0.04762
0.26389	0.25942	0.24859
1.4	1.1032	1.0
0.03448	0.03448	0.02778
0.09375	0.08669	0.08696
0.14286	0.1248	0.10421
0.33333	0.33333	0.19353
0.26471	0.24288	0.13936
0.08065	0.08273	0.04951
0.01739	0.01739	0.01351
0.08527	0.08527	0.06977
0.09375	0.08972	0.09187
0.05634	0.06769	0.03774
0.0	0.0	0.0
0.0	0.0	0.0
0.10256	0.09346	0.05483
0.12766	0.11463	0.10769
0.0	0.0	0.0
0.24138	0.13459	0.17307
0.0	0.0	0.0
0.77778	0.77778	0.6
0.08772	0.07036	0.04237
0.44444	0.39244	0.41345
0.0	0.0	0.0
0.0	0.0	0.0
0.11321	0.10287	0.08571
0.17164	0.17669	0.13834
0.3	0.3	0.28571
0.04545	0.03739	0.0215
0.0	0.0	0.0
0.58333	0.43008	0.0903
0.21519	0.17558	0.14278
0.09091	0.09091	0.07692
0.14286	0.1347	0.07436
0.22105	0.22072	0.24083
0.09917	0.08878	0.07491
0.05	0.05	0.03333
0.06	0.06	0.0
0.09043	0.09129	0.07128
0.09649	0.09196	0.01801
0.0	0.0	0.0
0.51515	0.51515	0.52381
0.01818	0.01818	0.02778
0.10345	0.10957	0.10811
0.05172	0.05172	0.025
0.02959	0.02959	0.01835
0.17073	0.17073	0.13462
0.22222	0.17802	0.14374
0.18182	0.18182	0.0
0.0	0.0	0.0
0.33333	0.23667	0.355
0.1	0.1	0.18182
0.0303	0.0277	0.03563
0.0125	0.0125	0.01923
0.08036	0.0746	0.05069
0.09677	0.04058	0.05263
0.44776	0.44824	0.41218
0.33333	0.3086	0.25485
0.1	0.1	0.18182
0.16129	0.16129	0.15
0.09524	0.14286	0.09091
0.07692	0.07262	0.06148
0.10345	0.12459	0.07169
0.24359	0.21671	0.18631
0.21053	0.18844	0.12349
0.0	0.0	0.0
0.0	0.0	0.0
0.05882	0.05882	0.03571
0.125	0.14583	0.12121
0.05988	0.0564	0.05318
0.57143	0.46543	0.43867
0.07353	0.07353	0.05882
0.0	0.0	0.0
0.03846	0.03846	0.05405
0.08989	0.08989	0.08475
0.0	0.0	0.0
0.07576	0.04205	0.03805
0.03822	0.03431	0.02846
0.1	0.06343	0.05312
0.5	0.5	0.5
0.0	0.0	0.0
0.0274	0.03933	0.01961
0.08824	0.11479	0.04545
0.0	0.0	0.0
0.03529	0.03529	0.03226
0.03125	0.03125	0.02703
0.14599	0.1142	0.07456
0.23077	0.18362	0.15411
0.375	0.29029	0.23867
0.52083	0.50469	0.39861
0.12857	0.11221	0.07997
0.04225	0.03362	0.0289
0.27273	0.2473	0.26522
0.0	0.0	0.0
0.17708	0.16196	0.13895
0.21212	0.18964	0.13575
0.28477	0.27238	0.2255
0.11111	0.11111	0.10811
0.13333	0.13333	0.0
0.16774	0.16815	0.1486
0.14286	0.12719	0.12298
0.14925	0.14468	0.13333
0.15909	0.14516	0.08525
0.35	0.35	0.33333
0.0411	0.05303	0.0339
0.09016	0.07641	0.0821
0.10615	0.08902	0.08179
0.22857	0.21106	0.20833
0.15152	0.20821	0.11078
0.11702	0.1141	0.09454
0.0	0.0	0.0
0.21	0.19161	0.13234
0.0	0.0	0.0
0.01852	0.01852	0.02632
0.0	0.0	0.0
0.02439	0.02439	0.0
0.28125	0.26612	0.2
0.04545	0.04545	0.04
0.22222	0.22222	0.3
0.05405	0.05405	0.04167
0.26087	0.216	0.20494
0.0	0.0	0.0
0.21053	0.18506	0.15725
0.18966	0.17297	0.10805
0.0	0.0	0.0
0.0	0.0	0.0
0.0099	0.0099	0.01471
0.2459	0.27287	0.16756
0.07407	0.07407	0.07143
0.10366	0.08733	0.09586
0.39286	0.379	0.29032
0.06897	0.05539	0.03104
0.2	0.17226	0.12459
0.15385	0.13701	0.09757
0.14607	0.12613	0.11447
0.07407	0.07407	0.04762
0.26316	0.23513	0.17369
0.23077	0.22581	0.0625
0.05714	0.05714	0.03571
0.09195	0.09344	0.05284
0.64286	0.56104	0.52328
0.03448	0.03448	0.03226
0.64	0.56512	0.53583
0.18	0.18516	0.15933
0.05825	0.0523	0.03947
0.05263	0.05195	0.02888
0.12575	0.11918	0.09949
0.19048	0.19048	0.14634
0.02439	0.03659	0.03922
0.05263	0.03112	0.02703
0.31579	0.20374	0.26729
0.0241	0.0241	0.0
0.0	0.0	0.0
0.11111	0.08422	0.08333
0.0	0.0	0.0
0.28571	0.28571	0.25
0.11111	0.12426	0.11111
0.07759	0.03809	0.04493
0.05556	0.0442	0.01106
0.1	0.1	0.0
0.0303	0.0303	0.02439
0.08621	0.06952	0.06912
0.17117	0.1395	0.12549
0.0	0.0	0.0
0.0625	0.0625	0.06452
0.13402	0.12437	0.08307
0.08571	0.08571	0.04348
0.1875	0.1875	0.22222
0.6	0.55	0.48626
0.16084	0.17708	0.18084
0.14444	0.12939	0.09732
0.11765	0.14326	0.04167
0.33333	0.33333	0.3
0.15979	0.1548	0.15965
0.17	0.17516	0.14706
0.45	0.39193	0.47193
0.28261	0.28143	0.22776
0.03311	0.03311	0.03261
0.73333	0.73333	0.7
0.0	0.0	0.0
0.125	0.17178	0.09375
0.09091	0.08856	0.068
0.23711	0.25108	0.20149
0.26357	0.26007	0.24103
0.25	0.25	0.28571
0.01316	0.01316	0.01111
1.0	0.758	0.7548
0.0	0.0	0.0
0.15556	0.15556	0.11111
0.08163	0.07439	0.02081
0.0	0.0	0.0
0.66667	0.60213	0.5645
0.17204	0.14325	0.12752
0.0	0.0	0.0
0.0	0.0	0.0
0.31944	0.30735	0.31011
0.07071	0.05441	0.03226
0.13636	0.13636	0.16667
0.0	0.0	0.0
0.50794	0.48848	0.46041
0.0303	0.01564	0.02243
0.12698	0.13876	0.09752
0.22581	0.19771	0.21739
0.51429	0.50046	0.46064
0.19231	0.15696	0.09678
0.20721	0.17931	0.13818
0.04959	0.03519	0.02565
0.0	0.0	0.0
1.0	1.0	1.0
0.0339	0.05085	0.05405
0.11321	0.13511	0.13564
0.51613	0.51197	0.51253
0.19512	0.17519	0.13877
0.07273	0.05924	0.02778
0.13014	0.13632	0.1129
0.0	0.0	0.0
1.0	1.102	0.9224
0.03774	0.0353	0.04738
0.03571	0.03312	0.03311
0.05	0.01775	0.00956
0.23077	0.18362	0.06064
0.09836	0.09043	0.07405
0.13333	0.13333	0.08197
0.04286	0.03594	0.01122
0.13043	0.12693	0.07321
0.2766	0.24845	0.12694
0.24138	0.22579	0.15805
0.21687	0.19665	0.16019
0.18391	0.17686	0.17847
0.2	0.17312	0.18379
0.0	0.0	0.0
0.44444	0.35122	0.043
0.10127	0.09677	0.06627
0.0	0.0	0.0
0.48485	0.51124	0.3913
0.04444	0.0552	0.06061
0.11628	0.09828	0.07181
0.35714	0.32029	0.1258
0.45238	0.45238	0.43333
0.0274	0.0274	0.04082
0.11111	0.11111	0.14286
0.33333	0.26285	0.25645
0.0	0.0	0.0
0.27778	0.224	0.05864
0.0	0.0	0.0
0.18182	0.18573	0.16879
0.0	0.0	0.0
0.28571	0.28571	0.25
0.13208	0.14302	0.15933
0.18571	0.17741	0.14865
0.25806	0.14932	0.11674
0.0	0.0	0.0
0.09804	0.08728	0.04497
0.15517	0.14016	0.12212
0.09796	0.10164	0.0817
0.37037	0.37037	0.4
0.45238	0.394	0.3342
0.16107	0.14721	0.12148
0.15789	0.13242	0.19354
0.09091	0.09091	0.05556
0.10784	0.10722	0.07576
0.11039	0.11269	0.09525
0.0	0.0	0.0
0.14286	0.11981	0.17971
0.04494	0.04494	0.01639
0.0177	0.0177	0.0125
0.08955	0.07318	0.05777
0.16794	0.147	0.1479
0.13333	0.12947	0.07594
0.44444	0.38711	0.301
0.32143	0.32143	0.32353
0.03125	0.02445	0.02447
0.29167	0.293	0.19625
0.0	0.0	0.0
0.17204	0.15227	0.11542
0.0	0.0	0.0
0.10345	0.07452	0.01564
0.41333	0.33225	0.30786
0.08333	0.06828	0.07039
0.21429	0.15436	0.129
0.0	0.0	0.0
0.52	0.52	0.52381
0.23529	0.21726	0.16129
0.22034	0.2351	0.19444
0.17857	0.17857	0.21053
0.0	0.0	0.0
0.02564	0.02564	0.03571
0.2043	0.17967	0.15719
0.44086	0.42768	0.39655
0.27273	0.28023	0.24195
0.14583	0.13088	0.10598
0.28571	0.28571	0.25
0.02857	0.02857	0.02083
0.45455	0.36945	0.30414
0.05556	0.05556	0.08333
0.0	0.0	0.0
0.07143	0.07143	0.11111
0.33333	0.31272	0.21579
1.0	1.0	1.0
0.30233	0.30533	0.21435
0.03571	0.01382	0.01843
0.06731	0.06079	0.05597
0.30189	0.29396	0.26882
0.14085	0.13221	0.07906
0.0	0.0	0.0
0.45455	0.43695	0.39286
0.19828	0.20495	0.14341
0.125	0.10311	0.05806
0.08333	0.09073	0.09677
0.12651	0.13039	0.12199
0.26154	0.26054	0.15761
0.05618	0.0453	0.01947
0.2381	0.2381	0.26667
0.04878	0.04878	0.06452
0.45455	0.45455	0.45455
0.02703	0.02703	0.0
0.19444	0.17831	0.14726
0.05618	0.05437	0.04981
0.0	0.0	0.0
0.0	0.0	0.0
0.17857	0.17857	0.17949
0.0	0.0	0.0
0.0	0.0	0.0
0.21918	0.23066	0.18025
0.11667	0.13655	0.13158
0.15789	0.12818	0.10633
0.03846	0.03846	0.02703
0.0	0.0	0.0
0.0	0.0	0.0
0.2	0.16064	0.14014
0.26667	0.22938	0.13839
0.11504	0.10334	0.08615
0.0	0.0	0.0
0.0	0.0	0.0
0.0	0.0	0.0
0.14943	0.14164	0.10412
0.04575	0.04512	0.02874
0.13072	0.10605	0.06643
0.16667	0.16667	0.08511
0.27778	0.28317	0.15545
0.0	0.0	0.0
0.0	0.0	0.0
0.13333	0.11527	0.08871
0.66667	0.66667	0.77778
0.0	0.0	0.0
0.09524	0.09524	0.07143
0.48276	0.40266	0.31377
0.57895	0.55942	0.55242
0.10959	0.12152	0.06383
0.2	0.3	0.14286
0.09091	0.06703	0.07594
0.0	0.0	0.0
0.52381	0.33333	0.29031
0.05263	0.05263	0.08333
0.05	0.05	0.06667
0.08197	0.06821	0.03917
0.0	0.0	0.0
0.1028	0.09617	0.05825
0.09735	0.09735	0.0641
0.24265	0.23221	0.14165
0.27007	0.26065	0.26109
0.22059	0.22438	0.18233
0.25926	0.24015	0.1887
0.09524	0.0576	0.05228
0.12418	0.11765	0.07311
0.08621	0.08621	0.05263
0.09877	0.0896	0.05583
0.08247	0.07615	0.03838
0.15068	0.15555	0.10139
0.41429	0.36242	0.37185
0.0	0.0	0.0
0.34328	0.30619	0.24883
0.17391	0.15148	0.04553
0.01613	0.01613	0.02857
0.34091	0.26318	0.31096
0.19403	0.20318	0.20256
0.0	0.0	0.0
0.14035	0.13072	0.09203
0.0	0.0	0.0
0.0	0.0	0.0
0.0	0.0	0.0
0.15625	0.15825	0.09823
0.0	0.0	0.0
0.22314	0.20634	0.15602
0.07692	0.0592	0.03913
0.10769	0.10769	0.11111
0.42105	0.39558	0.394
0.07843	0.09488	0.05409
0.1	0.1	0.0
0.22785	0.22785	0.23529
0.46341	0.39102	0.39012
0.33333	0.33333	0.33333
0.25	0.23909	0.18279
0.19512	0.19512	0.11538
0.38776	0.34759	0.30776
0.07937	0.08756	0.06451
0.11538	0.13213	0.11111
0.75	0.742	0.968
0.12903	0.11968	0.07435
0.21053	0.21053	0.14706
0.0	0.0	0.0
0.88889	0.73833	0.66357
0.19565	0.16689	0.14616
0.15625	0.11391	0.03071
0.13333	0.12166	0.08417
0.05263	0.05263	0.08333
0.02857	0.02857	0.04167
0.375	0.33388	0.29145
0.13889	0.12544	0.10483
0.07487	0.069	0.05957
0.30882	0.28226	0.2808
0.19079	0.19928	0.17873
0.0	0.0	0.0
0.0	0.0	0.0
0.07143	0.07143	0.0
0.0	0.0	0.0
0.0	0.0	0.0
0.50704	0.47568	0.37127
0.48485	0.42327	0.31232
0.0	0.0	0.0
0.04444	0.02509	0.00391
0.01923	0.01923	0.0
0.15789	0.15789	0.08333
0.0	0.0	0.0
0.0	0.0	0.0
0.01852	0.01762	0.0
0.22727	0.20088	0.11935
0.16327	0.16612	0.10236
0.07692	0.03969	0.0516
0.09091	0.11364	0.12
0.12088	0.11201	0.05837
0.19027	0.18484	0.17816
0.06849	0.06849	0.07273
0.04545	0.05901	0.05358
0.01724	0.01724	0.025
0.1875	0.18145	0.15076
0.06557	0.05975	0.03917
0.03922	0.03922	0.02703
0.15966	0.14042	0.12365
0.11111	0.10702	0.053
0.0	0.0	0.0
0.096	0.09419	0.07818
0.04444	0.03035	0.03919
0.35	0.3129	0.33333
0.17391	0.17391	0.14286
0.33333	0.24011	0.14286
0.0	0.0	0.0
0.31579	0.3107	0.3125
0.14136	0.13782	0.07849
0.01852	0.01852	0.02703
0.0	0.0	0.0
0.22857	0.21289	0.20673
0.75	0.70967	0.8
0.09	0.09	0.08108
0.07692	0.07692	0.04762
0.2	0.17096	0.15982
0.0	0.0	0.0
0.17778	0.16702	0.17238
0.13636	0.14662	0.08986
0.03659	0.03049	0.02449
0.70588	0.48765	0.50178
0.18018	0.1546	0.12554
0.03289	0.02971	0.01869
0.0678	0.0678	0.05405
0.45161	0.33194	0.34542
0.175	0.1758	0.13782
0.15385	0.14764	0.10909
0.28571	0.25192	0.24618
0.42282	0.42325	0.37114
0.0	0.0	0.0
0.5	0.4774	0.47907
0.36232	0.34642	0.25972
0.23457	0.21505	0.22461
0.07386	0.06763	0.0298
0.1875	0.19859	0.14286
0.23529	0.17076	0.09247
0.18182	0.18182	0.14286
0.07937	0.10138	0.10264
0.0	0.0	0.0
0.20588	0.17553	0.17808
0.06803	0.05881	0.03471
0.2037	0.16766	0.13566
0.15942	0.15942	0.16861
0.175	0.13065	0.13859
0.10769	0.11712	0.06977
0.06	0.08194	0.09091
0.0	0.0	0.0
0.0	0.0	0.0
0.0	0.0	0.0
0.3578	0.31103	0.23528
0.05455	0.06335	0.05405
0.26506	0.24406	0.19066
0.0	0.0	0.0
0.25	0.22669	0.1658
0.04545	0.04545	0.0
0.63636	0.63636	0.57143
0.11765	0.09835	0.056
0.08065	0.08065	0.025
0.18644	0.17441	0.12902
0.22222	0.19892	0.15188
0.21739	0.13463	0.1301
0.09859	0.10131	0.06794
0.08511	0.08511	0.03226
0.34615	0.30519	0.27503
0.02667	0.02667	0.03846
0.09434	0.08521	0.068
0.25714	0.24024	0.20592
0.4	0.23385	0.20158
0.17105	0.14345	0.09739
0.04762	0.01229	0.0172
0.0	0.0	0.0
0.0	0.0	0.0
0.01786	0.02227	0.01802
0.29508	0.26759	0.22044
0.1068	0.09364	0.06363
0.05455	0.03225	0.01935
0.13636	0.11657	0.09482
0.0	0.0	0.0
0.16667	0.16667	0.14583
0.1831	0.1831	0.12195
0.09195	0.09195	0.09091
0.19512	0.12746	0.1884
0.15385	0.15385	0.11111
0.10667	0.08539	0.09993
0.07547	0.06634	0.034
0.32	0.28322	0.25806
0.0	0.0	0.0
0.12	0.1058	0.15114
0.0	0.0	0.0
0.23529	0.23053	0.15612
0.0	0.0	0.0
0.14815	0.14696	0.23341
0.03571	0.03571	0.0
0.12121	0.11535	0.108
0.05369	0.04654	0.04422
0.0	0.0	0.0
0.0	0.0	0.0
0.23077	0.268	0.30871
0.2381	0.24117	0.21964
0.04167	0.04167	0.0
0.01695	0.01695	0.01316
0.83333	1.11817	0.9418
0.25333	0.23548	0.19255
0.0	0.0	0.0
0.68421	0.764	0.84408
0.1405	0.13276	0.11028
0.5	0.50921	0.32257
0.0	0.0	0.0
0.27907	0.30083	0.2828
0.08333	0.08333	0.1
0.21739	0.216	0.12335
0.075	0.075	0.03704
0.08824	0.08538	0.09091
0.04	0.04	0.03125
0.30769	0.20346	0.1645
0.09615	0.07319	0.03594
0.25	0.13708	0.125
0.0	0.0	0.0
0.0	0.0	0.0
0.12821	0.12821	0.10714
0.21875	0.22681	0.2
0.0	0.0	0.0
0.08974	0.09801	0.07676
0.16216	0.11249	0.121
0.09524	0.11214	0.07692
0.19355	0.16648	0.09676
0.14388	0.14412	0.0859
0.06349	0.06349	0.05405
0.12245	0.12047	0.09072
0.07547	0.05397	0.0449
0.0	0.0	0.0
0.2	0.19053	0.07477
0.09524	0.14286	0.09091
0.08333	0.08333	0.06349
0.1411	0.13952	0.09102
0.28571	0.25921	0.16667
0.18605	0.16991	0.16407
0.5	0.4664	0.44876
0.13415	0.11054	0.10069
0.0	0.0	0.0
0.0	0.0	0.0
0.0	0.0	0.0
0.5	0.39783	0.39783
0.07692	0.07692	0.09091
0.0	0.0	0.0
0.05	0.05	0.07407
0.06977	0.06264	0.01947
0.45833	0.41396	0.27046
0.0	0.0	0.0
0.0678	0.0678	0.02632
0.7	0.8129	0.5096
0.13333	0.13333	0.09091
0.14286	0.10138	0.07786
0.0	0.0	0.0
0.05917	0.05344	0.06223
0.72	0.63224	0.5
0.0531	0.04825	0.01299
1.0	0.65325	0.71
0.33333	0.298	0.19625
0.07407	0.06033	0.02778
0.10145	0.0963	0.10913
0.14815	0.10274	0.0172
0.40625	0.27619	0.15052
0.21311	0.21205	0.17786
0.07317	0.07239	0.07569
0.09756	0.08235	0.06384
0.11111	0.10832	0.10311
0.21176	0.19772	0.14293
0.11765	0.10246	0.08376
0.19048	0.05838	0.02977
0.11111	0.11111	0.06122
0.0	0.0	0.0
0.0125	0.00645	0.01032
0.0	0.0	0.0
0.08081	0.08081	0.04762
0.07477	0.07265	0.05484
0.07143	0.07143	0.04762
0.09091	0.09091	0.07692
0.05882	0.05882	0.01786
0.19048	0.19662	0.11636
0.08163	0.08163	0.03333
0.03226	0.03226	0.0
0.19231	0.13523	0.13978
0.0	0.0	0.0
0.21739	0.20967	0.1215
0.58333	0.58153	0.50229
0.17368	0.17079	0.10957
0.06667	0.07096	0.07702
0.11765	0.09045	0.04886
0.04167	0.03158	0.02857
0.02128	0.02128	0.0
0.08163	0.09873	0.07452
0.07692	0.07692	0.10526
0.0	0.0	0.0
0.125	0.10018	0.0681
0.13725	0.13346	0.12121
0.01408	0.01408	0.02083
0.08	0.07744	0.10756
0.13812	0.13705	0.09601
0.0	0.0	0.0
0.02564	0.02564	0.04
0.38596	0.32993	0.36612
0.0	0.0	0.0
0.02941	0.02276	0.03096
0.0	0.0	0.0
0.14286	0.19048	0.09091
0.26446	0.26712	0.20923
0.15625	0.18347	0.04515
0.14925	0.14251	0.11853
0.45238	0.43471	0.41103
0.09434	0.08064	0.09926
1.5	1.4355	2.516
0.0	0.0	0.0
0.0	0.0	0.0
0.0	0.0	0.0
0.28571	0.24955	0.28494
0.07692	0.07692	0.04082
0.1215	0.09648	0.05511
0.28571	0.2613	0.24559
0.03529	0.03529	0.01786
0.33333	0.23667	0.355
0.04545	0.04545	0.06667
0.15254	0.14653	0.12563
0.17647	0.16318	0.043
0.19626	0.20138	0.17972
0.14286	0.12534	0.07698
1.0	0.84329	0.83075
0.08511	0.08373	0.08131
0.0122	0.02439	0.01923
0.25352	0.21854	0.15989
0.24051	0.22825	0.16785
0.0	0.0	0.0
0.21429	0.17971	0.0516
0.28125	0.27319	0.27674
0.16667	0.13852	0.12029
0.26316	0.25425	0.17776
0.11818	0.11818	0.12162
0.0	0.0	0.0
0.0	0.0	0.0
0.05455	0.07038	0.05405
0.25191	0.24723	0.18391
0.11538	0.10423	0.09
0.18182	0.18182	0.0
0.04348	0.04348	0.04255
0.18182	0.18182	0.0
0.35593	0.34281	0.34869
0.14035	0.13695	0.13708
0.0	0.0	0.0
0.29508	0.32152	0.32337
0.0	0.0	0.0
0.05455	0.08622	0.05
0.21951	0.14239	0.0817
0.14286	0.13322	0.1087
0.21649	0.22148	0.20369
0.19444	0.19056	0.1035
0.13913	0.14054	0.12234
0.17857	0.14514	0.15447
0.19512	0.18961	0.16258
0.01818	0.00841	0.01308
0.22222	0.2172	0.21852
0.3	0.2629	0.29032
0.05556	0.04211	0.01985
0.07752	0.06626	0.05069
0.08571	0.07189	0.06317
0.0	0.0	0.0
0.44444	0.44444	0.40741
0.0	0.0	0.0
0.33333	0.276	0.301
0.0	0.0	0.0
0.10127	0.09228	0.07653
0.15306	0.14187	0.10422
0.08696	0.08204	0.09247
0.0625	0.0625	0.04
0.13699	0.14582	0.05628
0.15	0.11935	0.11973
0.02959	0.03016	0.0295
0.0	0.0	0.0
0.0	0.0	0.0
0.13158	0.11205	0.07527
0.04762	0.03021	0.03082
0.15487	0.14687	0.13388
1.5	1.5	4.129
0.02857	0.01797	0.01961
0.09231	0.08486	0.06522
0.0	0.0	0.0
1.5	1.4515	1.516
0.23256	0.2243	0.12128
0.19048	0.19048	0.1875
0.0	0.0	0.0
0.09836	0.07403	0.06137
0.26316	0.2275	0.12531
0.10526	0.12395	0.15385
0.25	0.18841	0.17857
0.29412	0.26565	0.18182
0.09848	0.10655	0.0667
0.125	0.11341	0.05251
0.25	0.25	0.25
0.0	0.0	0.0
0.0	0.0	0.0
0.05357	0.05184	0.02632
0.0	0.0	0.0
0.10938	0.10938	0.09302
0.27273	0.27639	0.19874
0.02857	0.02857	0.0
0.04545	0.04545	0.03571
0.24031	0.2268	0.16205
0.16667	0.16219	0.11653
0.18868	0.20694	0.16314
0.05172	0.05172	0.02632
0.25397	0.24937	0.15976
0.03509	0.03509	0.02857
0.0	0.0	0.0
0.05102	0.03719	0.03319
0.14286	0.13792	0.13791
0.30769	0.27542	0.24476
0.10638	0.09264	0.13234
0.07216	0.08114	0.04688
0.07246	0.08228	0.06122
0.07692	0.07692	0.04338
0.63636	0.63636	0.66667
0.05714	0.04331	0.04167
0.58333	0.543	0.3145
0.07143	0.0811	0.06667
0.06767	0.07422	0.06561
0.03896	0.04022	0.04369
0.07547	0.07547	0.05714
0.0	0.0	0.0
0.14634	0.13139	0.09181
0.13208	0.11959	0.06587
0.26087	0.30435	0.12654
0.07143	0.07143	0.06329
0.0	0.0	0.0
0.42105	0.399	0.29842
0.02778	0.02778	0.0
0.12717	0.135	0.12168
0.07547	0.06542	0.06451
0.0	0.0	0.0
0.01408	0.01408	0.01887
0.16309	0.16475	0.13539
0.12903	0.12903	0.05556
0.04348	0.04348	0.0
0.08889	0.08889	0.09677
0.0	0.0	0.0
0.13725	0.13725	0.16129
0.0	0.0	0.0
0.07576	0.07576	0.06522
0.06098	0.06098	0.04918
0.0	0.0	0.0
0.02778	0.02778	0.04545
0.0367	0.03344	0.02963
0.04762	0.02995	0.0
0.04444	0.03536	0.02712
0.25547	0.23499	0.19457
0.08511	0.08511	0.05882
0.04706	0.05009	0.04262
0.21429	0.20414	0.20644
0.1375	0.14234	0.10759
0.0	0.0	0.0
0.17391	0.12062	0.12597
0.14286	0.08757	0.11547
0.46296	0.43369	0.34603
0.13433	0.14733	0.11628
0.0	0.0	0.0
0.52	0.45548	0.3405
0.13415	0.13178	0.08146
0.3913	0.30152	0.24421
0.125	0.125	0.2
0.0	0.0	0.0
0.1037	0.11087	0.07442
0.34483	0.26031	0.25659
0.10606	0.0953	0.09756
0.51282	0.50165	0.47202
0.16071	0.14114	0.1001
0.17857	0.17396	0.11981
0.33333	0.38037	0.28841
0.03704	0.02091	0.0
0.04	0.02839	0.02352
0.20192	0.1892	0.14041
0.07895	0.06324	0.06048
0.0	0.0	0.0
0.54545	0.566	0.46488
0.0	0.0	0.0
0.11765	0.11859	0.09091
0.0	0.0	0.0
0.04	0.04	0.02857
0.22222	0.14875	0.15188
0.08718	0.08602	0.05593
0.06897	0.0534	0.05518
0.13636	0.1173	0.10886
0.1875	0.1875	0.16667
0.07937	0.06963	0.04545
0.15789	0.14533	0.1215
0.07463	0.0857	0.05128
0.06098	0.06098	0.0
0.0443	0.04042	0.01942
0.01316	0.01316	0.0
0.1	0.1	0.07143
0.0	0.0	0.0
0.23529	0.22485	0.21114
0.0	0.0	0.0
0.07097	0.06452	0.03158
0.09091	0.09091	0.0
0.12048	0.11154	0.08763
0.16901	0.14493	0.10006
0.01587	0.01587	0.02083
0.02128	0.02128	0.0
0.0303	0.05279	0.04348
0.44444	0.44444	0.4
0.41538	0.38709	0.34758
0.0	0.0	0.0
0.14815	0.09081	0.09157
0.05263	0.04516	0.04634
0.61905	0.71429	0.39088
0.39726	0.36367	0.36776
0.41379	0.34703	0.30805
0.0	0.0	0.0
0.32432	0.30776	0.21548
0.02857	0.02857	0.0
0.09231	0.09429	0.04628
0.08397	0.06353	0.04022
0.0	0.0	0.0
0.0	0.0	0.0
0.0	0.0	0.0
0.06977	0.07877	0.08172
0.77778	0.34767	0.40317
0.15556	0.16702	0.1051
0.08475	0.09951	0.02778
0.24742	0.23844	0.2043
0.81356	0.79278	0.77854
0.11377	0.1128	0.08463
0.26087	0.23983	0.23529
0.07692	0.0794	0.03528
0.12658	0.12658	0.12766
0.34211	0.337	0.36639
0.12977	0.1209	0.08194
0.02	0.00258	0.00403
0.01333	0.00516	0.00717
0.16981	0.16738	0.09503
0.25806	0.21886	0.19892
0.17568	0.14691	0.12258
0.20513	0.16336	0.14181
0.30303	0.30106	0.24516
0.51613	0.37877	0.33486
0.16514	0.17461	0.12085
0.02128	0.01785	0.02397
0.0	0.0	0.0
0.08108	0.08108	0.03704
0.04545	0.04545	0.05172
0.0	0.0	0.0
0.0	0.0	0.0
0.2907	0.29106	0.22371
0.63636	0.63636	0.66667
0.0	0.0	0.0
0.0	0.0	0.0
0.4466	0.42467	0.31576
0.19835	0.18821	0.12861
0.2	0.17024	0.1387
0.14103	0.14267	0.09925
0.04167	0.02912	0.02493
0.09722	0.10483	0.03568
0.16667	0.16128	0.20346
0.5	0.38712	0.542
0.21429	0.21313	0.16
0.46667	0.34407	0.29952
0.28049	0.24468	0.23925
0.0	0.0	0.0
0.44118	0.44118	0.44444
0.46667	0.39353	0.3387
0.07143	0.07019	0.05873
0.17241	0.15128	0.15395
0.12054	0.10858	0.07097
0.03704	0.02628	0.0
0.25714	0.28386	0.18473
0.30769	0.26252	0.23502
0.11905	0.13748	0.11402
0.0	0.0	0.0
0.21053	0.17826	0.14919
0.05479	0.05479	0.05357
0.20705	0.18516	0.16351
0.2069	0.18855	0.18253
0.3	0.2323	0.05383
0.06897	0.06897	0.04348
0.15942	0.14913	0.14583
0.12329	0.13036	0.081
0.2381	0.22221	0.15002
0.0	0.0	0.0
0.09091	0.09091	0.14286
0.36364	0.38709	0.2903
0.0	0.0	0.0
0.31373	0.26943	0.20131
0.06548	0.05914	0.05542
0.0	0.0	0.0
0.04706	0.04706	0.03509
0.10465	0.06941	0.06671
0.0	0.0	0.0
0.55319	0.52391	0.44266
0.08772	0.07188	0.09158
0.0678	0.06342	0.06377
0.14754	0.17187	0.10526
0.26316	0.25976	0.23271
0.01852	0.01852	0.0
0.03371	0.03371	0.03279
0.15	0.15	0.11111
0.10938	0.10534	0.06735
0.0	0.0	0.0
0.15294	0.13852	0.11012
0.12903	0.13423	0.15052
0.0	0.0	0.0
0.15625	0.14112	0.125
0.125	0.125	0.2
0.0303	0.0303	0.04167
0.125	0.125	0.08234
0.0	0.0	0.0
0.56944	0.56272	0.54
0.17647	0.16736	0.1529
0.14545	0.17713	0.13889
0.1165	0.10805	0.04889
0.08621	0.07064	0.05518
0.19231	0.19231	0.21429
0.39506	0.35602	0.33109
0.04444	0.04444	0.03448
0.3	0.3	0.129
0.0	0.0	0.0
0.31579	0.30504	0.30281
0.03361	0.02846	0.02326
0.12821	0.11579	0.10064
0.25	0.25	0.0
0.18519	0.11707	0.074
0.0	0.0	0.0
0.30882	0.29981	0.28152
0.0	0.0	0.0
0.0	0.0	0.0
0.12766	0.12766	0.06061
0.17647	0.15085	0.12516
0.10714	0.10427	0.0835
0.11268	0.08496	0.03774
0.41176	0.37887	0.2966
0.07692	0.07692	0.05882
0.24	0.2129	0.20968
0.0	0.0	0.0
0.31579	0.29626	0.2777
0.17021	0.15991	0.08676
0.0	0.0	0.0
0.4717	0.47962	0.42489
0.0	0.0	0.0
0.175	0.16612	0.16589
0.0	0.0	0.0
0.08824	0.10104	0.06818
0.06667	0.08171	0.03571
0.13115	0.12057	0.09363
0.07692	0.06286	0.05583
0.18667	0.19656	0.14206
0.22308	0.2191	0.21541
0.2	0.2	0.22449
0.0	0.0	0.0
0.06122	0.07637	0.06667
0.09756	0.12195	0.08
0.37273	0.33196	0.30414
0.2069	0.22136	0.21334
0.21359	0.21735	0.17768
0.12	0.12516	0.06641
0.0	0.0	0.0
0.0	0.0	0.0
0.2381	0.2089	0.10669
0.13194	0.13172	0.12338
0.25749	0.22059	0.22638
0.03125	0.0625	0.04348
0.0	0.0	0.0
0.15789	0.15366	0.14765
0.0	0.0	0.0
0.08475	0.0842	0.08177
0.21053	0.21147	0.17798
0.0	0.0	0.0
0.35385	0.36178	0.32653
0.07547	0.07182	0.05766
0.20339	0.20503	0.18065
0.2029	0.19588	0.16698
0.28571	0.26062	0.22657
0.15385	0.15385	0.14062
0.16667	0.14401	0.11291
0.01149	0.01149	0.0
0.10577	0.09739	0.08801
0.23913	0.20898	0.16858
0.13	0.12387	0.05645
0.20833	0.1465	0.13306
0.2	0.3	0.14286
0.07692	0.07692	0.06742
0.11765	0.13471	0.11111
0.08955	0.0804	0.08953
0.13793	0.11569	0.12395
0.20879	0.19142	0.17878
0.41667	0.42204	0.17633
0.11397	0.11729	0.08845
0.4	0.4	0.28571
0.16129	0.10926	0.05376
0.3913	0.32748	0.21955
0.25714	0.21291	0.15691
0.45614	0.42161	0.39968
0.0	0.0	0.0
0.1625	0.1258	0.11354
0.17857	0.17857	0.15789
0.0	0.0	0.0
0.5	0.46688	0.3505
0.14286	0.129	0.0
0.28571	0.2765	0.27685
0.0	0.0	0.0
0.25	0.2451	0.15225
0.0	0.0	0.0
0.0	0.0	0.0
0.0	0.0	0.0
0.07812	0.06619	0.08266
0.03571	0.0338	0.01678
0.16744	0.15904	0.15648
0.13699	0.13301	0.1362
0.13889	0.16039	0.11662
0.19403	0.19403	0.14286
0.04545	0.05303	0.03261
0.09589	0.11489	0.04933
0.05882	0.05661	0.06842
0.26667	0.17847	0.21144
0.07273	0.07096	0.02778
0.06061	0.06061	0.08333
0.25	0.25671	0.22579
0.0	0.0	0.0
0.26316	0.26316	0.25
0.29412	0.29412	0.32
0.0	0.0	0.0
0.11864	0.10907	0.07219
0.07692	0.10423	0.11111
0.15152	0.12789	0.12828
0.01408	0.01408	0.0
0.24324	0.23016	0.125
0.50794	0.44597	0.42529
0.11696	0.11394	0.09621
0.10638	0.09609	0.06897
0.07407	0.07407	0.08571
0.11111	0.11111	0.02345
2.0	1.645	0.645
0.12698	0.14286	0.04348
0.03448	0.03448	0.025
0.12389	0.12018	0.11473
0.28723	0.28311	0.27444
0.18072	0.16478	0.10926
0.20253	0.20253	0.23404
0.21053	0.20374	0.27273
0.1165	0.11369	0.11768
0.0	0.0	0.0
0.36364	0.31382	0.367
0.0	0.0	0.0
0.02128	0.03157	0.03125
0.11111	0.10693	0.08159
0.03636	0.03636	0.0
0.06818	0.08798	0.05556
0.05263	0.04499	0.01613
0.0	0.0	0.0
0.13636	0.13086	0.10893
0.0	0.0	0.0
0.15385	0.15385	0.11111
0.1	0.1	0.0
0.08333	0.08333	0.05882
0.04545	0.05865	0.04762
0.05882	0.05186	0.0303
0.19231	0.16996	0.14229
0.11111	0.10439	0.0625
0.22857	0.18386	0.15917
0.13333	0.1043	0.05376
0.26923	0.26923	0.33333
0.32143	0.32143	0.22222
0.14286	0.14286	0.03704
0.0	0.0	0.0
0.20339	0.18999	0.14495
0.0	0.0	0.0
0.26761	0.27442	0.22324
0.08511	0.08545	0.03978
0.0	0.0	0.0
0.03846	0.04177	0.042
0.36	0.30968	0.34564
0.12308	0.09478	0.06612
0.06557	0.06557	0.05882
0.176	0.14528	0.08401
0.12941	0.10171	0.09733
0.26562	0.27217	0.28571
0.08861	0.10167	0.05522
0.08333	0.08333	0.1
0.38462	0.37715	0.31717
0.02239	0.02239	0.02151
0.07634	0.07634	0.1
0.29167	0.26254	0.20516
0.04118	0.03909	0.02341
0.1039	0.1039	0.08548
0.14545	0.14311	0.08108
0.3038	0.2703	0.22579
0.19565	0.17883	0.13006
0.57143	0.63586	0.742
0.1625	0.16794	0.13628
0.06349	0.05786	0.04839
0.22642	0.24649	0.21994
0.10577	0.1129	0.09279
0.21818	0.21233	0.1613
0.0	0.0	0.0
0.16418	0.17092	0.12798
0.05455	0.05455	0.02857
0.10526	0.05432	0.08333
0.18182	0.11436	0.17971
0.0	0.0	0.0
0.42105	0.42105	0.35714
0.0	0.0	0.0
0.57895	0.45505	0.5
0.125	0.125	0.13333
0.0	0.0	0.0
0.14894	0.1057	0.07097
0.11842	0.11715	0.09807
0.01471	0.01471	0.02128
0.35	0.3516	0.15224
0.15385	0.15385	0.10526
0.28571	0.23271	0.16743
0.25161	0.24474	0.22548
0.25	0.25537	0.074
0.08081	0.08504	0.06636
0.09639	0.09522	0.05455
0.04762	0.04762	0.0
0.0	0.0	0.0
0.06977	0.06977	0.09677
0.14493	0.15194	0.05193
0.14286	0.14286	0.0
0.02273	0.02273	0.0
0.03896	0.05195	0.02041
0.20408	0.20408	0.15625
0.0	0.0	0.0
0.0	0.0	0.0
0.02564	0.02564	0.04167
0.89706	0.89706	0.93617
0.22222	0.22222	0.2
0.15385	0.21338	0.23788
0.27536	0.26133	0.28571
0.06897	0.06897	0.03226
0.13889	0.181	0.14269
0.27059	0.27096	0.23784
0.0	0.0	0.0
0.09677	0.0411	0.04758
0.28205	0.22127	0.20111
0.21875	0.21875	0.12
0.03529	0.02808	0.00744
0.07018	0.07018	0.0625
0.48276	0.47052	0.56735
0.17188	0.1339	0.12473
0.192	0.168	0.08198
0.04348	0.03296	0.05053
0.0	0.0	0.0
0.0	0.0	0.0
0.12766	0.10774	0.07156
0.0	0.0	0.0
0.53846	0.50949	0.31224
0.0	0.0	0.0
0.0	0.0	0.0
0.03371	0.02138	0.02788
0.0	0.0	0.0
0.03704	0.03704	0.04545
0.0	0.0	0.0
0.2	0.19677	0.19048
0.72727	0.58355	0.52986
0.41667	0.38439	0.33288
0.27551	0.28933	0.24348
0.0	0.0	0.0
0.5	0.35021	0.42338
0.20833	0.22043	0.14815
0.26875	0.2391	0.16899
0.0	0.0	0.0
0.0578	0.06079	0.03197
0.01361	0.01361	0.01031
0.14286	0.12074	0.07773
0.0	0.0	0.0
0.01587	0.01332	0.01998
0.09091	0.09091	0.06667
0.54545	0.54545	0.54167
0.05769	0.05769	0.02941
0.16418	0.16145	0.16689
0.05833	0.06586	0.04878
0.09804	0.08855	0.0625
0.12903	0.08845	0.07013
0.73333	0.48387	0.5355
0.09091	0.1039	0.06667
0.4717	0.45953	0.35584
0.04	0.04	0.0
0.0303	0.0303	0.0
0.21053	0.191	0.19074
0.0	0.0	0.0
0.0	0.0	0.0
0.28571	0.32257	0.21429
0.17857	0.15207	0.06989
0.16883	0.17281	0.12934
0.05714	0.03963	0.0158
0.12745	0.12397	0.08871
0.07895	0.06621	0.05615
0.53846	0.464	0.496
0.08333	0.06558	0.03548
0.1761	0.15378	0.145
0.06818	0.06818	0.05556
0.02941	0.02941	0.0
0.07895	0.07895	0.03846
0.10127	0.1033	0.08898
0.13462	0.12221	0.09893
0.2844	0.26517	0.19446
0.13483	0.13483	0.10938
0.0	0.0	0.0
0.21429	0.25114	0.22282
0.04167	0.04167	0.07692
0.12903	0.14308	0.12316
0.30769	0.30769	0.33333
0.0	0.0	0.0
0.0	0.0	0.0
0.37234	0.36136	0.32259
0.0	0.0	0.0
0.4	0.4	0.5
0.0	0.0	0.0
0.35294	0.31688	0.19892
0.27	0.2529	0.21458
0.0	0.0	0.0
0.07843	0.07843	0.02941
0.0	0.0	0.0
0.0	0.0	0.0
0.0	0.0	0.0
0.11475	0.09466	0.07692
0.31579	0.20374	0.26729
0.0122	0.0122	0.0
0.0	0.0	0.0
0.05556	0.05556	0.08333
0.05263	0.05263	0.09091
0.28571	0.28571	0.25
0.15385	0.1675	0.17647
0.06957	0.03534	0.03653
0.08929	0.07834	0.03853
0.1	0.1	0.0
0.01538	0.01538	0.0
0.07018	0.07018	0.04012
0.18182	0.14223	0.12549
0.0	0.0	0.0
0.04255	0.04255	0.06452
0.11579	0.10594	0.07033
0.11429	0.11151	0.04348
0.1875	0.1875	0.22222
0.72222	0.63981	0.56388
0.17687	0.17226	0.15524
0.14444	0.14731	0.11667
0.21053	0.23345	0.11538
0.33333	0.33333	0.3
0.15544	0.15042	0.15352
0.17822	0.18333	0.15942
0.47222	0.46775	0.48904
0.27778	0.2852	0.27968
0.04	0.04	0.03261
0.73333	0.73333	0.7
0.0	0.0	0.0
0.15	0.175	0.09375
0.09434	0.09191	0.068
0.21111	0.23298	0.1652
0.24627	0.23568	0.24103
0.40909	0.36509	0.375
0.05229	0.05165	0.02198
1.0	0.758	0.7548
0.0	0.0	0.0
0.30909	0.30909	0.29412
0.1	0.0929	0.02081
0.0	0.0	0.0
0.70588	0.64894	0.63708
0.13483	0.11562	0.09413
0.0	0.0	0.0
0.0	0.0	0.0
0.30986	0.29759	0.31011
0.05051	0.05051	0.0303
0.19048	0.19048	0.16667
0.0	0.0	0.0
0.54688	0.52369	0.4692
0.0303	0.01564	0.02243
0.16393	0.1761	0.12429
0.3	0.24623	0.149
0.51429	0.50046	0.46064
0.16364	0.12553	0.0933
0.21429	0.18663	0.15085
0.09449	0.08077	0.07045
0.0	0.0	0.0
1.0	1.0	1.0
0.10909	0.12024	0.11429
0.11321	0.13511	0.13564
0.53226	0.52029	0.51253
0.20161	0.18184	0.14765
0.07273	0.05924	0.02778
0.12752	0.1221	0.09835
0.0	0.0	0.0
1.0	1.102	0.9224
0.05357	0.05357	0.05714
0.06579	0.0631	0.05806
0.05	0.01775	0.00956
0.2	0.15402	0.06064
0.09677	0.07492	0.07405
0.11364	0.11364	0.06667
0.10959	0.095	0.05242
0.12121	0.10484	0.04314
0.27083	0.25335	0.15422
0.23077	0.19354	0.12544
0.21687	0.19665	0.16019
0.20233	0.19091	0.1605
0.22034	0.21378	0.23524
0.0	0.0	0.0
0.44444	0.35122	0.043
0.10127	0.09677	0.06627
0.09434	0.09434	0.10526
0.48485	0.51124	0.3913
0.04545	0.04545	0.06061
0.11628	0.09828	0.07181
0.27778	0.23117	0.10555
0.46512	0.46512	0.43333
0.0274	0.0274	0.04082
0.11111	0.11111	0.14286
0.3913	0.31978	0.33511
0.0	0.0	0.0
0.33333	0.23833	0.08209
0.0	0.0	0.0
0.22388	0.22773	0.16879
0.0	0.0	0.0
0.28571	0.28571	0.25
0.16364	0.17418	0.18406
0.18571	0.17741	0.14865
0.30357	0.21486	0.13547
0.0	0.0	0.0
0.12245	0.11126	0.0599
0.09091	0.09091	0.05128
0.08974	0.08891	0.0632
0.37037	0.37037	0.4
0.25806	0.2081	0.17147
0.20139	0.17181	0.14586
0.15	0.1758	0.25114
0.0	0.0	0.0
0.13684	0.13718	0.10561
0.12179	0.12407	0.09525
0.0	0.0	0.0
0.14286	0.11981	0.17971
0.03333	0.03333	0.01639
0.00893	0.00893	0.0125
0.12308	0.09429	0.08328
0.15873	0.13875	0.1387
0.12329	0.11445	0.07594
0.44444	0.38711	0.301
0.26923	0.26923	0.28125
0.03125	0.02747	0.02892
0.29167	0.293	0.19625
0.0	0.0	0.0
0.18681	0.17192	0.10607
0.0	0.0	0.0
0.07143	0.04493	0.00391
0.5122	0.44112	0.42467
0.11864	0.1028	0.11779
0.21429	0.15436	0.129
0.18978	0.17754	0.1514
0.53846	0.53846	0.54545
0.21875	0.17238	0.1258
0.15385	0.14083	0.12121
0.14815	0.14815	0.16667
0.0	0.0	0.0
0.02564	0.02564	0.03571
0.1573	0.13845	0.12956
0.36585	0.35877	0.33962
0.42857	0.4268	0.34455
0.17021	0.16248	0.14425
0.28571	0.28571	0.25
0.0	0.0	0.0
0.0	0.0	0.0
0.05556	0.05556	0.08333
0.15217	0.15217	0.14719
0.23529	0.23529	0.27273
0.23913	0.23913	0.20588
1.0	1.0	1.0
0.33333	0.31029	0.18817
0.07143	0.03225	0.01843
0.08	0.06709	0.07195
0.20755	0.18198	0.17694
0.13139	0.11891	0.0658
0.14286	0.14286	0.125
0.47826	0.43617	0.45275
0.16071	0.15985	0.11129
0.10909	0.0868	0.05806
0.04348	0.0512	0.06667
0.13174	0.1356	0.1453
0.29032	0.27887	0.20705
0.08989	0.0801	0.06998
0.2381	0.2381	0.26667
0.11628	0.10202	0.09375
0.4375	0.4375	0.45455
0.02703	0.02703	0.0
0.15873	0.14387	0.12288
0.04545	0.04362	0.03284
0.06349	0.06349	0.05682
0.5	0.5	0.4
0.27119	0.27937	0.26181
0.0	0.0	0.0
0.0	0.0	0.0
0.27632	0.29243	0.21849
0.14516	0.1644	0.15385
0.18421	0.13497	0.08188
0.0	0.0	0.0
0.04651	0.04651	0.03846
0.0	0.0	0.0
0.21569	0.15812	0.14014
0.26667	0.22938	0.13839
0.13158	0.10724	0.08705
0.0	0.0	0.0
0.0	0.0	0.0
0.04082	0.04082	0.02857
0.14943	0.14164	0.10412
0.04667	0.04193	0.0229
0.12329	0.10075	0.06762
0.11429	0.11429	0.06522
0.41176	0.37759	0.271
0.0	0.0	0.0
0.0	0.0	0.0
0.11034	0.09499	0.08046
0.6	0.6	0.75
0.28571	0.28571	0.33333
0.09524	0.09524	0.07143
0.5	0.46657	0.33638
0.09524	0.09524	0.07692
0.30476	0.28632	0.21713
0.02703	0.02703	0.0
0.34545	0.34545	0.34286
0.07143	0.05069	0.00516
0.05208	0.05343	0.04474
0.0625	0.0625	0.0
0.0	0.0	0.0
0.35897	0.34118	0.29678
0.09677	0.09677	0.04167
0.16327	0.14416	0.07117
0.03659	0.0299	0.04082
0.20792	0.19099	0.2029
0.0339	0.02761	0.01176
0.0	0.0	0.0
0.06452	0.06452	0.04762
0.21429	0.17861	0.21662
0.0	0.0	0.0
0.2	0.2	0.13158
0.02985	0.02985	0.02439
0.08772	0.08772	0.075
0.45652	0.37307	0.36003
0.05882	0.07843	0.0625
0.1068	0.09771	0.03226
0.21569	0.19039	0.10815
0.28169	0.24897	0.15413
0.19512	0.21951	0.17742
0.25	0.25	0.15
0.44776	0.40827	0.31354
0.26582	0.26582	0.23636
0.27027	0.20227	0.201
0.04545	0.04545	0.04082
0.0	0.0	0.0
0.275	0.2508	0.22064
0.49057	0.43943	0.33689
0.11864	0.11864	0.12
0.19048	0.16589	0.12902
0.54545	0.44282	0.27983
0.21212	0.21797	0.1629
0.0641	0.05032	0.04528
0.0597	0.0597	0.07317
0.15625	0.16631	0.13636
0.01064	0.01064	0.01493
0.0625	0.0625	0.09091
0.08197	0.09466	0.07295
0.08257	0.06007	0.0438
0.22368	0.22368	0.19149
0.125	0.10888	0.11981
0.21429	0.14746	0.11935
2.5	1.8225	3.516
0.0	0.0	0.0
0.15686	0.14612	0.15542
0.14865	0.17045	0.08529
0.05882	0.05218	0.03225
0.10811	0.14211	0.11558
0.26087	0.24122	0.15559
0.01754	0.01754	0.02273
0.00794	0.00794	0.0
0.07143	0.06144	0.03509
0.06061	0.06061	0.09091
0.07921	0.061	0.06295
0.1	0.09462	0.06503
0.05556	0.06004	0.03478
0.0	0.0	0.0
0.04511	0.04657	0.03154
0.09375	0.06653	0.00561
0.03774	0.0286	0.01474
0.75	0.79438	0.55917
0.10345	0.10345	0.08333
0.14773	0.16642	0.06398
0.09722	0.08303	0.069
0.0	0.0	0.0
0.08791	0.08791	0.04839
0.05155	0.04157	0.0154
0.09677	0.09677	0.07955
0.0	0.0	0.0
0.05128	0.05128	0.03846
0.04478	0.03178	0.04628
0.11765	0.11765	0.0
0.28378	0.31822	0.17454
0.38889	0.39244	0.33867
0.07407	0.10633	0.06667
0.12169	0.12544	0.10006
0.17797	0.16948	0.11008
0.03774	0.0213	0.00315
0.175	0.16384	0.14451
0.07692	0.09571	0.05407
0.23009	0.20325	0.13786
0.04	0.04	0.05556
0.32653	0.31732	0.21613
0.0	0.0	0.0
0.15385	0.15136	0.12
0.06897	0.06897	0.07692
0.22222	0.20201	0.18377
0.67647	0.59676	0.56661
0.04762	0.04762	0.06897
0.2619	0.27957	0.23909
0.17333	0.13591	0.1129
0.625	0.41125	0.18817
0.36667	0.35697	0.3016
0.27273	0.22286	0.24193
0.16129	0.16129	0.08696
0.14286	0.14812	0.14706
0.1	0.08479	0.04348
0.13158	0.1078	0.08412
1.0	0.7612	0.96767
0.05882	0.05882	0.05714
0.08696	0.08696	0.09677
0.30303	0.27761	0.14416
0.25439	0.24844	0.27132
0.0	0.0	0.0
0.0	0.0	0.0
0.10798	0.09511	0.09399
0.39474	0.39474	0.38462
0.13333	0.11899	0.12158
0.05063	0.03022	0.04342
0.02857	0.02857	0.04167
0.0	0.0	0.0
0.075	0.08589	0.05085
0.02469	0.01553	0.02246
0.17007	0.15887	0.1534
0.00952	0.0086	0.0
0.15	0.1387	0.13646
0.02222	0.02222	0.03448
0.34483	0.35707	0.3
0.11364	0.10308	0.06774
0.18487	0.17023	0.14845
0.25641	0.26964	0.27252
0.2	0.19424	0.17097
0.14706	0.15275	0.07481
0.0	0.0	0.0
0.21053	0.20118	0.154
0.13889	0.1595	0.16667
0.12195	0.13139	0.09319
0.0	0.0	0.0
0.02419	0.01717	0.01283
0.0	0.0	0.0
0.07407	0.0442	0.037
0.02941	0.02941	0.02041
0.15254	0.13888	0.11695
0.15179	0.14401	0.12336
0.34091	0.33064	0.30757
0.18333	0.15537	0.0887
0.13656	0.13642	0.12432
0.0	0.0	0.0
0.14943	0.13682	0.06817
0.0	0.0	0.0
0.12941	0.10702	0.08856
0.09278	0.08979	0.06634
0.16162	0.17138	0.12853
0.18182	0.13782	0.11558
0.08571	0.08294	0.04348
0.375	0.30644	0.2903
0.12963	0.11648	0.09778
0.13514	0.12205	0.10064
0.15625	0.15172	0.14474
0.0625	0.07729	0.08571
0.05714	0.05714	0.0
0.075	0.07098	0.0613
0.0	0.0	0.0
0.0	0.0	0.0
0.06667	0.06206	0.0411
0.55	0.51775	0.48388
0.11864	0.10443	0.10247
0.0	0.0	0.0
0.09756	0.09756	0.09091
0.0339	0.0339	0.02273
0.04854	0.04134	0.03272
0.4	0.34799	0.27957
0.18182	0.22582	0.125
0.09756	0.08024	0.04783
0.04762	0.05607	0.04691
0.0	0.0	0.0
0.07273	0.04809	0.06061
0.16355	0.16325	0.14124
0.0	0.0	0.0
0.0	0.0	0.0
0.53333	0.48387	0.4161
0.0	0.0	0.0
0.0	0.0	0.0
0.16883	0.1504	0.11765
0.13208	0.13208	0.0905
0.09231	0.09231	0.1
0.32075	0.2958	0.26037
0.10909	0.12316	0.12903
0.44444	0.39067	0.35943
0.05556	0.04211	0.04747
0.08989	0.0859	0.11111
0.12903	0.12903	0.1
0.07273	0.07273	0.05405
0.26471	0.26257	0.20382
0.06186	0.06186	0.04839
0.03704	0.03704	0.0
0.22222	0.21729	0.19684
0.58824	0.58824	0.7
0.27273	0.24576	0.1765
0.15152	0.14956	0.12818
0.46341	0.43351	0.41379
0.25641	0.23118	0.22251
0.18321	0.16153	0.14366
0.0	0.0	0.0
0.01818	0.0129	0.01075
0.1875	0.24194	0.08333
0.13514	0.11857	0.05779
0.07692	0.07692	0.09677
0.10294	0.09203	0.06667
0.23256	0.28805	0.17288
0.1129	0.12227	0.10676
0.0274	0.0274	0.01818
0.03125	0.03125	0.04348
0.4	0.39675	0.29493
0.15625	0.15625	0.13043
0.15909	0.14553	0.14033
0.24419	0.23856	0.09793
0.05435	0.05189	0.05085
0.22581	0.22371	0.22727
0.0	0.0	0.0
0.26744	0.2453	0.13593
0.08065	0.08065	0.08108
0.07097	0.07326	0.05048
0.02878	0.03412	0.0303
0.09848	0.10239	0.08351
0.21053	0.21053	0.13333
0.12121	0.174	0.12595
0.26744	0.24342	0.17406
0.12245	0.12245	0.09375
0.0	0.0	0.0
0.075	0.07822	0.07604
0.16216	0.1424	0.09391
0.3125	0.28025	0.19355
0.12766	0.12766	0.06061
0.0	0.0	0.0
0.0	0.0	0.0
0.2381	0.27343	0.13593
0.03571	0.03571	0.0
0.11111	0.11111	0.13043
0.47917	0.46001	0.40813
0.38	0.37484	0.32994
0.0	0.0	0.0
0.0	0.0	0.0
0.0	0.0	0.0
0.75	0.75	0.66667
0.20312	0.19103	0.03764
0.05556	0.05556	0.08333
0.0	0.0	0.0
1.0	0.7936	1.02167
0.0719	0.07147	0.06629
0.23684	0.17233	0.168
0.15	0.15	0.18519
0.15385	0.18364	0.24195
0.03509	0.03075	0.03671
0.17949	0.17038	0.15612
0.0	0.0	0.0
0.6087	0.53991	0.41287
0.08	0.08	0.0
0.02985	0.02335	0.01254
0.0	0.0	0.0
0.05063	0.02735	0.02374
0.05634	0.06042	0.03445
0.0	0.0	0.0
0.28846	0.31946	0.25719
0.0	0.0	0.0
0.0	0.0	0.0
0.33333	0.30644	0.20967
0.0	0.0	0.0
0.14286	0.14286	0.0
0.0	0.0	0.0
0.01087	0.00701	0.00992
0.23448	0.22781	0.20818
0.1215	0.1016	0.06497
0.0241	0.01671	0.01754
0.05825	0.06326	0.04167
0.30303	0.29912	0.30567
0.09836	0.09043	0.04545
0.04918	0.06557	0.04651
0.40741	0.40263	0.30558
0.0	0.0	0.0
0.0	0.0	0.0
0.02128	0.02128	0.03226
0.05882	0.03035	0.02345
0.0	0.0	0.0
0.11607	0.11175	0.09166
0.15789	0.15789	0.09091
0.14286	0.14746	0.04607
0.0	0.0	0.0
0.09677	0.08142	0.08317
0.20833	0.17673	0.17541
0.0	0.0	0.0
0.0	0.0	0.0
0.14754	0.11528	0.0599
0.0	0.0	0.0
0.11111	0.0912	0.06641
0.1087	0.10728	0.07559
0.20635	0.20635	0.2
0.0	0.0	0.0
0.0	0.0	0.0
0.17241	0.17241	0.15789
0.13158	0.10611	0.125
0.125	0.11462	0.07444
0.17391	0.17391	0.125
0.1194	0.16273	0.084
0.17949	0.20097	0.16743
0.0	0.0	0.0
0.32941	0.33548	0.32002
0.0	0.0	0.0
0.0	0.0	0.0
0.16667	0.12186	0.13887
0.0	0.0	0.0
0.0	0.0	0.0
0.18605	0.13577	0.10948
0.0	0.0	0.0
0.15385	0.15385	0.0
0.03571	0.03571	0.05556
0.4	0.2936	0.14743
0.225	0.18426	0.13547
0.0	0.0	0.0
0.0	0.0	0.0
0.18421	0.14855	0.13604
0.0	0.0	0.0
0.0	0.0	0.0
0.0	0.0	0.0
0.13158	0.12393	0.06691
0.07143	0.07718	0.05805
0.09459	0.09722	0.06518
0.80556	0.80556	0.80952
0.0	0.0	0.0
0.05556	0.11111	0.1
0.05	0.05	0.03571
0.20732	0.19748	0.17503
0.18889	0.1681	0.15668
0.09494	0.09126	0.06153
0.0	0.0	0.0
0.0	0.0	0.0
0.04819	0.04003	0.04382
0.02941	0.02941	0.04167
0.12162	0.07672	0.07527
0.12381	0.1195	0.07918
0.0	0.0	0.0
0.33333	0.27313	0.30325
0.05	0.05	0.03846
0.08333	0.08333	0.0
0.0	0.0	0.0
0.10409	0.10601	0.0914
0.15909	0.15909	0.12903
0.17021	0.14962	0.09181
0.02381	0.02663	0.02326
0.4375	0.40725	0.39067
0.0	0.0	0.0
0.04167	0.07258	0.07143
0.09259	0.07467	0.09781
0.0	0.0	0.0
0.03636	0.03636	0.0
0.04255	0.04255	0.0303
0.77778	0.94622	1.16667
0.12658	0.11473	0.07806
0.2375	0.19959	0.13014
0.28205	0.24151	0.19952
0.16	0.1058	0.03583
0.07407	0.04181	0.00645
0.05556	0.05044	0.05599
0.03571	0.06221	0.05263
0.04082	0.02304	0.03421
0.02521	0.03253	0.02532
0.0625	0.0625	0.04348
0.05882	0.05882	0.02703
0.28125	0.28125	0.28205
0.09524	0.12443	0.1
0.81818	0.79182	0.67286
0.09	0.06742	0.04707
0.0	0.0	0.0
0.08197	0.04759	0.0258
0.64286	0.54379	0.52333
0.26667	0.2344	0.18182
0.0	0.0	0.0
0.36	0.32516	0.19556
0.04255	0.03774	0.02669
0.0495	0.05845	0.04334
0.06299	0.05512	0.07156
0.04808	0.0397	0.02916
0.10063	0.08277	0.06634
0.025	0.0129	0.0
0.03704	0.03704	0.01136
0.11538	0.10372	0.09152
0.09375	0.09375	0.09524
0.22222	0.29033	0.1806
0.0	0.0	0.0
0.19444	0.17875	0.14943
0.0	0.0	0.0
0.05063	0.05063	0.03279
0.46154	0.48638	0.36922
0.32787	0.28503	0.26532
0.08621	0.10122	0.02222
0.03571	0.03571	0.01786
0.0	0.0	0.0
0.07216	0.06585	0.02351
0.22581	0.22165	0.18433
0.29032	0.21123	0.25
0.11842	0.11205	0.07692
0.07143	0.04838	0.03225
0.16667	0.16667	0.08333
0.06604	0.05964	0.04688
0.04412	0.0306	0.03149
0.0	0.0	0.0
0.15341	0.15359	0.14445
0.18421	0.13838	0.116
0.05405	0.05405	0.04
0.24561	0.22523	0.14318
0.1039	0.08378	0.08727
0.11679	0.08971	0.08098
0.2	0.2	0.0
0.32258	0.31875	0.25947
0.13333	0.13333	0.1
0.28571	0.2713	0.21881
0.02532	0.01919	0.01667
0.1	0.0871	0.12443
0.0	0.0	0.0
0.04878	0.04878	0.0
0.02899	0.02899	0.03846
0.20588	0.21204	0.09533
0.07368	0.05535	0.06163
0.31579	0.219	0.19355
0.25352	0.22694	0.19021
0.0	0.0	0.0
0.28421	0.27469	0.21091
0.09091	0.1305	0.11111
0.15217	0.13113	0.14516
0.30682	0.3222	0.26825
0.0	0.0	0.0
0.15217	0.17952	0.13406
0.08219	0.07425	0.06453
0.06897	0.099	0.05882
0.08571	0.047	0.01759
0.1	0.1	0.08333
0.33333	0.27715	0.1751
0.0	0.0	0.0
0.0	0.0	0.0
0.07273	0.06216	0.03887
0.06452	0.06452	0.04348
0.09278	0.09278	0.0597
0.05085	0.03827	0.034
0.0	0.0	0.0
0.0	0.0	0.0
0.45714	0.47557	0.41495
0.42857	0.288	0.27956
0.25862	0.24805	0.20968
0.44	0.4426	0.39471
0.22727	0.19355	0.19165
0.06667	0.0613	0.08757
0.05797	0.0402	0.05902
0.0	0.0	0.0
0.12121	0.08015	0.0547
0.13636	0.13636	0.0
0.05556	0.04874	0.03617
0.2	0.2	0.125
0.03846	0.00496	0.0
0.0274	0.0274	0.02041
0.15385	0.13027	0.07706
0.01639	0.00423	0.00662
0.02151	0.00971	0.01389
0.27273	0.19645	0.129
0.0	0.0	0.0
0.0	0.0	0.0
0.55224	0.55175	0.52457
0.19512	0.19512	0.16
0.13793	0.13014	0.08064
0.28571	0.27881	0.257
0.07921	0.07921	0.05714
0.16667	0.11021	0.03794
0.10959	0.10163	0.08338
0.16418	0.15696	0.11829
0.12583	0.11942	0.09616
0.08065	0.07335	0.08171
0.21818	0.20235	0.21897
0.59091	0.50441	0.39864
0.0	0.0	0.0
0.11111	0.11274	0.11796
0.33333	0.49822	0.0
0.43478	0.43478	0.5
0.04938	0.04938	0.0
0.17647	0.15749	0.1576
0.03571	0.01843	0.0
0.04286	0.04286	0.02083
0.0	0.0	0.0
0.39394	0.391	0.2742
0.12209	0.10465	0.08359
0.4898	0.46478	0.37565
1.5	1.145	1.516
0.18333	0.16828	0.1108
0.05114	0.04381	0.03548
0.17778	0.17778	0.16129
0.55882	0.37762	0.39515
0.2	0.2	0.11765
0.02174	0.02431	0.02222
0.0	0.0	0.0
0.25806	0.18832	0.13824
0.13287	0.11301	0.08295
0.0	0.0	0.0
0.0	0.0	0.0
0.4	0.36304	0.28592
0.66667	0.61718	0.604
0.1	0.1	0.125
0.25	0.27095	0.12654
0.01639	0.00634	0.0
0.05769	0.04094	0.01997
0.0	0.0	0.0
0.11628	0.11253	0.09275
0.0	0.0	0.0
0.32143	0.34907	0.41595
0.22222	0.21626	0.167
0.29487	0.28785	0.2549
0.1405	0.12236	0.12334
0.09677	0.12487	0.04762
0.11538	0.11538	0.10526
0.40506	0.37933	0.31317
0.08392	0.05775	0.05878
0.12088	0.10068	0.09451
0.08824	0.08824	0.10526
0.14706	0.14753	0.08511
0.02098	0.02098	0.02222
0.21429	0.21429	0.25
0.15909	0.15395	0.09375
0.0	0.0	0.0
0.19318	0.18309	0.17157
0.33333	0.30943	0.19622
0.28571	0.29494	0.26862
0.20833	0.17661	0.11981
0.08333	0.08333	0.0
0.13636	0.10703	0.08576
0.875	0.40725	0.4322
0.66667	0.62633	0.5742
0.05882	0.05218	0.04348
0.01493	0.01493	0.02326
0.13725	0.08855	0.06139
0.0	0.0	0.0
0.0	0.0	0.0
0.27642	0.24757	0.1939
0.0	0.0	0.0
0.0	0.0	0.0
0.10256	0.10256	0.09524
0.08511	0.08098	0.0635
0.09302	0.09302	0.0
0.02703	0.02703	0.04
0.13253	0.13253	0.08197
0.04082	0.04082	0.03333
0.0	0.0	0.0
0.09934	0.08908	0.07149
0.08451	0.09859	0.06451
0.09302	0.10315	0.05263
0.0	0.0	0.0
1.0	0.78225	0.70967
0.0	0.0	0.0
0.42308	0.39454	0.32937
0.21387	0.19243	0.12311
0.0	0.0	0.0
0.09677	0.08897	0.0732
0.35714	0.35714	0.375
0.14286	0.14286	0.16667
0.0	0.0	0.0
0.0396	0.0396	0.01389
0.33333	0.33333	0.5
0.09023	0.07835	0.07299
0.16092	0.16389	0.09008
0.0	0.0	0.0
0.04167	0.04167	0.03175
0.0	0.0	0.0
0.06061	0.09091	0.04348
0.02439	0.02439	0.0303
0.01695	0.01695	0.0
0.2619	0.19969	0.1577
0.10638	0.08921	0.0625
0.16667	0.16577	0.08
0.03571	0.07143	0.04545
0.20588	0.24382	0.15982
0.03333	0.03333	0.03333
0.21818	0.20176	0.15303
0.19565	0.18677	0.17977
0.0641	0.04383	0.04937
0.0597	0.0674	0.03357
0.14706	0.15085	0.08871
0.14035	0.12988	0.05865
0.29146	0.28903	0.27664
0.1129	0.1129	0.07317
0.05455	0.04575	0.04459
0.14706	0.14516	0.07224
0.0	0.0	0.0
0.12583	0.12539	0.09475
0.10417	0.08602	0.10094
0.09804	0.09171	0.0625
0.07432	0.07084	0.04313
0.25641	0.17536	0.08871
0.27273	0.16641	0.19458
0.12069	0.12514	0.08574
1.5	1.4355	2.516
0.125	0.10584	0.01843
0.09231	0.08635	0.05942
0.17949	0.16292	0.09677
0.0	0.0	0.0
0.41379	0.31148	0.22886
0.23301	0.2255	0.18122
0.05405	0.05405	0.03922
0.21778	0.20129	0.17268
0.15254	0.13176	0.07258
0.10417	0.09382	0.0836
0.09434	0.07547	0.06071
0.0	0.0	0.0
0.0	0.0	0.0
0.03846	0.03846	0.02857
0.22034	0.20941	0.14563
0.38298	0.37783	0.30508
0.20548	0.20238	0.15718
0.06522	0.06522	0.03448
0.25926	0.21863	0.125
0.15789	0.09168	0.07056
0.22	0.2142	0.17303
0.07059	0.07704	0.09566
0.0	0.0	0.0
0.02381	0.02381	0.0
0.0	0.0	0.0
0.02778	0.02599	0.02222
0.13333	0.1914	0.11111
0.05882	0.0759	0.0303
0.07692	0.07692	0.03571
0.2129	0.1977	0.18064
0.31897	0.31368	0.2973
0.16892	0.15606	0.10417
0.0	0.0	0.0
0.1134	0.10276	0.0811
0.03571	0.03571	0.0
0.02857	0.03387	0.02151
0.06061	0.09091	0.05
0.23077	0.23077	0.125
0.0625	0.0625	0.04762
0.4	0.43484	0.22388
0.07042	0.07042	0.09434
0.46667	0.46343	0.362
0.08333	0.069	0.04342
0.25806	0.25806	0.2381
0.23684	0.23684	0.25
0.07921	0.0741	0.05948
0.0	0.0	0.0
0.03226	0.03226	0.04348
0.13934	0.14172	0.09981
0.08	0.07677	0.05716
0.0367	0.02989	0.03136
0.1875	0.1875	0.09091
0.0	0.0	0.0
0.04615	0.03325	0.05145
0.0	0.0	0.0
0.28571	0.28571	0.25
0.45455	0.45455	0.45946
0.02899	0.02899	0.02083
0.08824	0.07116	0.06667
0.08333	0.08333	0.0
0.02703	0.02703	0.0
0.23529	0.18406	0.15207
0.12593	0.12234	0.12516
0.07317	0.07317	0.06452
0.20833	0.21642	0.24733
0.08	0.08	0.0
0.07143	0.04493	0.06621
0.23333	0.23333	0.2
0.13095	0.13095	0.06897
0.05941	0.05941	0.02899
0.42424	0.42424	0.38889
0.0	0.0	0.0
0.52941	0.48576	0.4
0.19048	0.16743	0.10829
0.03333	0.03333	0.0
0.07018	0.07018	0.05333
0.11009	0.10861	0.07482
0.08511	0.08511	0.07407
0.00746	0.01011	0.01111
0.22222	0.20573	0.2086
0.03846	0.03846	0.05263
0.75758	0.75758	0.70833
0.15854	0.14949	0.12563
0.1	0.1	0.02381
0.09211	0.08234	0.08349
0.07143	0.07143	0.09091
0.08333	0.10529	0.10753
0.0	0.0	0.0
0.08333	0.09785	0.05377
0.2069	0.19745	0.21244
0.31915	0.2656	0.21082
0.09615	0.11538	0.11429
0.2449	0.24358	0.20728
0.03529	0.04554	0.01818
0.09489	0.08782	0.0672
0.24752	0.21941	0.16083
0.0	0.0	0.0
0.28571	0.22964	0.18026
0.0	0.0	0.0
0.15116	0.13241	0.16746
0.16071	0.16646	0.09679
0.21053	0.20542	0.05312
0.22785	0.21151	0.17102
0.17949	0.17949	0.08
0.75	0.83875	0.5
0.9	0.8161	0.77417
0.16667	0.043	0.043
0.14737	0.13515	0.08715
0.09524	0.11214	0.07143
0.26446	0.26765	0.22938
0.27891	0.27891	0.23656
0.07273	0.06823	0.04869
0.11111	0.11111	0.14286
0.61538	0.54592	0.5
0.0	0.0	0.0
0.08	0.08	0.0625
0.2963	0.2963	0.27956
0.09524	0.05376	0.0
0.2	0.17691	0.13489
0.02326	0.02326	0.0
0.07407	0.07407	0.05882
0.05556	0.05556	0.0
0.15686	0.13282	0.10483
0.2439	0.22895	0.13298
0.15	0.16544	0.13169
0.16822	0.16099	0.07993
0.01351	0.01351	0.0
0.21053	0.16553	0.12904
0.36364	0.39882	0.29838
0.23684	0.18124	0.15339
0.125	0.11425	0.08064
0.17647	0.17647	0.08511
0.13725	0.13725	0.11429
0.31707	0.30212	0.2774
0.0	0.0	0.0
0.17582	0.17441	0.17031
0.15686	0.15814	0.11968
0.5	0.40436	0.33105
0.42857	0.42857	0.5
0.03846	0.03846	0.0
0.05376	0.0614	0.03738
0.375	0.35281	0.2645
0.15217	0.15498	0.07224
0.07692	0.07692	0.07143
0.36364	0.31082	0.3495
0.02273	0.02273	0.03448
0.03846	0.01862	0.01923
0.05556	0.05556	0.03509
0.2	0.2	0.10526
1.0	0.8999	1.0645
0.25	0.3105	0.14286
0.06897	0.06897	0.10526
0.0	0.0	0.0
0.2619	0.2619	0.26471
0.12821	0.11249	0.1129
0.02778	0.02778	0.0
0.08772	0.0829	0.08019
0.05769	0.05769	0.05263
0.0	0.0	0.0
0.17808	0.12152	0.07854
0.05747	0.05339	0.04483
0.22951	0.22951	0.20588
0.14286	0.1184	0.10215
0.09286	0.0864	0.0582
0.19298	0.18449	0.14286
0.23188	0.21552	0.176
0.31034	0.26584	0.20118
0.0	0.0	0.0
0.05128	0.0579	0.05721
0.16071	0.16071	0.11429
0.10256	0.12241	0.07713
0.15686	0.15686	0.12903
0.06452	0.06452	0.04762
0.0	0.0	0.0
0.24194	0.2539	0.19512
0.02703	0.02703	0.03846
0.13333	0.15556	0.15625
0.03488	0.0332	0.00617
0.0	0.0	0.0
0.09434	0.09434	0.08333
0.05556	0.05556	0.0
0.04651	0.06677	0.0303
0.0	0.0	0.0
0.15385	0.15385	0.11111
0.07895	0.09125	0.07692
0.0	0.0	0.0
0.75	0.76883	0.97317
0.07576	0.09091	0.06657
0.0	0.0	0.0
0.23077	0.22456	0.23032
0.25	0.20162	0.19056
0.12281	0.11686	0.09628
0.1875	0.17944	0.15438
0.16667	0.13227	0.14942
0.34545	0.32551	0.23963
0.0	0.0	0.0
0.0	0.0	0.0
0.38636	0.36509	0.24558
0.06579	0.09379	0.08765
0.09677	0.11861	0.09091
0.13115	0.13749	0.11545
0.01961	0.01961	0.0303
0.07576	0.07576	0.04444
0.09434	0.07608	0.04738
0.08861	0.05472	0.07894
0.23611	0.23185	0.15133
0.08738	0.08268	0.06895
0.27273	0.24339	0.22064
0.1831	0.16946	0.18868
0.0365	0.0365	0.03297
0.0	0.0	0.0
0.22892	0.22892	0.21154
0.0	0.0	0.0
0.11667	0.09767	0.09467
0.76471	0.76471	0.66667
0.6	0.7	0.587
0.03571	0.03571	0.04348
0.08696	0.07994	0.08371
0.0	0.0	0.0
0.05556	0.04661	0.06454
0.2093	0.2053	0.198
0.6875	0.65725	0.61289
0.28283	0.27598	0.18464
0.02778	0.02778	0.0
0.1619	0.16835	0.09533
0.1	0.08858	0.07822
0.06667	0.06667	0.0
0.04651	0.04651	0.03846
0.07692	0.10266	0.09589
0.2549	0.23086	0.24868
0.28846	0.29217	0.21875
0.06548	0.04666	0.03559
0.06316	0.08149	0.04615
0.23404	0.21894	0.10264
0.05882	0.0721	0.06452
0.24324	0.23104	0.2195
0.0303	0.0303	0.02222
0.14286	0.12584	0.10753
0.2265	0.2174	0.18356
0.0479	0.04443	0.02836
0.10345	0.08676	0.05263
0.0	0.0	0.0
0.0	0.0	0.0
0.02941	0.02941	0.02174
0.08	0.05032	0.01843
0.14141	0.11796	0.12428
0.06316	0.06316	0.04918
0.0	0.0	0.0
0.21667	0.2172	0.16756
0.875	0.8145	0.682
0.02941	0.02941	0.02128
0.06977	0.06977	0.064
0.12903	0.16129	0.15
0.12676	0.12948	0.07823
0.0625	0.07218	0.05335
0.16981	0.16981	0.17143
0.08824	0.08491	0.03774
0.05	0.07339	0.05769
0.44444	0.44089	0.1936
0.3	0.28063	0.19814
0.16364	0.14369	0.0879
0.07853	0.07009	0.05342
0.0	0.0	0.0
0.4557	0.44957	0.41315
0.2	0.2	0.1
0.0	0.0	0.0
0.04444	0.04444	0.03448
0.05882	0.04838	0.07477
0.08696	0.10448	0.09091
0.0	0.0	0.0
0.13131	0.10035	0.0813
0.14371	0.14641	0.09957
0.10526	0.10526	0.18182
0.11268	0.10949	0.08204
0.33333	0.33717	0.28315
0.1	0.1	0.10714
0.42857	0.42857	0.46667
0.0	0.0	0.0
0.15957	0.15305	0.13344
0.13636	0.07477	0.07527
0.05263	0.05263	0.03529
0.52	0.5342	0.6
0.1	0.09032	0.08116
0.06897	0.06897	0.1
0.125	0.125	0.08333
0.29032	0.26223	0.27859
0.05263	0.07895	0.05263
0.0289	0.0289	0.02586
0.15789	0.15789	0.07692
0.02878	0.0246	0.02694
0.125	0.11761	0.07259
0.0	0.0	0.0
0.15596	0.14472	0.10586
0.26667	0.2344	0.276
0.02381	0.01651	0.00656
2.0	2.0	2.0
0.06154	0.06154	0.05128
0.66667	0.66667	1.0
0.1	0.1	0.09524
0.8	0.4904	0.66667
0.125	0.13171	0.0774
0.375	0.32156	0.25073
0.17647	0.12524	0.09408
0.39623	0.41751	0.38203
0.0	0.0	0.0
0.07692	0.07692	0.09677
0.375	0.375	0.375
0.04762	0.04762	0.02439
0.48837	0.46286	0.47446
0.14545	0.1302	0.07557
0.03226	0.03226	0.0
0.0	0.0	0.0
0.11842	0.11842	0.08333
0.69767	0.73293	0.68817
0.5	0.46999	0.39722
0.0	0.0	0.0
0.35294	0.29318	0.23059
